65 0.490
66 0.490
67 0.490
68 0.490
69 0.490
70 0.490
71 0.490
72 0.490
73 0.490
74 0.490
75 0.490
76 0.490
77 0.490
78 0.506
79 0.535
80 0.592
81 0.650
82 0.707
83 0.765
84 0.821
85 0.879
86 0.936
87 0.993
88 1.044
89 1.113
90 1.147
91 1.193
92 1.255
93 1.327
94 1.357
95 1.398
96 1.418
97 1.428
98 1.438
99 1.448
100 1.458
101 1.468
102 1.479
103 1.499
104 1.519
105 1.549
106 1.650
107 1.756
108 1.917
109 2.004
110 2.177
111 2.279
112 2.329
113 2.329
114 2.279
115 2.177
116 2.009
117 1.858
118 1.707
119 1.557
120 1.350
121 1.207
122 1.008
123 0.802
124 0.646
125 0.525
126 0.417
127 0.356
128 0.315
129 0.277
130 0.292
131 0.370
132 0.466
133 0.609
134 0.796
135 0.946
136 1.036
137 1.104
138 1.165
139 1.222
140 1.263
141 1.288
142 1.322
143 1.373
144 1.434
145 1.486
146 1.518
147 1.587
148 1.651
149 1.701
150 1.752
151 1.803
152 1.833
153 1.863
154 1.894
155 1.924
156 1.944
157 1.954
158 1.961
159 1.961
160 1.961
161 1.961
162 1.961
163 1.961
164 1.961
165 1.961
166 1.961
167 1.961
168 1.961
169 1.961
170 1.961
171 1.961
172 1.961
