1.071200 378.878509
1.092000 378.360985
1.112800 377.053177
1.133600 375.846670
1.154400 374.603706
1.175200 373.011629
1.196000 371.905349
1.216800 371.191045
1.237600 369.461931
1.258400 368.949687
1.279200 367.587662
1.300000 366.270465
1.320800 364.857685
1.341600 364.160555
1.362400 363.067976
1.383200 361.626851
1.404000 360.041400
1.424800 359.480742
1.445600 358.043725
1.466400 356.724109
1.487200 355.597624
1.508000 353.720281
1.528800 352.268939
1.549600 351.875941
1.570400 350.255553
1.591200 349.649849
1.612000 348.295919
1.632800 346.713253
1.653600 345.835263
1.674400 344.177400
1.695200 342.952784
1.716000 341.654429
1.736800 340.270651
1.757600 339.591498
1.778400 338.069920
1.799200 337.361058
1.820000 335.354710
1.840800 334.306220
1.861600 332.606705
1.882400 332.513185
1.903200 331.149592
1.924000 329.673203
1.944800 328.434403
1.965600 327.496902
1.986400 326.755426
2.007200 325.330182
2.028000 323.713127
2.048800 322.299515
2.069600 321.456510
2.090400 320.767755
2.111200 319.589185
2.132000 318.893017
2.152800 316.839492
2.173600 315.627060
2.194400 314.983259
2.215200 313.518950
2.236000 312.158638
2.256800 311.335496
2.277600 310.018584
2.298400 308.466534
2.319200 307.591918
2.340000 306.305121
2.360800 304.633143
2.381600 303.413771
2.402400 302.655063
2.423200 300.559456
2.444000 300.011275
2.464800 298.448715
2.485600 297.769009
2.506400 296.451244
2.527200 294.782554
2.548000 293.895807
2.568800 292.968634
2.589600 291.351074
2.610400 289.746998
2.631200 288.479681
2.652000 288.223046
2.672800 286.607080
2.693600 284.788584
2.714400 284.389016
2.735200 282.893740
2.756000 282.798199
2.776800 280.581031
2.797600 280.294264
2.818400 278.604287
2.839200 277.510651
2.860000 276.012205
2.880800 274.920478
2.901600 273.852630
2.922400 272.283116
2.943200 271.600293
2.964000 271.258610
2.984800 270.568330
3.005600 269.340908
