1.071200 419.905325
1.092000 420.268039
1.112800 420.163218
1.133600 419.328367
1.154400 418.854951
1.175200 418.789216
1.196000 418.393982
1.216800 417.737990
1.237600 417.415933
1.258400 417.197223
1.279200 417.002484
1.300000 416.620380
1.320800 416.127154
1.341600 415.819843
1.362400 415.740388
1.383200 415.044477
1.404000 414.848749
1.424800 414.507225
1.445600 414.234599
1.466400 413.936562
1.487200 413.608274
1.508000 413.373946
1.528800 412.260615
1.549600 412.734672
1.570400 412.674691
1.591200 411.912410
1.612000 411.575581
1.632800 411.313725
1.653600 410.997959
1.674400 410.296328
1.695200 410.552016
1.716000 409.994688
1.736800 410.050558
1.757600 408.908245
1.778400 409.018276
1.799200 408.403919
1.820000 407.666003
1.840800 407.403383
1.861600 407.438374
1.882400 407.486292
1.903200 406.864291
1.924000 405.793687
1.944800 405.767670
1.965600 405.707255
1.986400 405.260017
2.007200 405.188581
2.028000 404.916425
2.048800 404.883140
2.069600 404.196157
2.090400 403.603621
2.111200 403.758920
2.132000 402.759401
2.152800 402.340299
2.173600 402.299297
2.194400 402.688555
2.215200 400.803245
2.236000 400.778543
2.256800 400.865922
2.277600 400.021396
2.298400 400.580791
2.319200 399.815792
2.340000 399.530543
2.360800 399.113589
2.381600 398.423004
2.402400 398.189281
2.423200 398.427701
2.444000 397.985625
2.464800 397.672091
2.485600 396.998867
2.506400 396.873518
2.527200 396.828662
2.548000 396.223071
2.568800 396.325356
2.589600 395.241736
2.610400 394.906206
2.631200 394.552610
2.652000 394.335054
2.672800 395.020148
2.693600 393.218611
2.714400 392.973430
2.735200 393.533092
2.756000 393.326588
2.776800 392.901708
2.797600 391.401863
2.818400 392.099061
2.839200 391.582766
2.860000 390.977427
2.880800 390.392751
2.901600 390.860449
2.922400 390.963560
2.943200 389.226690
2.964000 390.143117
2.984800 389.018463
3.005600 389.490283
