153 -50
159 -44
165 -49
171 -47
177 -45
183 -45
189 -46
195 -33
201 -51
207 -81
213 98
219 107
225 106
231 107
237 108
243 109
249 110
255 110
261 110
267 111
273 111
279 112
285 112
291 113
297 113
303 114
309 114
315 118
321 115
327 116
333 116
339 117
345 118
351 118
357 119
363 120
369 120
375 121
381 122
387 123
393 124
399 125
405 126
411 127
417 128
423 127
429 131
435 137
441 144
447 146
453 149
459 151
465 152
471 154
477 156
483 158
489 159
495 161
501 163
507 164
513 166
519 167
525 169
531 170
537 171
543 172
549 173
555 174
561 174
567 175
573 177
579 176
585 178
591 178
