153 41
159 39
165 32
171 -3
177 54
183 80
189 94
195 99
201 106
207 109
213 110
219 112
225 113
231 114
237 115
243 116
249 116
255 117
261 118
267 119
273 119
279 120
285 121
291 121
297 122
303 122
309 123
315 124
321 126
327 125
333 126
339 127
345 128
351 129
357 130
363 131
369 132
375 133
381 133
387 136
393 140
399 144
405 147
411 150
417 152
423 154
429 156
435 159
441 161
447 163
453 164
459 166
465 168
471 171
477 172
483 174
489 175
495 177
501 179
507 180
513 182
519 184
525 184
531 188
537 189
543 187
