70.918228  0.000340
72.479788  0.000568
74.584755  0.001053
73.594841  0.000616
76.601702  0.001786
77.918664  0.002699
78.910374  0.004443
79.736761  0.006760
80.678084  0.011129
81.859334  0.016554
81.447417  0.007592
82.692838  0.024586
83.867826  0.040403
85.379445  0.052735
85.706666  0.082231
87.016091  0.115408
88.714917  0.187120
90.532171  0.324399
92.481134  0.497398
94.531751  0.742299
96.582159  1.136045
98.632825  1.685458
100.569420  2.489278
102.734239  3.673282
105.241856  5.119413
107.751031  5.916465
110.261921  5.561904
112.773545  4.787295
115.285803  3.817599
117.456079  2.921391
119.399172  1.974493
120.589236  1.321138
121.687922  0.893661
122.650163  0.570315
124.333257  0.334384
126.033508  0.285659
127.857939  0.333915
128.995722  0.496498
130.359936  0.915113
132.325470  1.757289
134.686195  2.992006
137.194117  4.019958
139.702685  4.997427
142.212060  5.637868
144.722166  5.824443
147.234154  4.797890
149.747629  3.304962
151.804512  2.320987
153.519151  1.614196
155.462148  1.103687
157.519949  0.694005
159.577206  0.465872
161.521101  0.285922
163.436156  0.182192
164.855089  0.118801
166.566505  0.067717
166.436064  0.105111
167.875168  0.042293
168.728767  0.029566
169.713211  0.020326
170.789243  0.013476
171.608785  0.007857
172.786523  0.004823
172.388287  0.011209
172.968164  0.003645
174.455792  0.002193
175.942273  0.001515
177.428088  0.001133
178.446065  0.000728
179.858594  0.000570
180.736287  0.000364
181.555127  0.000113
182.510765  0.000237
183.357084  0.000094
183.721041  0.000146
