71.902562 150.583120
73.330370 152.835128
74.845781 155.056756
76.380255 159.694072
77.298062 157.012615
79.670475 158.921867
82.317051 160.780248
84.483742 162.790908
86.650809 164.561100
88.704501 165.802035
90.757014 167.797281
92.809997 169.491869
94.520274 171.251406
96.458448 173.334309
98.510836 175.409273
100.448767 177.647545
102.386977 179.708049
104.439052 181.983364
106.720020 183.945987
109.230502 185.197713
111.740542 186.732822
114.136434 188.233489
116.417515 190.123345
118.813604 191.498378
121.213003 190.755275
122.929578 188.486607
124.759862 186.532136
127.272104 186.658744
129.437774 189.322754
131.604439 191.349417
134.117368 191.036755
136.518312 189.306180
138.919212 187.603305
141.434097 186.039606
143.948634 184.698302
146.234814 183.327289
148.179501 181.244125
149.780992 179.539120
151.382574 177.776522
153.327561 175.501396
155.386412 173.443078
157.445486 171.241966
159.732773 169.162584
162.070550 167.253882
164.027223 165.620952
166.250131 164.138639
168.423765 161.708964
170.419804 159.982580
171.626953 158.167020
172.996484 158.736790
173.713595 156.594184
175.467225 156.189862
176.152769 155.976856
177.628298 154.489235
179.401803 152.329542
181.180018 149.966686
183.373135 148.866419
183.699150 150.181146
184.888908 148.864242
