0.000100 0.000102 0.000105 0.000000
0.000105 0.000107 0.000110 0.000000
0.000110 0.000112 0.000115 0.000000
0.000115 0.000117 0.000120 0.000000
0.000120 0.000123 0.000126 0.000000
0.000126 0.000129 0.000132 0.000000
0.000132 0.000135 0.000138 0.000000
0.000138 0.000141 0.000145 0.000000
0.000145 0.000148 0.000151 0.000000
0.000151 0.000155 0.000158 0.000000
0.000158 0.000162 0.000166 0.000000
0.000166 0.000170 0.000174 0.000000
0.000174 0.000178 0.000182 0.000000
0.000182 0.000186 0.000191 0.000000
0.000191 0.000195 0.000200 0.000000
0.000200 0.000204 0.000209 0.000000
0.000209 0.000214 0.000219 0.000000
0.000219 0.000224 0.000229 0.000000
0.000229 0.000234 0.000240 0.000000
0.000240 0.000245 0.000251 0.000000
0.000251 0.000257 0.000263 0.000000
0.000263 0.000269 0.000275 0.000000
0.000275 0.000282 0.000288 0.000000
0.000288 0.000295 0.000302 0.000000
0.000302 0.000309 0.000316 0.000000
0.000316 0.000324 0.000331 0.000000
0.000331 0.000339 0.000347 0.000000
0.000347 0.000355 0.000363 0.000000
0.000363 0.000372 0.000380 0.000000
0.000380 0.000389 0.000398 0.000000
0.000398 0.000407 0.000417 0.000000
0.000417 0.000427 0.000437 0.000000
0.000437 0.000447 0.000457 0.000000
0.000457 0.000468 0.000479 0.000000
0.000479 0.000490 0.000501 0.000000
0.000501 0.000513 0.000525 0.000000
0.000525 0.000537 0.000550 0.000000
0.000550 0.000562 0.000575 0.000000
0.000575 0.000589 0.000603 0.000000
0.000603 0.000617 0.000631 0.000000
0.000631 0.000646 0.000661 0.000000
0.000661 0.000676 0.000692 0.000000
0.000692 0.000708 0.000724 0.000000
0.000724 0.000741 0.000759 0.000000
0.000759 0.000776 0.000794 0.000000
0.000794 0.000813 0.000832 0.000000
0.000832 0.000851 0.000871 0.000000
0.000871 0.000891 0.000912 0.000000
0.000912 0.000933 0.000955 0.000000
0.000955 0.000977 0.001000 0.000000
0.001000 0.001023 0.001047 0.000000
0.001047 0.001072 0.001096 0.000000
0.001096 0.001122 0.001148 9051.000000
0.001148 0.001175 0.001202 20524.000000
0.001202 0.001230 0.001259 22404.000000
0.001259 0.001288 0.001318 23887.000000
0.001318 0.001349 0.001380 25741.000000
0.001380 0.001413 0.001445 27052.000000
0.001445 0.001479 0.001514 29262.000000
0.001514 0.001549 0.001585 31195.000000
0.001585 0.001622 0.001660 33184.000000
0.001660 0.001698 0.001738 35389.000000
0.001738 0.001778 0.001820 37962.000000
0.001820 0.001862 0.001905 39588.000000
0.001905 0.001950 0.001995 41801.000000
0.001995 0.002042 0.002089 45235.000000
0.002089 0.002138 0.002188 46058.000000
0.002188 0.002239 0.002291 47370.000000
0.002291 0.002344 0.002399 51478.000000
0.002399 0.002455 0.002512 52858.000000
0.002512 0.002570 0.002630 51885.000000
0.002630 0.002692 0.002754 55011.000000
0.002754 0.002818 0.002884 92868.000000
0.002884 0.002951 0.003020 107244.000000
0.003020 0.003090 0.003162 104537.000000
0.003162 0.003236 0.003311 111486.000000
0.003311 0.003388 0.003467 119837.000000
0.003467 0.003548 0.003631 119422.000000
0.003631 0.003715 0.003802 116781.000000
0.003802 0.003890 0.003981 116484.000000
0.003981 0.004074 0.004169 122492.000000
0.004169 0.004266 0.004365 124572.000000
0.004365 0.004467 0.004571 119638.000000
0.004571 0.004677 0.004786 116349.000000
0.004786 0.004898 0.005012 111771.000000
0.005012 0.005129 0.005248 108838.000000
0.005248 0.005370 0.005495 109853.000000
0.005495 0.005623 0.005754 104664.000000
0.005754 0.005888 0.006026 99974.000000
0.006026 0.006166 0.006310 103531.000000
0.006310 0.006457 0.006607 110246.000000
0.006607 0.006761 0.006918 103151.000000
0.006918 0.007079 0.007244 59099.000000
0.007244 0.007413 0.007586 56682.000000
0.007586 0.007762 0.007943 53248.000000
0.007943 0.008128 0.008318 53537.000000
0.008318 0.008511 0.008710 55236.000000
0.008710 0.008913 0.009120 57290.000000
0.009120 0.009333 0.009550 57367.000000
0.009550 0.009772 0.010000 54692.000000
0.010000 0.010233 0.010471 51753.000000
0.010471 0.010715 0.010965 51136.000000
0.010965 0.011220 0.011482 52397.000000
0.011482 0.011749 0.012023 54239.000000
0.012023 0.012303 0.012589 55210.000000
0.012589 0.012882 0.013183 56237.000000
0.013183 0.013490 0.013804 54313.000000
0.013804 0.014125 0.014454 51097.000000
0.014454 0.014791 0.015136 49842.000000
0.015136 0.015488 0.015849 48836.000000
0.015849 0.016218 0.016596 47851.000000
0.016596 0.016982 0.017378 47243.000000
0.017378 0.017783 0.018197 46877.000000
0.018197 0.018621 0.019055 45605.000000
0.019055 0.019498 0.019953 42973.000000
0.019953 0.020417 0.020893 39979.000000
0.020893 0.021380 0.021878 37273.000000
0.021878 0.022387 0.022909 34489.000000
0.022909 0.023442 0.023988 31621.000000
0.023988 0.024547 0.025119 29422.000000
0.025119 0.025704 0.026303 27185.000000
0.026303 0.026915 0.027542 25768.000000
0.027542 0.028184 0.028840 25084.000000
0.028840 0.029512 0.030200 23687.000000
0.030200 0.030903 0.031623 22353.000000
0.031623 0.032359 0.033113 21183.000000
0.033113 0.033884 0.034674 19800.000000
0.034674 0.035481 0.036308 18606.000000
0.036308 0.037154 0.038019 17723.000000
0.038019 0.038905 0.039811 17115.000000
0.039811 0.040738 0.041687 16100.000000
0.041687 0.042658 0.043652 15527.000000
0.043652 0.044668 0.045709 14797.000000
0.045709 0.046774 0.047863 14217.000000
0.047863 0.048978 0.050119 13942.000000
0.050119 0.051286 0.052481 13321.000000
0.052481 0.053703 0.054954 13137.000000
0.054954 0.056234 0.057544 12618.000000
0.057544 0.058884 0.060256 12265.000000
0.060256 0.061660 0.063096 12041.000000
0.063096 0.064565 0.066069 11631.000000
0.066069 0.067608 0.069183 148177.000000
0.069183 0.070795 0.072444 257913.000000
0.072444 0.074131 0.075858 247983.000000
0.075858 0.077625 0.079433 238064.000000
0.079433 0.081283 0.083176 228921.000000
0.083176 0.085114 0.087096 219335.000000
0.087096 0.089125 0.091201 210758.000000
0.091201 0.093325 0.095499 201664.000000
0.095499 0.097724 0.100000 194284.000000
0.100000 0.102329 0.104713 187097.000000
0.104713 0.107152 0.109648 180428.000000
0.109648 0.112202 0.114815 173671.000000
0.114815 0.117490 0.120226 167279.000000
0.120226 0.123027 0.125893 161814.000000
0.125893 0.128825 0.131826 156034.000000
0.131826 0.134896 0.138038 150010.000000
0.138038 0.141254 0.144544 145422.000000
0.144544 0.147911 0.151356 140514.000000
0.151356 0.154882 0.158489 135357.000000
0.158489 0.162181 0.165959 131246.000000
0.165959 0.169824 0.173780 127188.000000
0.173780 0.177828 0.181970 123746.000000
0.181970 0.186209 0.190546 119155.000000
0.190546 0.194984 0.199526 117424.000000
0.199526 0.204174 0.208930 114907.000000
0.208930 0.213796 0.218776 112942.000000
0.218776 0.223872 0.229087 111462.000000
0.229087 0.234423 0.239883 110965.000000
0.239883 0.245471 0.251189 110911.000000
0.251189 0.257040 0.263027 112141.000000
0.263027 0.269153 0.275423 111464.000000
0.275423 0.281838 0.288403 110569.000000
0.288403 0.295121 0.301995 108126.000000
0.301995 0.309030 0.316228 103243.000000
0.316228 0.323594 0.331131 97712.000000
0.331131 0.338844 0.346737 91229.000000
0.346737 0.354813 0.363078 83788.000000
0.363078 0.371535 0.380189 78382.000000
0.380189 0.389045 0.398107 73166.000000
0.398107 0.407380 0.416869 67938.000000
0.416869 0.426580 0.436516 63994.000000
0.436516 0.446684 0.457088 60816.000000
0.457088 0.467735 0.478630 57657.000000
0.478630 0.489779 0.501187 54539.000000
0.501187 0.512861 0.524807 52219.000000
0.524807 0.537032 0.549541 50364.000000
0.549541 0.562341 0.575440 48395.000000
0.575440 0.588844 0.602560 46706.000000
0.602560 0.616595 0.630957 44966.000000
0.630957 0.645654 0.660693 43154.000000
0.660693 0.676083 0.691831 42401.000000
0.691831 0.707946 0.724436 41069.000000
0.724436 0.741310 0.758578 40166.000000
0.758578 0.776247 0.794328 39653.000000
0.794328 0.812831 0.831764 38916.000000
0.831764 0.851138 0.870964 38224.000000
0.870964 0.891251 0.912011 38198.000000
0.912011 0.933254 0.954993 38688.000000
0.954993 0.977237 1.000000 40053.000000
1.000000 1.023293 1.047129 43415.000000
1.047129 1.071519 1.096478 49709.000000
1.096478 1.122018 1.148154 53161.000000
1.148154 1.174898 1.202264 41931.000000
1.202264 1.230269 1.258925 28280.000000
1.258925 1.288250 1.318257 23634.000000
1.318257 1.348963 1.380384 22131.000000
1.380384 1.412538 1.445440 21077.000000
1.445440 1.479108 1.513561 19658.000000
1.513561 1.548817 1.584893 19508.000000
1.584893 1.621810 1.659587 18966.000000
1.659587 1.698244 1.737801 18405.000000
1.737801 1.778279 1.819701 17911.000000
1.819701 1.862087 1.905461 17625.000000
1.905461 1.949845 1.995262 18396.000000
1.995262 2.041738 2.089296 20157.000000
2.089296 2.137962 2.187762 16377.000000
2.187762 2.238721 2.290868 15724.000000
2.290868 2.344229 2.398833 15280.000000
2.398833 2.454709 2.511886 14798.000000
2.511886 2.570396 2.630268 14268.000000
2.630268 2.691535 2.754229 13683.000000
2.754229 2.818383 2.884032 16422.000000
2.884032 2.951209 3.019952 19088.000000
3.019952 3.090295 3.162278 26118.000000
3.162278 3.235937 3.311311 19588.000000
3.311311 3.388442 3.467369 17694.000000
3.467369 3.548134 3.630781 33315.000000
3.630781 3.715352 3.801894 15337.000000
3.801894 3.890451 3.981072 10454.000000
3.981072 4.073803 4.168694 10503.000000
4.168694 4.265795 4.365158 10399.000000
4.365158 4.466836 4.570882 10206.000000
4.570882 4.677351 4.786301 11521.000000
4.786301 4.897788 5.011872 12453.000000
5.011872 5.128614 5.248075 11056.000000
5.248075 5.370318 5.495409 13567.000000
5.495409 5.623413 5.754399 14014.000000
5.754399 5.888437 6.025596 15697.000000
6.025596 6.165950 6.309573 29096.000000
6.309573 6.456542 6.606934 24135.000000
6.606934 6.760830 6.918310 11701.000000
6.918310 7.079458 7.244360 23108.000000
7.244360 7.413102 7.585776 8781.000000
7.585776 7.762471 7.943282 8062.000000
7.943282 8.128305 8.317638 11853.000000
8.317638 8.511380 8.709636 89222.000000
8.709636 8.912509 9.120108 83633.000000
9.120108 9.332543 9.549926 29643.000000
9.549926 9.772372 10.000000 15137.000000
10.000000 10.232930 10.471285 14524.000000
10.471285 10.715193 10.964782 10701.000000
10.964782 11.220185 11.481536 13184.000000
11.481536 11.748976 12.022644 19240.000000
12.022644 12.302688 12.589254 58274.000000
12.589254 12.882496 13.182567 14228.000000
13.182567 13.489629 13.803843 23659.000000
13.803843 14.125375 14.454398 25929.000000
14.454398 14.791084 15.135612 10896.000000
15.135612 15.488166 15.848932 15512.000000
15.848932 16.218101 16.595869 19527.000000
16.595869 16.982437 17.378008 9514.000000
17.378008 17.782794 18.197009 19649.000000
18.197009 18.620871 19.054607 49661.000000
19.054607 19.498446 19.952623 47600.000000
19.952623 20.417379 20.892961 26831.000000
20.892961 21.379621 21.877616 9783.000000
21.877616 22.387211 22.908677 14674.000000
22.908677 23.442288 23.988329 28418.000000
23.988329 24.547089 25.118864 21965.000000
25.118864 25.703958 26.302680 21491.000000
26.302680 26.915348 27.542287 16827.000000
27.542287 28.183829 28.840315 9652.000000
28.840315 29.512092 30.199517 7659.000000
30.199517 30.902954 31.622777 18015.000000
31.622777 32.359366 33.113112 19249.000000
33.113112 33.884416 34.673685 54005.000000
34.673685 35.481339 36.307805 25302.000000
36.307805 37.153523 38.018940 9185.000000
38.018940 38.904514 39.810717 22562.000000
39.810717 40.738028 41.686938 16846.000000
41.686938 42.657952 43.651583 13206.000000
43.651583 44.668359 45.708819 13681.000000
45.708819 46.773514 47.863009 19705.000000
47.863009 48.977882 50.118723 18259.000000
50.118723 51.286138 52.480746 27882.000000
52.480746 53.703180 54.954087 24698.000000
54.954087 56.234133 57.543994 30018.000000
57.543994 58.884366 60.255959 13187.000000
60.255959 61.659500 63.095734 8366.000000
63.095734 64.565423 66.069345 5026.000000
66.069345 67.608298 69.183097 12909.000000
69.183097 70.794578 72.443596 14997.000000
72.443596 74.131024 75.857758 12807.000000
75.857758 77.624712 79.432823 8991.000000
79.432823 81.283052 83.176377 15480.000000
83.176377 85.113804 87.096359 10728.000000
87.096359 89.125094 91.201084 13164.000000
91.201084 93.325430 95.499259 7791.000000
95.499259 97.723722 100.000000 7472.000000
100.000000 102.329299 104.712855 10808.000000
104.712855 107.151931 109.647820 6191.000000
109.647820 112.201845 114.815362 8744.000000
114.815362 117.489755 120.226443 11757.000000
120.226443 123.026877 125.892541 11857.000000
125.892541 128.824955 131.825674 13995.000000
131.825674 134.896288 138.038426 7502.000000
138.038426 141.253754 144.543977 8530.000000
144.543977 147.910839 151.356125 8101.000000
151.356125 154.881662 158.489319 8258.000000
158.489319 162.181010 165.958691 8986.000000
165.958691 169.824365 173.780083 11405.000000
173.780083 177.827941 181.970086 5907.000000
181.970086 186.208714 190.546072 7698.000000
190.546072 194.984460 199.526231 9354.000000
199.526231 204.173794 208.929613 7349.000000
208.929613 213.796209 218.776162 11282.000000
218.776162 223.872114 229.086765 8496.000000
229.086765 234.422882 239.883292 8563.000000
239.883292 245.470892 251.188643 8257.000000
251.188643 257.039578 263.026799 11484.000000
263.026799 269.153480 275.422870 7066.000000
275.422870 281.838293 288.403150 5926.000000
288.403150 295.120923 301.995172 4772.000000
301.995172 309.029543 316.227766 6962.000000
316.227766 323.593657 331.131121 6410.000000
331.131121 338.844156 346.736850 5276.000000
346.736850 354.813389 363.078055 4595.000000
363.078055 371.535229 380.189396 5193.000000
380.189396 389.045145 398.107171 4350.000000
398.107171 407.380278 416.869383 6902.000000
416.869383 426.579519 436.515832 5102.000000
436.515832 446.683592 457.088190 5892.000000
457.088190 467.735141 478.630092 6510.000000
478.630092 489.778819 501.187234 6536.000000
501.187234 512.861384 524.807460 5362.000000
524.807460 537.031796 549.540874 6120.000000
549.540874 562.341325 575.439937 5839.000000
575.439937 588.843655 602.559586 4181.000000
602.559586 616.595002 630.957344 3977.000000
630.957344 645.654229 660.693448 5435.000000
660.693448 676.082975 691.830971 4507.000000
691.830971 707.945784 724.435960 4421.000000
724.435960 741.310241 758.577575 4640.000000
758.577575 776.247117 794.328235 3146.000000
794.328235 812.830516 831.763771 3697.000000
831.763771 851.138038 870.963590 3728.000000
870.963590 891.250938 912.010839 3018.000000
912.010839 933.254301 954.992586 3014.000000
954.992586 977.237221 1000.000000 3096.000000
1000.000000 1023.292992 1047.128548 3546.000000
1047.128548 1071.519305 1096.478196 4211.000000
1096.478196 1122.018454 1148.153621 3182.000000
1148.153621 1174.897555 1202.264435 3012.000000
1202.264435 1230.268771 1258.925412 3216.000000
1258.925412 1288.249552 1318.256739 3340.000000
1318.256739 1348.962883 1380.384265 2526.000000
1380.384265 1412.537545 1445.439771 2550.000000
1445.439771 1479.108388 1513.561248 2778.000000
1513.561248 1548.816619 1584.893192 2921.000000
1584.893192 1621.810097 1659.586907 2579.000000
1659.586907 1698.243652 1737.800829 2468.000000
1737.800829 1778.279410 1819.700859 2691.000000
1819.700859 1862.087137 1905.460718 2041.000000
1905.460718 1949.844600 1995.262315 2192.000000
1995.262315 2041.737945 2089.296131 2218.000000
2089.296131 2137.962090 2187.761624 2206.000000
2187.761624 2238.721139 2290.867653 2312.000000
2290.867653 2344.228815 2398.832919 1894.000000
2398.832919 2454.708916 2511.886432 2055.000000
2511.886432 2570.395783 2630.267992 1999.000000
2630.267992 2691.534804 2754.228703 2066.000000
2754.228703 2818.382931 2884.031503 1913.000000
2884.031503 2951.209227 3019.951720 1919.000000
3019.951720 3090.295433 3162.277660 1876.000000
3162.277660 3235.936569 3311.311215 1741.000000
3311.311215 3388.441561 3467.368505 1955.000000
3467.368505 3548.133892 3630.780548 1756.000000
3630.780548 3715.352291 3801.893963 1856.000000
3801.893963 3890.451450 3981.071706 1796.000000
3981.071706 4073.802778 4168.693835 1508.000000
4168.693835 4265.795188 4365.158322 1658.000000
4365.158322 4466.835922 4570.881896 1603.000000
4570.881896 4677.351413 4786.300923 1564.000000
4786.300923 4897.788194 5011.872336 1293.000000
5011.872336 5128.613840 5248.074602 1211.000000
5248.074602 5370.317964 5495.408739 1330.000000
5495.408739 5623.413252 5754.399373 1314.000000
5754.399373 5888.436554 6025.595861 1376.000000
6025.595861 6165.950019 6309.573445 1317.000000
6309.573445 6456.542290 6606.934480 1190.000000
6606.934480 6760.829754 6918.309709 1130.000000
6918.309709 7079.457844 7244.359601 1187.000000
7244.359601 7413.102413 7585.775750 1163.000000
7585.775750 7762.471166 7943.282347 1172.000000
7943.282347 8128.305162 8317.637711 1183.000000
8317.637711 8511.380382 8709.635900 1140.000000
8709.635900 8912.509381 9120.108394 1140.000000
9120.108394 9332.543008 9549.925860 1064.000000
9549.925860 9772.372210 10000.000000 938.000000
10000.000000 10232.929923 10471.285481 1012.000000
10471.285481 10715.193052 10964.781961 1042.000000
10964.781961 11220.184543 11481.536215 962.000000
11481.536215 11748.975549 12022.644346 972.000000
12022.644346 12302.687708 12589.254118 955.000000
12589.254118 12882.495517 13182.567386 872.000000
13182.567386 13489.628826 13803.842646 910.000000
13803.842646 14125.375446 14454.397707 938.000000
14454.397707 14791.083882 15135.612484 913.000000
15135.612484 15488.166189 15848.931925 820.000000
15848.931925 16218.100974 16595.869074 901.000000
16595.869074 16982.436525 17378.008287 853.000000
17378.008287 17782.794100 18197.008586 901.000000
18197.008586 18620.871367 19054.607180 906.000000
19054.607180 19498.445998 19952.623150 1085.000000
19952.623150 20417.379447 20892.961309 1536.000000
20892.961309 21379.620895 21877.616239 1532.000000
21877.616239 22387.211386 22908.676528 1051.000000
22908.676528 23442.288153 23988.329190 372.000000
23988.329190 24547.089157 25118.864315 295.000000
25118.864315 25703.957828 26302.679919 479.000000
26302.679919 26915.348039 27542.287033 614.000000
27542.287033 28183.829313 28840.315031 690.000000
28840.315031 29512.092267 30199.517204 714.000000
30199.517204 30902.954325 31622.776602 750.000000
31622.776602 32359.365693 33113.112148 722.000000
33113.112148 33884.415614 34673.685045 824.000000
34673.685045 35481.338923 36307.805477 767.000000
36307.805477 37153.522910 38018.939632 716.000000
38018.939632 38904.514499 39810.717055 856.000000
39810.717055 40738.027780 41686.938347 1015.000000
41686.938347 42657.951880 43651.583224 1254.000000
43651.583224 44668.359215 45708.818961 1348.000000
45708.818961 46773.514129 47863.009232 923.000000
47863.009232 48977.881937 50118.723363 390.000000
50118.723363 51286.138399 52480.746025 378.000000
52480.746025 53703.179637 54954.087386 547.000000
54954.087386 56234.132519 57543.993734 822.000000
57543.993734 58884.365536 60255.958607 832.000000
60255.958607 61659.500186 63095.734448 783.000000
63095.734448 64565.422903 66069.344801 1181.000000
66069.344801 67608.297539 69183.097092 1331.000000
69183.097092 70794.578438 72443.596007 787.000000
72443.596007 74131.024130 75857.757503 541.000000
75857.757503 77624.711663 79432.823472 551.000000
79432.823472 81283.051616 83176.377110 823.000000
83176.377110 85113.803820 87096.358996 970.000000
87096.358996 89125.093813 91201.083936 838.000000
91201.083936 93325.430080 95499.258602 646.000000
95499.258602 97723.722096 100000.000000 732.000000
100000.000000 102329.299228 104712.854805 874.000000
104712.854805 107151.930524 109647.819614 1032.000000
109647.819614 112201.845430 114815.362150 945.000000
114815.362150 117489.755494 120226.443462 829.000000
120226.443462 123026.877081 125892.541179 910.000000
125892.541179 128824.955169 131825.673856 960.000000
131825.673856 134896.288259 138038.426460 1005.000000
138038.426460 141253.754462 144543.977075 996.000000
144543.977075 147910.838817 151356.124844 890.000000
151356.124844 154881.661891 158489.319246 878.000000
158489.319246 162181.009736 165958.690744 904.000000
165958.690744 169824.365246 173780.082875 866.000000
173780.082875 177827.941004 181970.085861 869.000000
181970.085861 186208.713666 190546.071796 953.000000
190546.071796 194984.459976 199526.231497 901.000000
199526.231497 204173.794467 208929.613085 793.000000
208929.613085 213796.208950 218776.162395 800.000000
218776.162395 223872.113857 229086.765277 889.000000
229086.765277 234422.881532 239883.291902 846.000000
239883.291902 245470.891568 251188.643151 780.000000
251188.643151 257039.578277 263026.799190 856.000000
263026.799190 269153.480393 275422.870334 814.000000
275422.870334 281838.293126 288403.150313 790.000000
288403.150313 295120.922667 301995.172040 635.000000
301995.172040 309029.543251 316227.766017 0.000000
316227.766017 323593.656930 331131.121483 0.000000
331131.121483 338844.156139 346736.850453 0.000000
346736.850453 354813.389234 363078.054770 0.000000
363078.054770 371535.229097 380189.396321 0.000000
380189.396321 389045.144994 398107.170553 0.000000
398107.170553 407380.277804 416869.383470 0.000000
416869.383470 426579.518802 436515.832240 0.000000
436515.832240 446683.592151 457088.189615 0.000000
457088.189615 467735.141287 478630.092323 0.000000
478630.092323 489778.819368 501187.233627 0.000000
501187.233627 512861.383991 524807.460250 0.000000
524807.460250 537031.796370 549540.873858 0.000000
549540.873858 562341.325190 575439.937337 0.000000
575439.937337 588843.655356 602559.586074 0.000000
602559.586074 616595.001861 630957.344480 0.000000
630957.344480 645654.229035 660693.448008 0.000000
660693.448008 676082.975392 691830.970919 0.000000
691830.970919 707945.784384 724435.960075 0.000000
724435.960075 741310.241301 758577.575029 0.000000
758577.575029 776247.116629 794328.234724 0.000000
794328.234724 812830.516164 831763.771103 0.000000
831763.771103 851138.038202 870963.589956 0.000000
870963.589956 891250.938134 912010.839356 0.000000
912010.839356 933254.300797 954992.586021 0.000000
