0.000000 1.666667 3.333333 19.000000
3.333333 5.000000 6.666667 5.000000
6.666667 8.333333 10.000000 10.000000
10.000000 11.666667 13.333333 12.000000
13.333333 15.000000 16.666667 7.000000
16.666667 18.333333 20.000000 16.000000
20.000000 21.666667 23.333333 33.000000
23.333333 25.000000 26.666667 68.000000
26.666667 28.333333 30.000000 155.000000
30.000000 31.666667 33.333333 388.000000
33.333333 35.000000 36.666667 514.000000
36.666667 38.333333 40.000000 412.000000
40.000000 41.666667 43.333333 305.000000
43.333333 45.000000 46.666667 162.000000
46.666667 48.333333 50.000000 125.000000
50.000000 51.666667 53.333333 90.000000
53.333333 55.000000 56.666667 108.000000
56.666667 58.333333 60.000000 122.000000
60.000000 61.666667 63.333333 93.000000
63.333333 65.000000 66.666667 268.000000
66.666667 68.333333 70.000000 249.000000
70.000000 71.666667 73.333333 1074.000000
73.333333 75.000000 76.666667 4646.000000
76.666667 78.333333 80.000000 15901.000000
80.000000 81.666667 83.333333 51558.000000
83.333333 85.000000 86.666667 134981.000000
86.666667 88.333333 90.000000 241181.000000
90.000000 91.666667 93.333333 306410.000000
93.333333 95.000000 96.666667 265056.000000
96.666667 98.333333 100.000000 214491.000000
100.000000 101.666667 103.333333 117441.000000
103.333333 105.000000 106.666667 36350.000000
106.666667 108.333333 110.000000 5895.000000
110.000000 111.666667 113.333333 1486.000000
113.333333 115.000000 116.666667 876.000000
116.666667 118.333333 120.000000 1148.000000
120.000000 121.666667 123.333333 1729.000000
123.333333 125.000000 126.666667 6540.000000
126.666667 128.333333 130.000000 31740.000000
130.000000 131.666667 133.333333 118419.000000
133.333333 135.000000 136.666667 230287.000000
136.666667 138.333333 140.000000 264051.000000
140.000000 141.666667 143.333333 290777.000000
143.333333 145.000000 146.666667 234872.000000
146.666667 148.333333 150.000000 143401.000000
150.000000 151.666667 153.333333 59454.000000
153.333333 155.000000 156.666667 20503.000000
156.666667 158.333333 160.000000 5918.000000
160.000000 161.666667 163.333333 1458.000000
163.333333 165.000000 166.666667 269.000000
166.666667 168.333333 170.000000 102.000000
170.000000 171.666667 173.333333 25.000000
173.333333 175.000000 176.666667 30.000000
176.666667 178.333333 180.000000 43.000000
180.000000 181.666667 183.333333 36.000000
183.333333 185.000000 186.666667 32.000000
186.666667 188.333333 190.000000 23.000000
190.000000 191.666667 193.333333 34.000000
193.333333 195.000000 196.666667 30.000000
