-0.400000 -0.399200 -0.398400 376.000000
-0.398400 -0.397600 -0.396800 391.000000
-0.396800 -0.396000 -0.395200 417.000000
-0.395200 -0.394400 -0.393600 423.000000
-0.393600 -0.392800 -0.392000 417.000000
-0.392000 -0.391200 -0.390400 420.000000
-0.390400 -0.389600 -0.388800 419.000000
-0.388800 -0.388000 -0.387200 434.000000
-0.387200 -0.386400 -0.385600 452.000000
-0.385600 -0.384800 -0.384000 427.000000
-0.384000 -0.383200 -0.382400 423.000000
-0.382400 -0.381600 -0.380800 447.000000
-0.380800 -0.380000 -0.379200 449.000000
-0.379200 -0.378400 -0.377600 475.000000
-0.377600 -0.376800 -0.376000 477.000000
-0.376000 -0.375200 -0.374400 470.000000
-0.374400 -0.373600 -0.372800 488.000000
-0.372800 -0.372000 -0.371200 477.000000
-0.371200 -0.370400 -0.369600 517.000000
-0.369600 -0.368800 -0.368000 524.000000
-0.368000 -0.367200 -0.366400 521.000000
-0.366400 -0.365600 -0.364800 538.000000
-0.364800 -0.364000 -0.363200 478.000000
-0.363200 -0.362400 -0.361600 527.000000
-0.361600 -0.360800 -0.360000 522.000000
-0.360000 -0.359200 -0.358400 531.000000
-0.358400 -0.357600 -0.356800 576.000000
-0.356800 -0.356000 -0.355200 581.000000
-0.355200 -0.354400 -0.353600 554.000000
-0.353600 -0.352800 -0.352000 571.000000
-0.352000 -0.351200 -0.350400 569.000000
-0.350400 -0.349600 -0.348800 604.000000
-0.348800 -0.348000 -0.347200 552.000000
-0.347200 -0.346400 -0.345600 571.000000
-0.345600 -0.344800 -0.344000 643.000000
-0.344000 -0.343200 -0.342400 614.000000
-0.342400 -0.341600 -0.340800 634.000000
-0.340800 -0.340000 -0.339200 686.000000
-0.339200 -0.338400 -0.337600 668.000000
-0.337600 -0.336800 -0.336000 681.000000
-0.336000 -0.335200 -0.334400 657.000000
-0.334400 -0.333600 -0.332800 640.000000
-0.332800 -0.332000 -0.331200 666.000000
-0.331200 -0.330400 -0.329600 733.000000
-0.329600 -0.328800 -0.328000 679.000000
-0.328000 -0.327200 -0.326400 709.000000
-0.326400 -0.325600 -0.324800 735.000000
-0.324800 -0.324000 -0.323200 708.000000
-0.323200 -0.322400 -0.321600 808.000000
-0.321600 -0.320800 -0.320000 711.000000
-0.320000 -0.319200 -0.318400 789.000000
-0.318400 -0.317600 -0.316800 754.000000
-0.316800 -0.316000 -0.315200 780.000000
-0.315200 -0.314400 -0.313600 795.000000
-0.313600 -0.312800 -0.312000 810.000000
-0.312000 -0.311200 -0.310400 781.000000
-0.310400 -0.309600 -0.308800 796.000000
-0.308800 -0.308000 -0.307200 865.000000
-0.307200 -0.306400 -0.305600 898.000000
-0.305600 -0.304800 -0.304000 885.000000
-0.304000 -0.303200 -0.302400 932.000000
-0.302400 -0.301600 -0.300800 909.000000
-0.300800 -0.300000 -0.299200 903.000000
-0.299200 -0.298400 -0.297600 978.000000
-0.297600 -0.296800 -0.296000 933.000000
-0.296000 -0.295200 -0.294400 962.000000
-0.294400 -0.293600 -0.292800 1007.000000
-0.292800 -0.292000 -0.291200 989.000000
-0.291200 -0.290400 -0.289600 999.000000
-0.289600 -0.288800 -0.288000 996.000000
-0.288000 -0.287200 -0.286400 1021.000000
-0.286400 -0.285600 -0.284800 1087.000000
-0.284800 -0.284000 -0.283200 1073.000000
-0.283200 -0.282400 -0.281600 1099.000000
-0.281600 -0.280800 -0.280000 1091.000000
-0.280000 -0.279200 -0.278400 1088.000000
-0.278400 -0.277600 -0.276800 1162.000000
-0.276800 -0.276000 -0.275200 1232.000000
-0.275200 -0.274400 -0.273600 1200.000000
-0.273600 -0.272800 -0.272000 1267.000000
-0.272000 -0.271200 -0.270400 1259.000000
-0.270400 -0.269600 -0.268800 1258.000000
-0.268800 -0.268000 -0.267200 1295.000000
-0.267200 -0.266400 -0.265600 1378.000000
-0.265600 -0.264800 -0.264000 1264.000000
-0.264000 -0.263200 -0.262400 1390.000000
-0.262400 -0.261600 -0.260800 1426.000000
-0.260800 -0.260000 -0.259200 1407.000000
-0.259200 -0.258400 -0.257600 1444.000000
-0.257600 -0.256800 -0.256000 1468.000000
-0.256000 -0.255200 -0.254400 1536.000000
-0.254400 -0.253600 -0.252800 1559.000000
-0.252800 -0.252000 -0.251200 1560.000000
-0.251200 -0.250400 -0.249600 1685.000000
-0.249600 -0.248800 -0.248000 1614.000000
-0.248000 -0.247200 -0.246400 1615.000000
-0.246400 -0.245600 -0.244800 1710.000000
-0.244800 -0.244000 -0.243200 1707.000000
-0.243200 -0.242400 -0.241600 1787.000000
-0.241600 -0.240800 -0.240000 1842.000000
-0.240000 -0.239200 -0.238400 1886.000000
-0.238400 -0.237600 -0.236800 1875.000000
-0.236800 -0.236000 -0.235200 1934.000000
-0.235200 -0.234400 -0.233600 2034.000000
-0.233600 -0.232800 -0.232000 2068.000000
-0.232000 -0.231200 -0.230400 2124.000000
-0.230400 -0.229600 -0.228800 2038.000000
-0.228800 -0.228000 -0.227200 2218.000000
-0.227200 -0.226400 -0.225600 2252.000000
-0.225600 -0.224800 -0.224000 2303.000000
-0.224000 -0.223200 -0.222400 2386.000000
-0.222400 -0.221600 -0.220800 2382.000000
-0.220800 -0.220000 -0.219200 2473.000000
-0.219200 -0.218400 -0.217600 2497.000000
-0.217600 -0.216800 -0.216000 2513.000000
-0.216000 -0.215200 -0.214400 2556.000000
-0.214400 -0.213600 -0.212800 2706.000000
-0.212800 -0.212000 -0.211200 2853.000000
-0.211200 -0.210400 -0.209600 2914.000000
-0.209600 -0.208800 -0.208000 2897.000000
-0.208000 -0.207200 -0.206400 3013.000000
-0.206400 -0.205600 -0.204800 3090.000000
-0.204800 -0.204000 -0.203200 3183.000000
-0.203200 -0.202400 -0.201600 3163.000000
-0.201600 -0.200800 -0.200000 3293.000000
-0.200000 -0.199200 -0.198400 3383.000000
-0.198400 -0.197600 -0.196800 3400.000000
-0.196800 -0.196000 -0.195200 3697.000000
-0.195200 -0.194400 -0.193600 3747.000000
-0.193600 -0.192800 -0.192000 3872.000000
-0.192000 -0.191200 -0.190400 3847.000000
-0.190400 -0.189600 -0.188800 4025.000000
-0.188800 -0.188000 -0.187200 4234.000000
-0.187200 -0.186400 -0.185600 4198.000000
-0.185600 -0.184800 -0.184000 4478.000000
-0.184000 -0.183200 -0.182400 4706.000000
-0.182400 -0.181600 -0.180800 4815.000000
-0.180800 -0.180000 -0.179200 4795.000000
-0.179200 -0.178400 -0.177600 5038.000000
-0.177600 -0.176800 -0.176000 5293.000000
-0.176000 -0.175200 -0.174400 5473.000000
-0.174400 -0.173600 -0.172800 5496.000000
-0.172800 -0.172000 -0.171200 5796.000000
-0.171200 -0.170400 -0.169600 5935.000000
-0.169600 -0.168800 -0.168000 6189.000000
-0.168000 -0.167200 -0.166400 6432.000000
-0.166400 -0.165600 -0.164800 6570.000000
-0.164800 -0.164000 -0.163200 6809.000000
-0.163200 -0.162400 -0.161600 7083.000000
-0.161600 -0.160800 -0.160000 7274.000000
-0.160000 -0.159200 -0.158400 7556.000000
-0.158400 -0.157600 -0.156800 7949.000000
-0.156800 -0.156000 -0.155200 8166.000000
-0.155200 -0.154400 -0.153600 8523.000000
-0.153600 -0.152800 -0.152000 8765.000000
-0.152000 -0.151200 -0.150400 9318.000000
-0.150400 -0.149600 -0.148800 9480.000000
-0.148800 -0.148000 -0.147200 9663.000000
-0.147200 -0.146400 -0.145600 10243.000000
-0.145600 -0.144800 -0.144000 10516.000000
-0.144000 -0.143200 -0.142400 11181.000000
-0.142400 -0.141600 -0.140800 11501.000000
-0.140800 -0.140000 -0.139200 12017.000000
-0.139200 -0.138400 -0.137600 12277.000000
-0.137600 -0.136800 -0.136000 12932.000000
-0.136000 -0.135200 -0.134400 13433.000000
-0.134400 -0.133600 -0.132800 13884.000000
-0.132800 -0.132000 -0.131200 14656.000000
-0.131200 -0.130400 -0.129600 15521.000000
-0.129600 -0.128800 -0.128000 15921.000000
-0.128000 -0.127200 -0.126400 16547.000000
-0.126400 -0.125600 -0.124800 17310.000000
-0.124800 -0.124000 -0.123200 18083.000000
-0.123200 -0.122400 -0.121600 18747.000000
-0.121600 -0.120800 -0.120000 19347.000000
-0.120000 -0.119200 -0.118400 20567.000000
-0.118400 -0.117600 -0.116800 21151.000000
-0.116800 -0.116000 -0.115200 22266.000000
-0.115200 -0.114400 -0.113600 23441.000000
-0.113600 -0.112800 -0.112000 24875.000000
-0.112000 -0.111200 -0.110400 25464.000000
-0.110400 -0.109600 -0.108800 26505.000000
-0.108800 -0.108000 -0.107200 27891.000000
-0.107200 -0.106400 -0.105600 29232.000000
-0.105600 -0.104800 -0.104000 30310.000000
-0.104000 -0.103200 -0.102400 32045.000000
-0.102400 -0.101600 -0.100800 33182.000000
-0.100800 -0.100000 -0.099200 34758.000000
-0.099200 -0.098400 -0.097600 36205.000000
-0.097600 -0.096800 -0.096000 38254.000000
-0.096000 -0.095200 -0.094400 40000.000000
-0.094400 -0.093600 -0.092800 41611.000000
-0.092800 -0.092000 -0.091200 42948.000000
-0.091200 -0.090400 -0.089600 45505.000000
-0.089600 -0.088800 -0.088000 47221.000000
-0.088000 -0.087200 -0.086400 49685.000000
-0.086400 -0.085600 -0.084800 51569.000000
-0.084800 -0.084000 -0.083200 54149.000000
-0.083200 -0.082400 -0.081600 56539.000000
-0.081600 -0.080800 -0.080000 58604.000000
-0.080000 -0.079200 -0.078400 61234.000000
-0.078400 -0.077600 -0.076800 63971.000000
-0.076800 -0.076000 -0.075200 66835.000000
-0.075200 -0.074400 -0.073600 68754.000000
-0.073600 -0.072800 -0.072000 72395.000000
-0.072000 -0.071200 -0.070400 74976.000000
-0.070400 -0.069600 -0.068800 77775.000000
-0.068800 -0.068000 -0.067200 80637.000000
-0.067200 -0.066400 -0.065600 83336.000000
-0.065600 -0.064800 -0.064000 86232.000000
-0.064000 -0.063200 -0.062400 89920.000000
-0.062400 -0.061600 -0.060800 92914.000000
-0.060800 -0.060000 -0.059200 96518.000000
-0.059200 -0.058400 -0.057600 99142.000000
-0.057600 -0.056800 -0.056000 101475.000000
-0.056000 -0.055200 -0.054400 105434.000000
-0.054400 -0.053600 -0.052800 108081.000000
-0.052800 -0.052000 -0.051200 112087.000000
-0.051200 -0.050400 -0.049600 115296.000000
-0.049600 -0.048800 -0.048000 118406.000000
-0.048000 -0.047200 -0.046400 121991.000000
-0.046400 -0.045600 -0.044800 124532.000000
-0.044800 -0.044000 -0.043200 127590.000000
-0.043200 -0.042400 -0.041600 131614.000000
-0.041600 -0.040800 -0.040000 134009.000000
-0.040000 -0.039200 -0.038400 136413.000000
-0.038400 -0.037600 -0.036800 139137.000000
-0.036800 -0.036000 -0.035200 141930.000000
-0.035200 -0.034400 -0.033600 144061.000000
-0.033600 -0.032800 -0.032000 146924.000000
-0.032000 -0.031200 -0.030400 149343.000000
-0.030400 -0.029600 -0.028800 151913.000000
-0.028800 -0.028000 -0.027200 155406.000000
-0.027200 -0.026400 -0.025600 156678.000000
-0.025600 -0.024800 -0.024000 158891.000000
-0.024000 -0.023200 -0.022400 160443.000000
-0.022400 -0.021600 -0.020800 161388.000000
-0.020800 -0.020000 -0.019200 162476.000000
-0.019200 -0.018400 -0.017600 164865.000000
-0.017600 -0.016800 -0.016000 166378.000000
-0.016000 -0.015200 -0.014400 166710.000000
-0.014400 -0.013600 -0.012800 166688.000000
-0.012800 -0.012000 -0.011200 168869.000000
-0.011200 -0.010400 -0.009600 168855.000000
-0.009600 -0.008800 -0.008000 169541.000000
-0.008000 -0.007200 -0.006400 169024.000000
-0.006400 -0.005600 -0.004800 168821.000000
-0.004800 -0.004000 -0.003200 168505.000000
-0.003200 -0.002400 -0.001600 168244.000000
-0.001600 -0.000800 0.000000 168181.000000
0.000000 0.000800 0.001600 167887.000000
0.001600 0.002400 0.003200 167168.000000
0.003200 0.004000 0.004800 165856.000000
0.004800 0.005600 0.006400 164955.000000
0.006400 0.007200 0.008000 163699.000000
0.008000 0.008800 0.009600 162083.000000
0.009600 0.010400 0.011200 160229.000000
0.011200 0.012000 0.012800 158079.000000
0.012800 0.013600 0.014400 156456.000000
0.014400 0.015200 0.016000 155074.000000
0.016000 0.016800 0.017600 152118.000000
0.017600 0.018400 0.019200 149896.000000
0.019200 0.020000 0.020800 148280.000000
0.020800 0.021600 0.022400 144770.000000
0.022400 0.023200 0.024000 142296.000000
0.024000 0.024800 0.025600 139127.000000
0.025600 0.026400 0.027200 136709.000000
0.027200 0.028000 0.028800 133998.000000
0.028800 0.029600 0.030400 130676.000000
0.030400 0.031200 0.032000 127753.000000
0.032000 0.032800 0.033600 124556.000000
0.033600 0.034400 0.035200 122020.000000
0.035200 0.036000 0.036800 118422.000000
0.036800 0.037600 0.038400 114961.000000
0.038400 0.039200 0.040000 111703.000000
0.040000 0.040800 0.041600 109012.000000
0.041600 0.042400 0.043200 104955.000000
0.043200 0.044000 0.044800 102118.000000
0.044800 0.045600 0.046400 98276.000000
0.046400 0.047200 0.048000 95110.000000
0.048000 0.048800 0.049600 92660.000000
0.049600 0.050400 0.051200 88644.000000
0.051200 0.052000 0.052800 85439.000000
0.052800 0.053600 0.054400 81993.000000
0.054400 0.055200 0.056000 78558.000000
0.056000 0.056800 0.057600 76117.000000
0.057600 0.058400 0.059200 72837.000000
0.059200 0.060000 0.060800 70045.000000
0.060800 0.061600 0.062400 66962.000000
0.062400 0.063200 0.064000 63886.000000
0.064000 0.064800 0.065600 60861.000000
0.065600 0.066400 0.067200 58207.000000
0.067200 0.068000 0.068800 55335.000000
0.068800 0.069600 0.070400 53032.000000
0.070400 0.071200 0.072000 50654.000000
0.072000 0.072800 0.073600 48285.000000
0.073600 0.074400 0.075200 46292.000000
0.075200 0.076000 0.076800 43758.000000
0.076800 0.077600 0.078400 41609.000000
0.078400 0.079200 0.080000 39332.000000
0.080000 0.080800 0.081600 37052.000000
0.081600 0.082400 0.083200 35282.000000
0.083200 0.084000 0.084800 33577.000000
0.084800 0.085600 0.086400 31501.000000
0.086400 0.087200 0.088000 29914.000000
0.088000 0.088800 0.089600 28178.000000
0.089600 0.090400 0.091200 27025.000000
0.091200 0.092000 0.092800 25176.000000
0.092800 0.093600 0.094400 24097.000000
0.094400 0.095200 0.096000 22706.000000
0.096000 0.096800 0.097600 21413.000000
0.097600 0.098400 0.099200 20106.000000
0.099200 0.100000 0.100800 19020.000000
0.100800 0.101600 0.102400 17764.000000
0.102400 0.103200 0.104000 16928.000000
0.104000 0.104800 0.105600 15957.000000
0.105600 0.106400 0.107200 15067.000000
0.107200 0.108000 0.108800 14314.000000
0.108800 0.109600 0.110400 13272.000000
0.110400 0.111200 0.112000 12566.000000
0.112000 0.112800 0.113600 12178.000000
0.113600 0.114400 0.115200 11527.000000
0.115200 0.116000 0.116800 10776.000000
0.116800 0.117600 0.118400 10147.000000
0.118400 0.119200 0.120000 9565.000000
0.120000 0.120800 0.121600 8928.000000
0.121600 0.122400 0.123200 8608.000000
0.123200 0.124000 0.124800 8079.000000
0.124800 0.125600 0.126400 7855.000000
0.126400 0.127200 0.128000 7156.000000
0.128000 0.128800 0.129600 6860.000000
0.129600 0.130400 0.131200 6658.000000
0.131200 0.132000 0.132800 6112.000000
0.132800 0.133600 0.134400 5846.000000
0.134400 0.135200 0.136000 5461.000000
0.136000 0.136800 0.137600 5320.000000
0.137600 0.138400 0.139200 5063.000000
0.139200 0.140000 0.140800 4837.000000
0.140800 0.141600 0.142400 4645.000000
0.142400 0.143200 0.144000 4532.000000
0.144000 0.144800 0.145600 4184.000000
0.145600 0.146400 0.147200 4048.000000
0.147200 0.148000 0.148800 3813.000000
0.148800 0.149600 0.150400 3657.000000
0.150400 0.151200 0.152000 3511.000000
0.152000 0.152800 0.153600 3323.000000
0.153600 0.154400 0.155200 3212.000000
0.155200 0.156000 0.156800 3056.000000
0.156800 0.157600 0.158400 2916.000000
0.158400 0.159200 0.160000 2812.000000
0.160000 0.160800 0.161600 2748.000000
0.161600 0.162400 0.163200 2583.000000
0.163200 0.164000 0.164800 2523.000000
0.164800 0.165600 0.166400 2366.000000
0.166400 0.167200 0.168000 2384.000000
0.168000 0.168800 0.169600 2205.000000
0.169600 0.170400 0.171200 2176.000000
0.171200 0.172000 0.172800 2071.000000
0.172800 0.173600 0.174400 1938.000000
0.174400 0.175200 0.176000 1965.000000
0.176000 0.176800 0.177600 1838.000000
0.177600 0.178400 0.179200 1842.000000
0.179200 0.180000 0.180800 1781.000000
0.180800 0.181600 0.182400 1755.000000
0.182400 0.183200 0.184000 1657.000000
0.184000 0.184800 0.185600 1594.000000
0.185600 0.186400 0.187200 1592.000000
0.187200 0.188000 0.188800 1589.000000
0.188800 0.189600 0.190400 1496.000000
0.190400 0.191200 0.192000 1497.000000
0.192000 0.192800 0.193600 1414.000000
0.193600 0.194400 0.195200 1347.000000
0.195200 0.196000 0.196800 1281.000000
0.196800 0.197600 0.198400 1344.000000
0.198400 0.199200 0.200000 1275.000000
0.200000 0.200800 0.201600 1170.000000
0.201600 0.202400 0.203200 1183.000000
0.203200 0.204000 0.204800 1170.000000
0.204800 0.205600 0.206400 1171.000000
0.206400 0.207200 0.208000 1095.000000
0.208000 0.208800 0.209600 1090.000000
0.209600 0.210400 0.211200 1108.000000
0.211200 0.212000 0.212800 1053.000000
0.212800 0.213600 0.214400 1055.000000
0.214400 0.215200 0.216000 1018.000000
0.216000 0.216800 0.217600 1049.000000
0.217600 0.218400 0.219200 1041.000000
0.219200 0.220000 0.220800 998.000000
0.220800 0.221600 0.222400 985.000000
0.222400 0.223200 0.224000 866.000000
0.224000 0.224800 0.225600 927.000000
0.225600 0.226400 0.227200 873.000000
0.227200 0.228000 0.228800 876.000000
0.228800 0.229600 0.230400 920.000000
0.230400 0.231200 0.232000 918.000000
0.232000 0.232800 0.233600 895.000000
0.233600 0.234400 0.235200 822.000000
0.235200 0.236000 0.236800 827.000000
0.236800 0.237600 0.238400 831.000000
0.238400 0.239200 0.240000 821.000000
0.240000 0.240800 0.241600 813.000000
0.241600 0.242400 0.243200 849.000000
0.243200 0.244000 0.244800 818.000000
0.244800 0.245600 0.246400 786.000000
0.246400 0.247200 0.248000 790.000000
0.248000 0.248800 0.249600 826.000000
0.249600 0.250400 0.251200 786.000000
0.251200 0.252000 0.252800 784.000000
0.252800 0.253600 0.254400 772.000000
0.254400 0.255200 0.256000 772.000000
0.256000 0.256800 0.257600 723.000000
0.257600 0.258400 0.259200 715.000000
0.259200 0.260000 0.260800 733.000000
0.260800 0.261600 0.262400 730.000000
0.262400 0.263200 0.264000 730.000000
0.264000 0.264800 0.265600 723.000000
0.265600 0.266400 0.267200 718.000000
0.267200 0.268000 0.268800 682.000000
0.268800 0.269600 0.270400 714.000000
0.270400 0.271200 0.272000 696.000000
0.272000 0.272800 0.273600 679.000000
0.273600 0.274400 0.275200 686.000000
0.275200 0.276000 0.276800 662.000000
0.276800 0.277600 0.278400 674.000000
0.278400 0.279200 0.280000 657.000000
0.280000 0.280800 0.281600 671.000000
0.281600 0.282400 0.283200 656.000000
0.283200 0.284000 0.284800 626.000000
0.284800 0.285600 0.286400 696.000000
0.286400 0.287200 0.288000 654.000000
0.288000 0.288800 0.289600 591.000000
0.289600 0.290400 0.291200 593.000000
0.291200 0.292000 0.292800 589.000000
0.292800 0.293600 0.294400 654.000000
0.294400 0.295200 0.296000 624.000000
0.296000 0.296800 0.297600 649.000000
0.297600 0.298400 0.299200 611.000000
0.299200 0.300000 0.300800 672.000000
0.300800 0.301600 0.302400 606.000000
0.302400 0.303200 0.304000 591.000000
0.304000 0.304800 0.305600 578.000000
0.305600 0.306400 0.307200 611.000000
0.307200 0.308000 0.308800 623.000000
0.308800 0.309600 0.310400 581.000000
0.310400 0.311200 0.312000 614.000000
0.312000 0.312800 0.313600 618.000000
0.313600 0.314400 0.315200 587.000000
0.315200 0.316000 0.316800 603.000000
0.316800 0.317600 0.318400 658.000000
0.318400 0.319200 0.320000 578.000000
0.320000 0.320800 0.321600 582.000000
0.321600 0.322400 0.323200 577.000000
0.323200 0.324000 0.324800 611.000000
0.324800 0.325600 0.326400 617.000000
0.326400 0.327200 0.328000 599.000000
0.328000 0.328800 0.329600 548.000000
0.329600 0.330400 0.331200 636.000000
0.331200 0.332000 0.332800 582.000000
0.332800 0.333600 0.334400 558.000000
0.334400 0.335200 0.336000 577.000000
0.336000 0.336800 0.337600 545.000000
0.337600 0.338400 0.339200 566.000000
0.339200 0.340000 0.340800 569.000000
0.340800 0.341600 0.342400 552.000000
0.342400 0.343200 0.344000 591.000000
0.344000 0.344800 0.345600 615.000000
0.345600 0.346400 0.347200 581.000000
0.347200 0.348000 0.348800 596.000000
0.348800 0.349600 0.350400 522.000000
0.350400 0.351200 0.352000 573.000000
0.352000 0.352800 0.353600 547.000000
0.353600 0.354400 0.355200 566.000000
0.355200 0.356000 0.356800 557.000000
0.356800 0.357600 0.358400 514.000000
0.358400 0.359200 0.360000 559.000000
0.360000 0.360800 0.361600 560.000000
0.361600 0.362400 0.363200 562.000000
0.363200 0.364000 0.364800 563.000000
0.364800 0.365600 0.366400 553.000000
0.366400 0.367200 0.368000 531.000000
0.368000 0.368800 0.369600 565.000000
0.369600 0.370400 0.371200 566.000000
0.371200 0.372000 0.372800 585.000000
0.372800 0.373600 0.374400 504.000000
0.374400 0.375200 0.376000 533.000000
0.376000 0.376800 0.377600 515.000000
0.377600 0.378400 0.379200 555.000000
0.379200 0.380000 0.380800 572.000000
0.380800 0.381600 0.382400 537.000000
0.382400 0.383200 0.384000 520.000000
0.384000 0.384800 0.385600 488.000000
0.385600 0.386400 0.387200 545.000000
0.387200 0.388000 0.388800 504.000000
0.388800 0.389600 0.390400 538.000000
0.390400 0.391200 0.392000 524.000000
0.392000 0.392800 0.393600 515.000000
0.393600 0.394400 0.395200 579.000000
0.395200 0.396000 0.396800 544.000000
0.396800 0.397600 0.398400 515.000000
