0.000100 0.000101 0.000102 0.000000
0.000102 0.000104 0.000105 0.000000
0.000105 0.000106 0.000107 0.000000
0.000107 0.000108 0.000110 0.000000
0.000110 0.000111 0.000112 0.000000
0.000112 0.000114 0.000115 0.000000
0.000115 0.000116 0.000117 0.000000
0.000117 0.000119 0.000120 0.000000
0.000120 0.000122 0.000123 0.000000
0.000123 0.000124 0.000126 0.000000
0.000126 0.000127 0.000129 0.000000
0.000129 0.000130 0.000132 0.000000
0.000132 0.000133 0.000135 0.000000
0.000135 0.000136 0.000138 0.000000
0.000138 0.000140 0.000141 0.000000
0.000141 0.000143 0.000145 0.000000
0.000145 0.000146 0.000148 0.000000
0.000148 0.000150 0.000151 0.000000
0.000151 0.000153 0.000155 0.000000
0.000155 0.000157 0.000158 0.000000
0.000158 0.000160 0.000162 0.000000
0.000162 0.000164 0.000166 0.000000
0.000166 0.000168 0.000170 0.000000
0.000170 0.000172 0.000174 0.000000
0.000174 0.000176 0.000178 0.000000
0.000178 0.000180 0.000182 0.000000
0.000182 0.000184 0.000186 0.000000
0.000186 0.000188 0.000191 0.000000
0.000191 0.000193 0.000195 0.000000
0.000195 0.000197 0.000200 0.000000
0.000200 0.000202 0.000204 0.000000
0.000204 0.000207 0.000209 0.000000
0.000209 0.000211 0.000214 0.000000
0.000214 0.000216 0.000219 0.000000
0.000219 0.000221 0.000224 0.000000
0.000224 0.000226 0.000229 0.000000
0.000229 0.000232 0.000234 0.000000
0.000234 0.000237 0.000240 0.000000
0.000240 0.000243 0.000245 0.000000
0.000245 0.000248 0.000251 0.000000
0.000251 0.000254 0.000257 0.000000
0.000257 0.000260 0.000263 0.000000
0.000263 0.000266 0.000269 0.000000
0.000269 0.000272 0.000275 0.000000
0.000275 0.000279 0.000282 0.000000
0.000282 0.000285 0.000288 0.000000
0.000288 0.000292 0.000295 0.000000
0.000295 0.000299 0.000302 0.000000
0.000302 0.000305 0.000309 0.000000
0.000309 0.000313 0.000316 0.000000
0.000316 0.000320 0.000324 0.000000
0.000324 0.000327 0.000331 0.000000
0.000331 0.000335 0.000339 0.000000
0.000339 0.000343 0.000347 0.000000
0.000347 0.000351 0.000355 0.000000
0.000355 0.000359 0.000363 0.000000
0.000363 0.000367 0.000372 0.000000
0.000372 0.000376 0.000380 0.000000
0.000380 0.000385 0.000389 0.000000
0.000389 0.000394 0.000398 0.000000
0.000398 0.000403 0.000407 0.000000
0.000407 0.000412 0.000417 0.000000
0.000417 0.000422 0.000427 0.000000
0.000427 0.000432 0.000437 0.000000
0.000437 0.000442 0.000447 0.000000
0.000447 0.000452 0.000457 0.000000
0.000457 0.000462 0.000468 0.000000
0.000468 0.000473 0.000479 0.000000
0.000479 0.000484 0.000490 0.000000
0.000490 0.000495 0.000501 0.000000
0.000501 0.000507 0.000513 0.000000
0.000513 0.000519 0.000525 0.000000
0.000525 0.000531 0.000537 0.000000
0.000537 0.000543 0.000550 0.000000
0.000550 0.000556 0.000562 0.000000
0.000562 0.000569 0.000575 0.000000
0.000575 0.000582 0.000589 0.000000
0.000589 0.000596 0.000603 0.000000
0.000603 0.000610 0.000617 0.000000
0.000617 0.000624 0.000631 0.000000
0.000631 0.000638 0.000646 0.000000
0.000646 0.000653 0.000661 0.000000
0.000661 0.000668 0.000676 0.000000
0.000676 0.000684 0.000692 0.000000
0.000692 0.000700 0.000708 0.000000
0.000708 0.000716 0.000724 0.000000
0.000724 0.000733 0.000741 0.000000
0.000741 0.000750 0.000759 0.000000
0.000759 0.000767 0.000776 0.000000
0.000776 0.000785 0.000794 0.000000
0.000794 0.000804 0.000813 0.000000
0.000813 0.000822 0.000832 0.000000
0.000832 0.000841 0.000851 0.000000
0.000851 0.000861 0.000871 0.000000
0.000871 0.000881 0.000891 0.000000
0.000891 0.000902 0.000912 0.000000
0.000912 0.000923 0.000933 0.000000
0.000933 0.000944 0.000955 0.000000
0.000955 0.000966 0.000977 0.000000
0.000977 0.000989 0.001000 0.000000
0.001000 0.001012 0.001023 0.000000
0.001023 0.001035 0.001047 0.000000
0.001047 0.001059 0.001072 0.000000
0.001072 0.001084 0.001096 0.000000
0.001096 0.001109 0.001122 0.000000
0.001122 0.001135 0.001148 9051.000000
0.001148 0.001161 0.001175 9980.000000
0.001175 0.001189 0.001202 10544.000000
0.001202 0.001216 0.001230 11128.000000
0.001230 0.001245 0.001259 11276.000000
0.001259 0.001274 0.001288 11709.000000
0.001288 0.001303 0.001318 12178.000000
0.001318 0.001334 0.001349 12474.000000
0.001349 0.001365 0.001380 13267.000000
0.001380 0.001396 0.001413 13436.000000
0.001413 0.001429 0.001445 13616.000000
0.001445 0.001462 0.001479 14417.000000
0.001479 0.001496 0.001514 14845.000000
0.001514 0.001531 0.001549 15381.000000
0.001549 0.001567 0.001585 15814.000000
0.001585 0.001603 0.001622 16386.000000
0.001622 0.001641 0.001660 16798.000000
0.001660 0.001679 0.001698 17421.000000
0.001698 0.001718 0.001738 17968.000000
0.001738 0.001758 0.001778 18575.000000
0.001778 0.001799 0.001820 19387.000000
0.001820 0.001841 0.001862 19621.000000
0.001862 0.001884 0.001905 19967.000000
0.001905 0.001928 0.001950 20411.000000
0.001950 0.001972 0.001995 21390.000000
0.001995 0.002018 0.002042 22271.000000
0.002042 0.002065 0.002089 22964.000000
0.002089 0.002113 0.002138 22913.000000
0.002138 0.002163 0.002188 23145.000000
0.002188 0.002213 0.002239 23502.000000
0.002239 0.002265 0.002291 23868.000000
0.002291 0.002317 0.002344 25481.000000
0.002344 0.002371 0.002399 25997.000000
0.002399 0.002427 0.002455 26514.000000
0.002455 0.002483 0.002512 26344.000000
0.002512 0.002541 0.002570 25943.000000
0.002570 0.002600 0.002630 25942.000000
0.002630 0.002661 0.002692 26704.000000
0.002692 0.002723 0.002754 28307.000000
0.002754 0.002786 0.002818 38438.000000
0.002818 0.002851 0.002884 54430.000000
0.002884 0.002917 0.002951 54459.000000
0.002951 0.002985 0.003020 52785.000000
0.003020 0.003055 0.003090 52307.000000
0.003090 0.003126 0.003162 52230.000000
0.003162 0.003199 0.003236 54385.000000
0.003236 0.003273 0.003311 57101.000000
0.003311 0.003350 0.003388 59288.000000
0.003388 0.003428 0.003467 60549.000000
0.003467 0.003508 0.003548 60150.000000
0.003548 0.003589 0.003631 59272.000000
0.003631 0.003673 0.003715 58287.000000
0.003715 0.003758 0.003802 58494.000000
0.003802 0.003846 0.003890 57733.000000
0.003890 0.003936 0.003981 58751.000000
0.003981 0.004027 0.004074 60638.000000
0.004074 0.004121 0.004169 61854.000000
0.004169 0.004217 0.004266 62745.000000
0.004266 0.004315 0.004365 61827.000000
0.004365 0.004416 0.004467 60338.000000
0.004467 0.004519 0.004571 59300.000000
0.004571 0.004624 0.004677 58195.000000
0.004677 0.004732 0.004786 58154.000000
0.004786 0.004842 0.004898 56897.000000
0.004898 0.004955 0.005012 54874.000000
0.005012 0.005070 0.005129 54071.000000
0.005129 0.005188 0.005248 54767.000000
0.005248 0.005309 0.005370 54893.000000
0.005370 0.005433 0.005495 54960.000000
0.005495 0.005559 0.005623 52809.000000
0.005623 0.005689 0.005754 51855.000000
0.005754 0.005821 0.005888 50208.000000
0.005888 0.005957 0.006026 49766.000000
0.006026 0.006095 0.006166 50834.000000
0.006166 0.006237 0.006310 52697.000000
0.006310 0.006383 0.006457 53994.000000
0.006457 0.006531 0.006607 56252.000000
0.006607 0.006683 0.006761 58297.000000
0.006761 0.006839 0.006918 44854.000000
0.006918 0.006998 0.007079 29493.000000
0.007079 0.007161 0.007244 29606.000000
0.007244 0.007328 0.007413 28716.000000
0.007413 0.007499 0.007586 27966.000000
0.007586 0.007674 0.007762 26766.000000
0.007762 0.007852 0.007943 26482.000000
0.007943 0.008035 0.008128 26733.000000
0.008128 0.008222 0.008318 26804.000000
0.008318 0.008414 0.008511 27339.000000
0.008511 0.008610 0.008710 27897.000000
0.008710 0.008810 0.008913 28686.000000
0.008913 0.009016 0.009120 28604.000000
0.009120 0.009226 0.009333 28693.000000
0.009333 0.009441 0.009550 28674.000000
0.009550 0.009661 0.009772 27885.000000
0.009772 0.009886 0.010000 26807.000000
0.010000 0.010116 0.010233 26065.000000
0.010233 0.010351 0.010471 25688.000000
0.010471 0.010593 0.010715 25412.000000
0.010715 0.010839 0.010965 25724.000000
0.010965 0.011092 0.011220 25657.000000
0.011220 0.011350 0.011482 26740.000000
0.011482 0.011614 0.011749 26712.000000
0.011749 0.011885 0.012023 27527.000000
0.012023 0.012162 0.012303 27461.000000
0.012303 0.012445 0.012589 27749.000000
0.012589 0.012735 0.012882 28139.000000
0.012882 0.013032 0.013183 28098.000000
0.013183 0.013335 0.013490 27563.000000
0.013490 0.013646 0.013804 26750.000000
0.013804 0.013964 0.014125 25762.000000
0.014125 0.014289 0.014454 25335.000000
0.014454 0.014622 0.014791 25093.000000
0.014791 0.014962 0.015136 24749.000000
0.015136 0.015311 0.015488 24585.000000
0.015488 0.015668 0.015849 24251.000000
0.015849 0.016032 0.016218 23898.000000
0.016218 0.016406 0.016596 23953.000000
0.016596 0.016788 0.016982 23844.000000
0.016982 0.017179 0.017378 23399.000000
0.017378 0.017579 0.017783 23615.000000
0.017783 0.017989 0.018197 23262.000000
0.018197 0.018408 0.018621 23102.000000
0.018621 0.018836 0.019055 22503.000000
0.019055 0.019275 0.019498 21863.000000
0.019498 0.019724 0.019953 21110.000000
0.019953 0.020184 0.020417 20299.000000
0.020417 0.020654 0.020893 19680.000000
0.020893 0.021135 0.021380 19036.000000
0.021380 0.021627 0.021878 18237.000000
0.021878 0.022131 0.022387 17675.000000
0.022387 0.022646 0.022909 16814.000000
0.022909 0.023174 0.023442 16165.000000
0.023442 0.023714 0.023988 15456.000000
0.023988 0.024266 0.024547 15050.000000
0.024547 0.024831 0.025119 14372.000000
0.025119 0.025410 0.025704 13737.000000
0.025704 0.026002 0.026303 13448.000000
0.026303 0.026607 0.026915 13014.000000
0.026915 0.027227 0.027542 12754.000000
0.027542 0.027861 0.028184 12619.000000
0.028184 0.028510 0.028840 12465.000000
0.028840 0.029174 0.029512 12015.000000
0.029512 0.029854 0.030200 11672.000000
0.030200 0.030549 0.030903 11193.000000
0.030903 0.031261 0.031623 11160.000000
0.031623 0.031989 0.032359 10806.000000
0.032359 0.032734 0.033113 10377.000000
0.033113 0.033497 0.033884 10078.000000
0.033884 0.034277 0.034674 9722.000000
0.034674 0.035075 0.035481 9438.000000
0.035481 0.035892 0.036308 9168.000000
0.036308 0.036728 0.037154 8925.000000
0.037154 0.037584 0.038019 8798.000000
0.038019 0.038459 0.038905 8755.000000
0.038905 0.039355 0.039811 8360.000000
0.039811 0.040272 0.040738 8151.000000
0.040738 0.041210 0.041687 7949.000000
0.041687 0.042170 0.042658 7817.000000
0.042658 0.043152 0.043652 7710.000000
0.043652 0.044157 0.044668 7496.000000
0.044668 0.045186 0.045709 7301.000000
0.045709 0.046238 0.046774 7090.000000
0.046774 0.047315 0.047863 7127.000000
0.047863 0.048417 0.048978 6984.000000
0.048978 0.049545 0.050119 6958.000000
0.050119 0.050699 0.051286 6765.000000
0.051286 0.051880 0.052481 6556.000000
0.052481 0.053088 0.053703 6671.000000
0.053703 0.054325 0.054954 6466.000000
0.054954 0.055590 0.056234 6359.000000
0.056234 0.056885 0.057544 6259.000000
0.057544 0.058210 0.058884 6197.000000
0.058884 0.059566 0.060256 6068.000000
0.060256 0.060954 0.061660 6026.000000
0.061660 0.062373 0.063096 6015.000000
0.063096 0.063826 0.064565 5815.000000
0.064565 0.065313 0.066069 5816.000000
0.066069 0.066834 0.067608 15358.000000
0.067608 0.068391 0.069183 132819.000000
0.069183 0.069984 0.070795 130349.000000
0.070795 0.071614 0.072444 127564.000000
0.072444 0.073282 0.074131 125357.000000
0.074131 0.074989 0.075858 122626.000000
0.075858 0.076736 0.077625 120221.000000
0.077625 0.078524 0.079433 117843.000000
0.079433 0.080353 0.081283 115335.000000
0.081283 0.082224 0.083176 113586.000000
0.083176 0.084140 0.085114 110909.000000
0.085114 0.086099 0.087096 108426.000000
0.087096 0.088105 0.089125 106579.000000
0.089125 0.090157 0.091201 104179.000000
0.091201 0.092257 0.093325 102050.000000
0.093325 0.094406 0.095499 99614.000000
0.095499 0.096605 0.097724 97768.000000
0.097724 0.098855 0.100000 96516.000000
0.100000 0.101158 0.102329 94669.000000
0.102329 0.103514 0.104713 92428.000000
0.104713 0.105925 0.107152 91221.000000
0.107152 0.108393 0.109648 89207.000000
0.109648 0.110917 0.112202 87872.000000
0.112202 0.113501 0.114815 85799.000000
0.114815 0.116145 0.117490 84584.000000
0.117490 0.118850 0.120226 82695.000000
0.120226 0.121619 0.123027 81551.000000
0.123027 0.124451 0.125893 80263.000000
0.125893 0.127350 0.128825 78491.000000
0.128825 0.130317 0.131826 77543.000000
0.131826 0.133352 0.134896 75636.000000
0.134896 0.136458 0.138038 74374.000000
0.138038 0.139637 0.141254 73546.000000
0.141254 0.142889 0.144544 71876.000000
0.144544 0.146218 0.147911 70909.000000
0.147911 0.149624 0.151356 69605.000000
0.151356 0.153109 0.154882 68149.000000
0.154882 0.156675 0.158489 67208.000000
0.158489 0.160325 0.162181 65829.000000
0.162181 0.164059 0.165959 65417.000000
0.165959 0.167880 0.169824 63861.000000
0.169824 0.171791 0.173780 63327.000000
0.173780 0.175792 0.177828 62046.000000
0.177828 0.179887 0.181970 61700.000000
0.181970 0.184077 0.186209 59635.000000
0.186209 0.188365 0.190546 59520.000000
0.190546 0.192752 0.194984 58880.000000
0.194984 0.197242 0.199526 58544.000000
0.199526 0.201837 0.204174 57965.000000
0.204174 0.206538 0.208930 56942.000000
0.208930 0.211349 0.213796 56725.000000
0.213796 0.216272 0.218776 56217.000000
0.218776 0.221309 0.223872 55756.000000
0.223872 0.226464 0.229087 55706.000000
0.229087 0.231739 0.234423 55445.000000
0.234423 0.237137 0.239883 55520.000000
0.239883 0.242661 0.245471 55091.000000
0.245471 0.248313 0.251189 55820.000000
0.251189 0.254097 0.257040 56097.000000
0.257040 0.260016 0.263027 56044.000000
0.263027 0.266073 0.269153 55843.000000
0.269153 0.272270 0.275423 55621.000000
0.275423 0.278612 0.281838 55945.000000
0.281838 0.285102 0.288403 54624.000000
0.288403 0.291743 0.295121 54572.000000
0.295121 0.298538 0.301995 53554.000000
0.301995 0.305492 0.309030 52136.000000
0.309030 0.312608 0.316228 51107.000000
0.316228 0.319890 0.323594 49751.000000
0.323594 0.327341 0.331131 47961.000000
0.331131 0.334965 0.338844 46503.000000
0.338844 0.342768 0.346737 44726.000000
0.346737 0.350752 0.354813 42517.000000
0.354813 0.358922 0.363078 41271.000000
0.363078 0.367282 0.371535 39764.000000
0.371535 0.375837 0.380189 38618.000000
0.380189 0.384592 0.389045 37244.000000
0.389045 0.393550 0.398107 35922.000000
0.398107 0.402717 0.407380 34571.000000
0.407380 0.412098 0.416869 33367.000000
0.416869 0.421697 0.426580 32622.000000
0.426580 0.431519 0.436516 31372.000000
0.436516 0.441570 0.446684 30835.000000
0.446684 0.451856 0.457088 29981.000000
0.457088 0.462381 0.467735 29257.000000
0.467735 0.473151 0.478630 28400.000000
0.478630 0.484172 0.489779 27649.000000
0.489779 0.495450 0.501187 26890.000000
0.501187 0.506991 0.512861 26304.000000
0.512861 0.518800 0.524807 25915.000000
0.524807 0.530884 0.537032 25427.000000
0.537032 0.543250 0.549541 24937.000000
0.549541 0.555904 0.562341 24439.000000
0.562341 0.568853 0.575440 23956.000000
0.575440 0.582103 0.588844 23561.000000
0.588844 0.595662 0.602560 23145.000000
0.602560 0.609537 0.616595 22470.000000
0.616595 0.623735 0.630957 22496.000000
0.630957 0.638263 0.645654 21809.000000
0.645654 0.653131 0.660693 21345.000000
0.660693 0.668344 0.676083 21418.000000
0.676083 0.683912 0.691831 20983.000000
0.691831 0.699842 0.707946 20584.000000
0.707946 0.716143 0.724436 20485.000000
0.724436 0.732825 0.741310 20182.000000
0.741310 0.749894 0.758578 19984.000000
0.758578 0.767361 0.776247 19973.000000
0.776247 0.785236 0.794328 19680.000000
0.794328 0.803526 0.812831 19480.000000
0.812831 0.822243 0.831764 19436.000000
0.831764 0.841395 0.851138 19291.000000
0.851138 0.860994 0.870964 18933.000000
0.870964 0.881049 0.891251 19032.000000
0.891251 0.901571 0.912011 19166.000000
0.912011 0.922571 0.933254 19192.000000
0.933254 0.944061 0.954993 19496.000000
0.954993 0.966051 0.977237 19868.000000
0.977237 0.988553 1.000000 20185.000000
1.000000 1.011579 1.023293 21355.000000
1.023293 1.035142 1.047129 22060.000000
1.047129 1.059254 1.071519 23867.000000
1.071519 1.083927 1.096478 25842.000000
1.096478 1.109175 1.122018 26757.000000
1.122018 1.135011 1.148154 26404.000000
1.148154 1.161449 1.174898 23078.000000
1.174898 1.188502 1.202264 18853.000000
1.202264 1.216186 1.230269 15321.000000
1.230269 1.244515 1.258925 12959.000000
1.258925 1.273503 1.288250 11993.000000
1.288250 1.303167 1.318257 11641.000000
1.318257 1.333521 1.348963 11155.000000
1.348963 1.364583 1.380384 10976.000000
1.380384 1.396368 1.412538 10655.000000
1.412538 1.428894 1.445440 10422.000000
1.445440 1.462177 1.479108 9974.000000
1.479108 1.496236 1.513561 9684.000000
1.513561 1.531087 1.548817 9885.000000
1.548817 1.566751 1.584893 9623.000000
1.584893 1.603245 1.621810 9484.000000
1.621810 1.640590 1.659587 9482.000000
1.659587 1.678804 1.698244 9315.000000
1.698244 1.717908 1.737801 9090.000000
1.737801 1.757924 1.778279 8949.000000
1.778279 1.798871 1.819701 8962.000000
1.819701 1.840772 1.862087 8864.000000
1.862087 1.883649 1.905461 8761.000000
1.905461 1.927525 1.949845 8871.000000
1.949845 1.972423 1.995262 9525.000000
1.995262 2.018366 2.041738 10681.000000
2.041738 2.065380 2.089296 9476.000000
2.089296 2.113489 2.137962 8391.000000
2.137962 2.162719 2.187762 7986.000000
2.187762 2.213095 2.238721 7915.000000
2.238721 2.264644 2.290868 7809.000000
2.290868 2.317395 2.344229 7601.000000
2.344229 2.371374 2.398833 7679.000000
2.398833 2.426610 2.454709 7411.000000
2.454709 2.483133 2.511886 7387.000000
2.511886 2.540973 2.570396 7253.000000
2.570396 2.600160 2.630268 7015.000000
2.630268 2.660725 2.691535 6730.000000
2.691535 2.722701 2.754229 6953.000000
2.754229 2.786121 2.818383 7945.000000
2.818383 2.851018 2.884032 8477.000000
2.884032 2.917427 2.951209 9069.000000
2.951209 2.985383 3.019952 10019.000000
3.019952 3.054921 3.090295 12272.000000
3.090295 3.126079 3.162278 13846.000000
3.162278 3.198895 3.235937 10965.000000
3.235937 3.273407 3.311311 8623.000000
3.311311 3.349654 3.388442 8173.000000
3.388442 3.427678 3.467369 9521.000000
3.467369 3.507519 3.548134 14233.000000
3.548134 3.589219 3.630781 19082.000000
3.630781 3.672823 3.715352 9628.000000
3.715352 3.758374 3.801894 5709.000000
3.801894 3.845918 3.890451 5239.000000
3.890451 3.935501 3.981072 5215.000000
3.981072 4.027170 4.073803 5241.000000
4.073803 4.120975 4.168694 5262.000000
4.168694 4.216965 4.265795 5155.000000
4.265795 4.315191 4.365158 5244.000000
4.365158 4.415704 4.466836 5015.000000
4.466836 4.518559 4.570882 5191.000000
4.570882 4.623810 4.677351 5288.000000
4.677351 4.731513 4.786301 6233.000000
4.786301 4.841724 4.897788 7153.000000
4.897788 4.954502 5.011872 5300.000000
5.011872 5.069907 5.128614 5283.000000
5.128614 5.188000 5.248075 5773.000000
5.248075 5.308844 5.370318 6548.000000
5.370318 5.432503 5.495409 7019.000000
5.495409 5.559043 5.623413 7065.000000
5.623413 5.688529 5.754399 6949.000000
5.754399 5.821032 5.888437 7173.000000
5.888437 5.956621 6.025596 8524.000000
6.025596 6.095369 6.165950 12152.000000
6.165950 6.237348 6.309573 16944.000000
6.309573 6.382635 6.456542 18542.000000
6.456542 6.531306 6.606934 5593.000000
6.606934 6.683439 6.760830 4937.000000
6.760830 6.839116 6.918310 6764.000000
6.918310 6.998420 7.079458 15851.000000
7.079458 7.161434 7.244360 7257.000000
7.244360 7.328245 7.413102 4509.000000
7.413102 7.498942 7.585776 4272.000000
7.585776 7.673615 7.762471 3978.000000
7.762471 7.852356 7.943282 4084.000000
7.943282 8.035261 8.128305 4925.000000
8.128305 8.222426 8.317638 6928.000000
8.317638 8.413951 8.511380 16848.000000
8.511380 8.609938 8.709636 72374.000000
8.709636 8.810489 8.912509 63753.000000
8.912509 9.015711 9.120108 19880.000000
9.120108 9.225714 9.332543 19646.000000
9.332543 9.440609 9.549926 9997.000000
9.549926 9.660509 9.772372 8364.000000
9.772372 9.885531 10.000000 6773.000000
10.000000 10.115795 10.232930 8762.000000
10.232930 10.351422 10.471285 5762.000000
10.471285 10.592537 10.715193 5364.000000
10.715193 10.839269 10.964782 5337.000000
10.964782 11.091748 11.220185 5476.000000
11.220185 11.350108 11.481536 7708.000000
11.481536 11.614486 11.748976 10685.000000
11.748976 11.885022 12.022644 8555.000000
12.022644 12.161860 12.302688 38511.000000
12.302688 12.445146 12.589254 19763.000000
12.589254 12.735031 12.882496 7461.000000
12.882496 13.031668 13.182567 6767.000000
13.182567 13.335214 13.489629 8444.000000
13.489629 13.645831 13.803843 15215.000000
13.803843 13.963684 14.125375 16069.000000
14.125375 14.288940 14.454398 9860.000000
14.454398 14.621772 14.791084 4861.000000
14.791084 14.962357 15.135612 6035.000000
15.135612 15.310875 15.488166 9505.000000
15.488166 15.667511 15.848932 6007.000000
15.848932 16.032454 16.218101 8573.000000
16.218101 16.405898 16.595869 10954.000000
16.595869 16.788040 16.982437 5665.000000
16.982437 17.179084 17.378008 3849.000000
17.378008 17.579236 17.782794 7964.000000
17.782794 17.988709 18.197009 11685.000000
18.197009 18.407720 18.620871 8472.000000
18.620871 18.836491 19.054607 41189.000000
19.054607 19.275249 19.498446 41084.000000
19.498446 19.724227 19.952623 6516.000000
19.952623 20.183664 20.417379 7299.000000
20.417379 20.653802 20.892961 19532.000000
20.892961 21.134890 21.379621 6919.000000
21.379621 21.627185 21.877616 2864.000000
21.877616 22.130947 22.387211 3824.000000
22.387211 22.646443 22.908677 10850.000000
22.908677 23.173946 23.442288 17964.000000
23.442288 23.713737 23.988329 10454.000000
23.988329 24.266101 24.547089 9787.000000
24.547089 24.831331 25.118864 12178.000000
25.118864 25.409727 25.703958 11619.000000
25.703958 26.001596 26.302680 9872.000000
26.302680 26.607251 26.915348 6518.000000
26.915348 27.227013 27.542287 10309.000000
27.542287 27.861212 28.183829 6527.000000
28.183829 28.510183 28.840315 3125.000000
28.840315 29.174270 29.512092 3448.000000
29.512092 29.853826 30.199517 4211.000000
30.199517 30.549211 30.902954 5914.000000
30.902954 31.260794 31.622777 12101.000000
31.622777 31.988951 32.359366 8807.000000
32.359366 32.734069 33.113112 10442.000000
33.113112 33.496544 33.884416 15597.000000
33.884416 34.276779 34.673685 38408.000000
34.673685 35.075187 35.481339 21121.000000
35.481339 35.892193 36.307805 4181.000000
36.307805 36.728230 37.153523 3672.000000
37.153523 37.583740 38.018940 5513.000000
38.018940 38.459178 38.904514 14352.000000
38.904514 39.355008 39.810717 8210.000000
39.810717 40.271703 40.738028 7176.000000
40.738028 41.209752 41.686938 9670.000000
41.686938 42.169650 42.657952 4929.000000
42.657952 43.151908 43.651583 8277.000000
43.651583 44.157045 44.668359 9155.000000
44.668359 45.185594 45.708819 4526.000000
45.708819 46.238102 46.773514 9620.000000
46.773514 47.315126 47.863009 10085.000000
47.863009 48.417237 48.977882 6895.000000
48.977882 49.545019 50.118723 11364.000000
50.118723 50.699071 51.286138 19490.000000
51.286138 51.880004 52.480746 8392.000000
52.480746 53.088444 53.703180 6154.000000
53.703180 54.325033 54.954087 18544.000000
54.954087 55.590426 56.234133 19647.000000
56.234133 56.885293 57.543994 10371.000000
57.543994 58.210322 58.884366 6369.000000
58.884366 59.566214 60.255959 6818.000000
60.255959 60.953690 61.659500 3613.000000
61.659500 62.373484 63.095734 4753.000000
63.095734 63.826349 64.565423 2603.000000
64.565423 65.313055 66.069345 2423.000000
66.069345 66.834392 67.608298 2673.000000
67.608298 68.391165 69.183097 10236.000000
69.183097 69.984200 70.794578 8694.000000
70.794578 71.614341 72.443596 6303.000000
72.443596 73.282453 74.131024 9354.000000
74.131024 74.989421 75.857758 3453.000000
75.857758 76.736149 77.624712 4692.000000
77.624712 78.523563 79.432823 4299.000000
79.432823 80.352612 81.283052 4960.000000
81.283052 82.224265 83.176377 10520.000000
83.176377 84.139514 85.113804 4327.000000
85.113804 86.099375 87.096359 6401.000000
87.096359 88.104887 89.125094 6789.000000
89.125094 90.157114 91.201084 6375.000000
91.201084 92.257143 93.325430 3819.000000
93.325430 94.406088 95.499259 3972.000000
95.499259 96.605088 97.723722 4158.000000
97.723722 98.855309 100.000000 3314.000000
100.000000 101.157945 102.329299 5789.000000
102.329299 103.514217 104.712855 5019.000000
104.712855 105.925373 107.151931 3467.000000
107.151931 108.392691 109.647820 2724.000000
109.647820 110.917482 112.201845 3370.000000
112.201845 113.501082 114.815362 5374.000000
114.815362 116.144861 117.489755 5792.000000
117.489755 118.850223 120.226443 5965.000000
120.226443 121.618600 123.026877 6946.000000
123.026877 124.451461 125.892541 4911.000000
125.892541 127.350308 128.824955 5853.000000
128.824955 130.316678 131.825674 8142.000000
131.825674 133.352143 134.896288 4263.000000
134.896288 136.458314 138.038426 3239.000000
138.038426 139.636836 141.253754 3985.000000
141.253754 142.889396 144.543977 4545.000000
144.543977 146.217717 147.910839 3775.000000
147.910839 149.623566 151.356125 4326.000000
151.356125 153.108746 154.881662 4345.000000
154.881662 156.675107 158.489319 3913.000000
158.489319 160.324539 162.181010 4832.000000
162.181010 164.058977 165.958691 4154.000000
165.958691 167.880402 169.824365 4523.000000
169.824365 171.790839 173.780083 6882.000000
173.780083 175.792361 177.827941 3853.000000
177.827941 179.887092 181.970086 2054.000000
181.970086 184.077200 186.208714 3752.000000
186.208714 188.364909 190.546072 3946.000000
190.546072 192.752491 194.984460 6339.000000
194.984460 197.242274 199.526231 3015.000000
199.526231 201.836636 204.173794 3002.000000
204.173794 206.538016 208.929613 4347.000000
208.929613 211.348904 213.796209 5275.000000
213.796209 216.271852 218.776162 6007.000000
218.776162 221.309471 223.872114 4828.000000
223.872114 226.464431 229.086765 3668.000000
229.086765 231.739465 234.422882 4964.000000
234.422882 237.137371 239.883292 3599.000000
239.883292 242.661010 245.470892 4280.000000
245.470892 248.313311 251.188643 3977.000000
251.188643 254.097271 257.039578 5760.000000
257.039578 260.015956 263.026799 5724.000000
263.026799 266.072506 269.153480 4506.000000
269.153480 272.270131 275.422870 2560.000000
275.422870 278.612117 281.838293 3528.000000
281.838293 285.101827 288.403150 2398.000000
288.403150 291.742701 295.120923 2359.000000
295.120923 298.538262 301.995172 2413.000000
301.995172 305.492111 309.029543 3150.000000
309.029543 312.607937 316.227766 3812.000000
316.227766 319.889511 323.593657 2944.000000
323.593657 327.340695 331.131121 3466.000000
331.131121 334.965439 338.844156 2678.000000
338.844156 342.767787 346.736850 2598.000000
346.736850 350.751874 354.813389 2322.000000
354.813389 358.921935 363.078055 2273.000000
363.078055 367.282300 371.535229 2805.000000
371.535229 375.837404 380.189396 2388.000000
380.189396 384.591782 389.045145 2243.000000
389.045145 393.550075 398.107171 2107.000000
398.107171 402.717034 407.380278 3375.000000
407.380278 412.097519 416.869383 3527.000000
416.869383 421.696503 426.579519 2823.000000
426.579519 431.519077 436.515832 2279.000000
436.515832 441.570447 446.683592 3224.000000
446.683592 451.855944 457.088190 2668.000000
457.088190 462.381021 467.735141 3047.000000
467.735141 473.151259 478.630092 3463.000000
478.630092 484.172368 489.778819 4158.000000
489.778819 495.450191 501.187234 2378.000000
501.187234 506.990708 512.861384 2870.000000
512.861384 518.800039 524.807460 2492.000000
524.807460 530.884444 537.031796 2585.000000
537.031796 543.250331 549.540874 3535.000000
549.540874 555.904257 562.341325 3068.000000
562.341325 568.852931 575.439937 2771.000000
575.439937 582.103218 588.843655 2149.000000
588.843655 595.662144 602.559586 2032.000000
602.559586 609.536897 616.595002 1732.000000
616.595002 623.734835 630.957344 2245.000000
630.957344 638.263486 645.654229 3158.000000
645.654229 653.130553 660.693448 2277.000000
660.693448 668.343918 676.082975 2049.000000
676.082975 683.911647 691.830971 2458.000000
691.830971 699.841996 707.945784 2023.000000
707.945784 716.143410 724.435960 2398.000000
724.435960 732.824533 741.310241 2456.000000
741.310241 749.894209 758.577575 2184.000000
758.577575 767.361489 776.247117 1550.000000
776.247117 785.235635 794.328235 1596.000000
794.328235 803.526122 812.830516 2018.000000
812.830516 822.242650 831.763771 1679.000000
831.763771 841.395142 851.138038 1805.000000
851.138038 860.993752 870.963590 1923.000000
870.963590 881.048873 891.250938 1640.000000
891.250938 901.571138 912.010839 1378.000000
912.010839 922.571427 933.254301 1509.000000
933.254301 944.060876 954.992586 1505.000000
954.992586 966.050879 977.237221 1349.000000
977.237221 988.553095 1000.000000 1747.000000
1000.000000 1011.579454 1023.292992 2053.000000
1023.292992 1035.142167 1047.128548 1493.000000
1047.128548 1059.253725 1071.519305 1957.000000
1071.519305 1083.926914 1096.478196 2254.000000
1096.478196 1109.174815 1122.018454 1647.000000
1122.018454 1135.010816 1148.153621 1535.000000
1148.153621 1161.448614 1174.897555 1420.000000
1174.897555 1188.502227 1202.264435 1592.000000
1202.264435 1216.186001 1230.268771 1460.000000
1230.268771 1244.514612 1258.925412 1756.000000
1258.925412 1273.503081 1288.249552 1685.000000
1288.249552 1303.166778 1318.256739 1655.000000
1318.256739 1333.521432 1348.962883 1479.000000
1348.962883 1364.583137 1380.384265 1047.000000
1380.384265 1396.368361 1412.537545 1226.000000
1412.537545 1428.893959 1445.439771 1324.000000
1445.439771 1462.177174 1479.108388 1260.000000
1479.108388 1496.235656 1513.561248 1518.000000
1513.561248 1531.087462 1548.816619 1583.000000
1548.816619 1566.751070 1584.893192 1338.000000
1584.893192 1603.245391 1621.810097 1293.000000
1621.810097 1640.589773 1659.586907 1286.000000
1659.586907 1678.804018 1698.243652 1276.000000
1698.243652 1717.908387 1737.800829 1192.000000
1737.800829 1757.923614 1778.279410 1401.000000
1778.279410 1798.870915 1819.700859 1290.000000
1819.700859 1840.772001 1862.087137 967.000000
1862.087137 1883.649089 1905.460718 1074.000000
1905.460718 1927.524913 1949.844600 1102.000000
1949.844600 1972.422736 1995.262315 1090.000000
1995.262315 2018.366364 2041.737945 1136.000000
2041.737945 2065.380156 2089.296131 1082.000000
2089.296131 2113.489040 2137.962090 1121.000000
2137.962090 2162.718524 2187.761624 1085.000000
2187.761624 2213.094710 2238.721139 1193.000000
2238.721139 2264.644308 2290.867653 1119.000000
2290.867653 2317.394650 2344.228815 1004.000000
2344.228815 2371.373706 2398.832919 890.000000
2398.832919 2426.610095 2454.708916 1005.000000
2454.708916 2483.133105 2511.886432 1050.000000
2511.886432 2540.972706 2570.395783 1050.000000
2570.395783 2600.159563 2630.267992 949.000000
2630.267992 2660.725060 2691.534804 978.000000
2691.534804 2722.701308 2754.228703 1088.000000
2754.228703 2786.121169 2818.382931 952.000000
2818.382931 2851.018268 2884.031503 961.000000
2884.031503 2917.427014 2951.209227 1039.000000
2951.209227 2985.382619 3019.951720 880.000000
3019.951720 3054.921113 3090.295433 942.000000
3090.295433 3126.079367 3162.277660 934.000000
3162.277660 3198.895110 3235.936569 830.000000
3235.936569 3273.406949 3311.311215 911.000000
3311.311215 3349.654392 3388.441561 1011.000000
3388.441561 3427.677865 3467.368505 944.000000
3467.368505 3507.518740 3548.133892 883.000000
3548.133892 3589.219346 3630.780548 873.000000
3630.780548 3672.823005 3715.352291 926.000000
3715.352291 3758.374043 3801.893963 930.000000
3801.893963 3845.917820 3890.451450 918.000000
3890.451450 3935.500755 3981.071706 878.000000
3981.071706 4027.170343 4073.802778 759.000000
4073.802778 4120.975191 4168.693835 749.000000
4168.693835 4216.965034 4265.795188 771.000000
4265.795188 4315.190768 4365.158322 887.000000
4365.158322 4415.704474 4466.835922 813.000000
4466.835922 4518.559444 4570.881896 790.000000
4570.881896 4623.810214 4677.351413 733.000000
4677.351413 4731.512590 4786.300923 831.000000
4786.300923 4841.723676 4897.788194 716.000000
4897.788194 4954.501908 5011.872336 577.000000
5011.872336 5069.907083 5128.613840 545.000000
5128.613840 5188.000389 5248.074602 666.000000
5248.074602 5308.844442 5370.317964 654.000000
5370.317964 5432.503315 5495.408739 676.000000
5495.408739 5559.042573 5623.413252 629.000000
5623.413252 5688.529308 5754.399373 685.000000
5754.399373 5821.032178 5888.436554 667.000000
5888.436554 5956.621435 6025.595861 709.000000
6025.595861 6095.368972 6165.950019 637.000000
6165.950019 6237.348355 6309.573445 680.000000
6309.573445 6382.634862 6456.542290 563.000000
6456.542290 6531.305526 6606.934480 627.000000
6606.934480 6683.439176 6760.829754 590.000000
6760.829754 6839.116473 6918.309709 540.000000
6918.309709 6998.419960 7079.457844 610.000000
7079.457844 7161.434102 7244.359601 577.000000
7244.359601 7328.245331 7413.102413 543.000000
7413.102413 7498.942093 7585.775750 620.000000
7585.775750 7673.614894 7762.471166 611.000000
7762.471166 7852.356346 7943.282347 561.000000
7943.282347 8035.261222 8128.305162 594.000000
8128.305162 8222.426499 8317.637711 589.000000
8317.637711 8413.951416 8511.380382 571.000000
8511.380382 8609.937522 8709.635900 569.000000
8709.635900 8810.488730 8912.509381 544.000000
8912.509381 9015.711376 9120.108394 596.000000
9120.108394 9225.714272 9332.543008 503.000000
9332.543008 9440.608763 9549.925860 561.000000
9549.925860 9660.508790 9772.372210 471.000000
9772.372210 9885.530947 10000.000000 467.000000
10000.000000 10115.794543 10232.929923 503.000000
10232.929923 10351.421667 10471.285481 509.000000
10471.285481 10592.537252 10715.193052 553.000000
10715.193052 10839.269140 10964.781961 489.000000
10964.781961 11091.748153 11220.184543 478.000000
11220.184543 11350.108157 11481.536215 484.000000
11481.536215 11614.486138 11748.975549 500.000000
11748.975549 11885.022274 12022.644346 472.000000
12022.644346 12161.860006 12302.687708 452.000000
12302.687708 12445.146118 12589.254118 503.000000
12589.254118 12735.030810 12882.495517 448.000000
12882.495517 13031.667785 13182.567386 424.000000
13182.567386 13335.214322 13489.628826 473.000000
13489.628826 13645.831366 13803.842646 437.000000
13803.842646 13963.683611 14125.375446 478.000000
14125.375446 14288.939585 14454.397707 460.000000
14454.397707 14621.771745 14791.083882 479.000000
14791.083882 14962.356561 15135.612484 434.000000
15135.612484 15310.874617 15488.166189 381.000000
15488.166189 15667.510701 15848.931925 439.000000
15848.931925 16032.453907 16218.100974 430.000000
16218.100974 16405.897732 16595.869074 471.000000
16595.869074 16788.040181 16982.436525 464.000000
16982.436525 17179.083872 17378.008287 389.000000
17378.008287 17579.236140 17782.794100 447.000000
17782.794100 17988.709151 18197.008586 454.000000
18197.008586 18407.720015 18620.871367 441.000000
18620.871367 18836.490895 19054.607180 465.000000
19054.607180 19275.249132 19498.445998 508.000000
19498.445998 19724.227361 19952.623150 577.000000
19952.623150 20183.663637 20417.379447 731.000000
20417.379447 20653.801558 20892.961309 805.000000
20892.961309 21134.890398 21379.620895 798.000000
21379.620895 21627.185237 21877.616239 734.000000
21877.616239 22130.947096 22387.211386 632.000000
22387.211386 22646.443076 22908.676528 419.000000
22908.676528 23173.946500 23442.288153 235.000000
23442.288153 23713.737057 23988.329190 137.000000
23988.329190 24266.100951 24547.089157 122.000000
24547.089157 24831.331053 25118.864315 173.000000
25118.864315 25409.727055 25703.957828 222.000000
25703.957828 26001.595632 26302.679919 257.000000
26302.679919 26607.250598 26915.348039 298.000000
26915.348039 27227.013081 27542.287033 316.000000
27542.287033 27861.211686 28183.829313 355.000000
28183.829313 28510.182675 28840.315031 335.000000
28840.315031 29174.270140 29512.092267 361.000000
29512.092267 29853.826189 30199.517204 353.000000
30199.517204 30549.211132 30902.954325 356.000000
30902.954325 31260.793671 31622.776602 394.000000
31622.776602 31988.951097 32359.365693 349.000000
32359.365693 32734.069488 33113.112148 373.000000
33113.112148 33496.543916 33884.415614 413.000000
33884.415614 34276.778655 34673.685045 411.000000
34673.685045 35075.187395 35481.338923 388.000000
35481.338923 35892.193464 36307.805477 379.000000
36307.805477 36728.230050 37153.522910 346.000000
37153.522910 37583.740429 38018.939632 370.000000
38018.939632 38459.178205 38904.514499 416.000000
38904.514499 39355.007546 39810.717055 440.000000
39810.717055 40271.703433 40738.027780 461.000000
40738.027780 41209.751910 41686.938347 554.000000
41686.938347 42169.650343 42657.951880 610.000000
42657.951880 43151.907683 43651.583224 644.000000
43651.583224 44157.044735 44668.359215 732.000000
44668.359215 45185.594437 45708.818961 616.000000
45708.818961 46238.102140 46773.514129 559.000000
46773.514129 47315.125896 47863.009232 364.000000
47863.009232 48417.236758 48977.881937 209.000000
48977.881937 49545.019080 50118.723363 181.000000
50118.723363 50699.070827 51286.138399 175.000000
51286.138399 51880.003893 52480.746025 203.000000
52480.746025 53088.444423 53703.179637 243.000000
53703.179637 54325.033149 54954.087386 304.000000
54954.087386 55590.425727 56234.132519 379.000000
56234.132519 56885.293084 57543.993734 443.000000
57543.993734 58210.321777 58884.365536 440.000000
58884.365536 59566.214353 60255.958607 392.000000
60255.958607 60953.689724 61659.500186 389.000000
61659.500186 62373.483548 63095.734448 394.000000
63095.734448 63826.348619 64565.422903 496.000000
64565.422903 65313.055265 66069.344801 685.000000
66069.344801 66834.391757 67608.297539 697.000000
67608.297539 68391.164728 69183.097092 634.000000
69183.097092 69984.199600 70794.578438 463.000000
70794.578438 71614.341021 72443.596007 324.000000
72443.596007 73282.453314 74131.024130 268.000000
74131.024130 74989.420933 75857.757503 273.000000
75857.757503 76736.148936 77624.711663 240.000000
77624.711663 78523.563461 79432.823472 311.000000
79432.823472 80352.612219 81283.051616 378.000000
81283.051616 82224.264995 83176.377110 445.000000
83176.377110 84139.514164 85113.803820 496.000000
85113.803820 86099.375218 87096.358996 474.000000
87096.358996 88104.887301 89125.093813 451.000000
89125.093813 90157.113761 91201.083936 387.000000
91201.083936 92257.142715 93325.430080 332.000000
93325.430080 94406.087629 95499.258602 314.000000
95499.258602 96605.087899 97723.722096 344.000000
97723.722096 98855.309466 100000.000000 388.000000
100000.000000 101157.945426 102329.299228 421.000000
102329.299228 103514.216668 104712.854805 453.000000
104712.854805 105925.372518 107151.930524 530.000000
107151.930524 108392.691402 109647.819614 502.000000
109647.819614 110917.481526 112201.845430 516.000000
112201.845430 113501.081567 114815.362150 429.000000
114815.362150 116144.861384 117489.755494 407.000000
117489.755494 118850.222744 120226.443462 422.000000
120226.443462 121618.600065 123026.877081 450.000000
123026.877081 124451.461177 125892.541179 460.000000
125892.541179 127350.308102 128824.955169 483.000000
128824.955169 130316.677845 131825.673856 477.000000
131825.673856 133352.143216 134896.288259 497.000000
134896.288259 136458.313659 138038.426460 508.000000
138038.426460 139636.836106 141253.754462 498.000000
141253.754462 142889.395851 144543.977075 498.000000
144543.977075 146217.717446 147910.838817 436.000000
147910.838817 149623.565609 151356.124844 454.000000
151356.124844 153108.746168 154881.661891 448.000000
154881.661891 156675.107011 158489.319246 430.000000
158489.319246 160324.539069 162181.009736 428.000000
162181.009736 164058.977320 165958.690744 476.000000
165958.690744 167880.401812 169824.365246 439.000000
169824.365246 171790.838716 173780.082875 427.000000
173780.082875 175792.361396 177827.941004 414.000000
177827.941004 179887.091513 181970.085861 455.000000
181970.085861 184077.200147 186208.713666 481.000000
186208.713666 188364.908949 190546.071796 472.000000
190546.071796 192752.491319 194984.459976 449.000000
194984.459976 197242.273611 199526.231497 452.000000
199526.231497 201836.636368 204173.794467 384.000000
204173.794467 206538.015581 208929.613085 409.000000
208929.613085 211348.903984 213796.208950 397.000000
213796.208950 216271.852373 218776.162395 403.000000
218776.162395 221309.470961 223872.113857 469.000000
223872.113857 226464.430759 229086.765277 420.000000
229086.765277 231739.464997 234422.881532 414.000000
234422.881532 237137.370566 239883.291902 432.000000
239883.291902 242661.009508 245470.891568 378.000000
245470.891568 248313.310529 251188.643151 402.000000
251188.643151 254097.270555 257039.578277 432.000000
257039.578277 260015.956316 263026.799189 424.000000
263026.799189 266072.505980 269153.480393 379.000000
269153.480393 272270.130808 275422.870334 435.000000
275422.870334 278612.116863 281838.293126 377.000000
281838.293126 285101.826750 288403.150313 413.000000
288403.150313 291742.701400 295120.922667 355.000000
295120.922667 298538.261892 301995.172040 280.000000
301995.172040 305492.111321 309029.543251 0.000000
309029.543251 312607.936712 316227.766017 0.000000
316227.766017 319889.510969 323593.656930 0.000000
323593.656930 327340.694879 331131.121483 0.000000
331131.121483 334965.439158 338844.156139 0.000000
338844.156139 342767.786546 346736.850452 0.000000
346736.850452 350751.873952 354813.389233 0.000000
354813.389233 358921.934645 363078.054770 0.000000
363078.054770 367282.300498 371535.229097 0.000000
371535.229097 375837.404288 380189.396320 0.000000
380189.396320 384591.782045 389045.144994 0.000000
389045.144994 393550.075456 398107.170553 0.000000
398107.170553 402717.034325 407380.277804 0.000000
407380.277804 412097.519097 416869.383470 0.000000
416869.383470 421696.503428 426579.518801 0.000000
426579.518801 431519.076828 436515.832240 0.000000
436515.832240 441570.447353 446683.592151 0.000000
446683.592151 451855.944375 457088.189615 0.000000
457088.189615 462381.021399 467735.141287 0.000000
467735.141287 473151.258961 478630.092323 0.000000
478630.092323 484172.367584 489778.819368 0.000000
489778.819368 495450.190805 501187.233627 0.000000
501187.233627 506990.708275 512861.383991 0.000000
512861.383991 518800.038929 524807.460250 0.000000
524807.460250 530884.444231 537031.796370 0.000000
537031.796370 543250.331492 549540.873857 0.000000
549540.873857 555904.257270 562341.325190 0.000000
562341.325190 568852.930844 575439.937337 0.000000
575439.937337 582103.217771 588843.655355 0.000000
588843.655355 595662.143529 602559.586074 0.000000
602559.586074 609536.897240 616595.001861 0.000000
616595.001861 623734.835482 630957.344480 0.000000
630957.344480 638263.486190 645654.229034 0.000000
645654.229034 653130.552647 660693.448007 0.000000
660693.448007 668343.917568 676082.975392 0.000000
676082.975392 683911.647281 691830.970919 0.000000
691830.970919 699841.996002 707945.784384 0.000000
707945.784384 716143.410213 724435.960075 0.000000
724435.960075 732824.533139 741310.241301 0.000000
741310.241301 749894.209332 758577.575029 0.000000
758577.575029 767361.489362 776247.116628 0.000000
776247.116628 785235.634610 794328.234724 0.000000
794328.234724 803526.122185 812830.516164 0.000000
812830.516164 822242.649947 831763.771102 0.000000
831763.771102 841395.141645 851138.038202 0.000000
851138.038202 860993.752184 870963.589956 0.000000
870963.589956 881048.873008 891250.938133 0.000000
891250.938133 901571.137606 912010.839356 0.000000
912010.839356 922571.427155 933254.300797 0.000000
933254.300797 944060.876286 954992.586021 0.000000
954992.586021 966050.878990 977237.220956 0.000000
