0.100000 0.102963 0.105925 0.000000 0.000000 0.000000
0.105925 0.109064 0.112202 0.000000 0.000000 0.000000
0.112202 0.115526 0.118850 0.000000 0.000000 0.000000
0.118850 0.122371 0.125893 0.000000 0.000000 0.000000
0.125893 0.129622 0.133352 167.820662 167.220300 168.421023
0.133352 0.137303 0.141254 168.678373 168.289628 169.067117
0.141254 0.145439 0.149624 167.854536 167.432092 168.276981
0.149624 0.154056 0.158489 168.593231 168.191486 168.994976
0.158489 0.163185 0.167880 168.802446 168.436253 169.168638
0.167880 0.172854 0.177828 168.696910 168.331183 169.062637
0.177828 0.183096 0.188365 168.605995 168.267903 168.944088
0.188365 0.193946 0.199526 169.107914 168.784465 169.431363
0.199526 0.205438 0.211349 168.986565 168.668110 169.305020
0.211349 0.217611 0.223872 168.968366 168.679590 169.257142
0.223872 0.230505 0.237137 168.938056 168.645308 169.230803
0.237137 0.244163 0.251189 169.392909 169.131212 169.654607
0.251189 0.258631 0.266073 168.944151 168.664992 169.223310
0.266073 0.273955 0.281838 168.729692 168.459663 168.999721
0.281838 0.290188 0.298538 168.793648 168.523316 169.063981
0.298538 0.307383 0.316228 169.334553 169.072075 169.597031
0.316228 0.325597 0.334965 169.257469 169.003144 169.511794
0.334965 0.344889 0.354813 169.097297 168.852041 169.342554
0.354813 0.365325 0.375837 169.086970 168.852503 169.321437
0.375837 0.386972 0.398107 169.120246 168.886488 169.354003
0.398107 0.409902 0.421697 169.186687 168.966386 169.406989
0.421697 0.434190 0.446684 169.115921 168.893351 169.338491
0.446684 0.459917 0.473151 169.523444 169.323983 169.722906
0.473151 0.487169 0.501187 169.334873 169.124834 169.544911
0.501187 0.516036 0.530884 169.434493 169.242975 169.626011
0.530884 0.546613 0.562341 169.147319 168.945214 169.349423
0.562341 0.579002 0.595662 169.413849 169.231433 169.596266
0.595662 0.613310 0.630957 169.051719 168.859756 169.243682
0.630957 0.649651 0.668344 169.294256 169.104271 169.484242
0.668344 0.688145 0.707946 169.544782 169.370560 169.719003
0.707946 0.728920 0.749894 169.301735 169.117594 169.485876
0.749894 0.772111 0.794328 169.145984 168.967044 169.324924
0.794328 0.817862 0.841395 169.065424 168.890294 169.240553
0.841395 0.866323 0.891251 169.100364 168.926162 169.274565
0.891251 0.917656 0.944061 169.479676 169.310399 169.648953
0.944061 0.972030 1.000000 169.293218 169.122956 169.463481
1.000000 1.029627 1.059254 169.333013 169.155900 169.510127
1.059254 1.090636 1.122018 169.262438 169.096518 169.428358
1.122018 1.155260 1.188502 169.079850 168.907451 169.252250
1.188502 1.223714 1.258925 169.324109 169.158592 169.489625
1.258925 1.296223 1.333521 169.258230 169.090484 169.425977
1.333521 1.373029 1.412538 169.318689 169.157591 169.479786
1.412538 1.454387 1.496236 168.861710 168.690956 169.032463
1.496236 1.540564 1.584893 168.902426 168.724970 169.079882
1.584893 1.631849 1.678804 169.234134 169.062152 169.406117
1.678804 1.728542 1.778279 168.768287 168.590938 168.945637
1.778279 1.830964 1.883649 169.123652 168.947636 169.299668
1.883649 1.939456 1.995262 169.049114 168.877310 169.220918
1.995262 2.054376 2.113489 169.081056 168.903829 169.258284
2.113489 2.176105 2.238721 168.846339 168.665149 169.027528
2.238721 2.305047 2.371374 168.817964 168.637856 168.998072
2.371374 2.441630 2.511886 169.044719 168.866604 169.222835
2.511886 2.586306 2.660725 169.081282 168.895205 169.267359
2.660725 2.739554 2.818383 168.583392 168.397366 168.769419
2.818383 2.901883 2.985383 168.712780 168.521663 168.903896
2.985383 3.073830 3.162278 168.666520 168.468881 168.864158
3.162278 3.255966 3.349654 168.449128 168.253901 168.644356
3.349654 3.448894 3.548134 168.152308 167.937256 168.367360
3.548134 3.653254 3.758374 168.408038 168.205937 168.610138
3.758374 3.869723 3.981072 168.022913 167.799232 168.246595
3.981072 4.099018 4.216965 168.159563 167.942206 168.376919
4.216965 4.341900 4.466836 168.194004 167.967830 168.420178
4.466836 4.599174 4.731513 168.142190 167.918532 168.365847
4.731513 4.871692 5.011872 168.367261 168.155792 168.578730
5.011872 5.160358 5.308844 168.324678 168.129652 168.519704
5.308844 5.466129 5.623413 168.601312 168.410738 168.791887
5.623413 5.790017 5.956621 168.547355 168.345217 168.749492
5.956621 6.133097 6.309573 168.079101 167.874206 168.283997
6.309573 6.496506 6.683439 168.499835 168.294575 168.705095
6.683439 6.881449 7.079458 167.781348 167.559880 168.002816
7.079458 7.289200 7.498942 168.140312 167.917314 168.363309
7.498942 7.721112 7.943282 167.306595 167.058490 167.554700
7.943282 8.178617 8.413951 167.196903 166.932891 167.460914
8.413951 8.663230 8.912509 166.842729 166.563142 167.122316
8.912509 9.176559 9.440609 166.739812 166.439752 167.039872
9.440609 9.720304 10.000000 166.935051 166.649818 167.220284
10.000000 10.296269 10.592537 167.112263 166.831936 167.392591
10.592537 10.906361 11.220185 166.824390 166.547324 167.101456
11.220185 11.552603 11.885022 166.800472 166.519266 167.081677
11.885022 12.237138 12.589254 167.263919 166.980595 167.547244
12.589254 12.962234 13.335214 166.142943 165.834980 166.450907
13.335214 13.730295 14.125375 165.977630 165.649914 166.305346
14.125375 14.543866 14.962357 165.388742 165.043643 165.733840
14.962357 15.405644 15.848932 165.827415 165.488457 166.166373
15.848932 16.318486 16.788040 166.253581 165.914777 166.592384
16.788040 17.285417 17.782794 166.151632 165.841420 166.461845
17.782794 18.309642 18.836491 166.139591 165.822850 166.456332
18.836491 19.394557 19.952623 165.911740 165.581507 166.241973
19.952623 20.543757 21.134890 165.575202 165.232418 165.917986
21.134890 21.761051 22.387211 164.784274 164.429292 165.139255
22.387211 23.050474 23.713737 165.226456 164.873726 165.579185
23.713737 24.416301 25.118864 164.477461 164.088595 164.866328
25.118864 25.863057 26.607251 165.218892 164.868880 165.568903
26.607251 27.395540 28.183829 164.618059 164.246353 164.989764
28.183829 29.018828 29.853826 164.647379 164.255717 165.039041
29.853826 30.738301 31.622777 164.865029 164.505097 165.224962
31.622777 32.559660 33.496544 163.559394 163.142043 163.976745
33.496544 34.488941 35.481339 164.975667 164.607776 165.343557
35.481339 36.532540 37.583740 164.197565 163.807803 164.587328
37.583740 38.697229 39.810717 164.047637 163.603186 164.492089
39.810717 40.990184 42.169650 163.290199 162.848963 163.731434
42.169650 43.419005 44.668359 162.349578 161.872404 162.826752
44.668359 45.991743 47.315126 163.715805 163.274505 164.157106
47.315126 48.716925 50.118723 163.063974 162.589626 163.538323
50.118723 51.603584 53.088444 163.290226 162.815752 163.764700
53.088444 54.661288 56.234133 162.460847 161.938815 162.982879
56.234133 57.900173 59.566214 163.071630 162.618951 163.524309
59.566214 61.330974 63.095734 163.336629 162.829151 163.844106
63.095734 64.965063 66.834392 162.615964 162.068430 163.163498
66.834392 68.814485 70.794578 162.871518 162.322358 163.420678
70.794578 72.892000 74.989421 162.543519 161.979804 163.107235
74.989421 77.211122 79.432823 162.422997 161.805393 163.040601
79.432823 81.786169 84.139514 161.959000 161.305697 162.612304
84.139514 86.632304 89.125094 161.982894 161.214243 162.751544
89.125094 91.765591 94.406088 162.260533 161.511885 163.009181
94.406088 97.203044 100.000000 161.418105 160.526675 162.309535
100.000000 102.962686 105.925373 163.040397 162.337192 163.743603
105.925373 109.063609 112.201845 162.831821 162.057495 163.606146
112.201845 115.526034 118.850223 160.492945 159.315952 161.669938
118.850223 122.371382 125.892541 163.622393 162.844036 164.400751
125.892541 129.622342 133.352143 160.717753 159.541991 161.893516
133.352143 137.302949 141.253754 161.125497 159.981487 162.269507
141.253754 145.438660 149.623566 162.947985 161.899092 163.996879
149.623566 154.056442 158.489319 163.234950 162.344675 164.125226
158.489319 163.184861 167.880402 162.367893 161.072792 163.662993
167.880402 172.854171 177.827941 164.314545 163.379101 165.249990
177.827941 183.096425 188.364909 161.398276 159.303000 163.493551
