0.100000 0.112946 0.125893 0.000000 0.000000 0.000000
0.125893 0.142191 0.158489 168.408340 168.201108 168.615571
0.158489 0.179008 0.199526 168.868926 168.700113 169.037738
0.199526 0.225357 0.251189 169.107237 168.963331 169.251143
0.251189 0.283708 0.316228 168.979868 168.846388 169.113349
0.316228 0.357167 0.398107 169.169640 169.050270 169.289010
0.398107 0.449647 0.501187 169.339200 169.234937 169.443464
0.501187 0.566072 0.630957 169.268288 169.172447 169.364130
0.630957 0.712643 0.794328 169.364946 169.275664 169.454227
0.794328 0.897164 1.000000 169.257148 169.171857 169.342439
1.000000 1.129463 1.258925 169.253586 169.168418 169.338754
1.258925 1.421909 1.584893 169.128206 169.045070 169.211342
1.584893 1.790078 1.995262 169.054147 168.966991 169.141303
1.995262 2.253574 2.511886 168.991931 168.902928 169.080933
2.511886 2.837082 3.162278 168.794134 168.700131 168.888138
3.162278 3.571675 3.981072 168.321399 168.218569 168.424230
3.981072 4.496472 5.011872 168.266245 168.158289 168.374201
5.011872 5.660723 6.309573 168.413273 168.314616 168.511931
6.309573 7.126428 7.943282 167.985894 167.874119 168.097670
7.943282 8.971641 10.000000 166.925078 166.783312 167.066844
10.000000 11.294627 12.589254 167.041389 166.903770 167.179008
12.589254 14.219093 15.848932 165.886943 165.725062 166.048825
15.848932 17.900778 19.952623 166.154567 165.994214 166.314919
19.952623 22.535744 25.118864 165.005179 164.824120 165.186238
25.118864 28.370820 31.622777 164.902729 164.723697 165.081760
31.622777 35.716747 39.810717 164.195711 163.993239 164.398184
39.810717 44.964720 50.118723 163.157260 162.931175 163.383346
50.118723 56.607229 63.095734 163.140486 162.902800 163.378172
63.095734 71.264279 79.432823 162.675377 162.395502 162.955253
79.432823 89.716412 100.000000 162.094585 161.740172 162.448998
100.000000 112.946271 125.892541 162.583757 162.169052 162.998463
125.892541 142.190930 158.489319 162.294924 161.803056 162.786793
