0.100000 0.102963 0.105925 0.000000
0.105925 0.109064 0.112202 0.000000
0.112202 0.115526 0.118850 0.000000
0.118850 0.122371 0.125893 0.000000
0.125893 0.129622 0.133352 167.820662
0.133352 0.137303 0.141254 168.678373
0.141254 0.145439 0.149624 167.854536
0.149624 0.154056 0.158489 168.593231
0.158489 0.163185 0.167880 168.802446
0.167880 0.172854 0.177828 168.696910
0.177828 0.183096 0.188365 168.605995
0.188365 0.193946 0.199526 169.107914
0.199526 0.205438 0.211349 168.986565
0.211349 0.217611 0.223872 168.968366
0.223872 0.230505 0.237137 168.938056
0.237137 0.244163 0.251189 169.392909
0.251189 0.258631 0.266073 168.944151
0.266073 0.273955 0.281838 168.729692
0.281838 0.290188 0.298538 168.793648
0.298538 0.307383 0.316228 169.334553
0.316228 0.325597 0.334965 169.257469
0.334965 0.344889 0.354813 169.097297
0.354813 0.365325 0.375837 169.086970
0.375837 0.386972 0.398107 169.120246
0.398107 0.409902 0.421697 169.186687
0.421697 0.434190 0.446684 169.115921
0.446684 0.459917 0.473151 169.523444
0.473151 0.487169 0.501187 169.334873
0.501187 0.516036 0.530884 169.434493
0.530884 0.546613 0.562341 169.147319
0.562341 0.579002 0.595662 169.413849
0.595662 0.613310 0.630957 169.051719
0.630957 0.649651 0.668344 169.294256
0.668344 0.688145 0.707946 169.544782
0.707946 0.728920 0.749894 169.301735
0.749894 0.772111 0.794328 169.145984
0.794328 0.817862 0.841395 169.065424
0.841395 0.866323 0.891251 169.100364
0.891251 0.917656 0.944061 169.479676
0.944061 0.972030 1.000000 169.293218
1.000000 1.029627 1.059254 169.333013
1.059254 1.090636 1.122018 169.262438
1.122018 1.155260 1.188502 169.079850
1.188502 1.223714 1.258925 169.324109
1.258925 1.296223 1.333521 169.258230
1.333521 1.373029 1.412538 169.318689
1.412538 1.454387 1.496236 168.861710
1.496236 1.540564 1.584893 168.902426
1.584893 1.631849 1.678804 169.234134
1.678804 1.728542 1.778279 168.768287
1.778279 1.830964 1.883649 169.123652
1.883649 1.939456 1.995262 169.049114
1.995262 2.054376 2.113489 169.081056
2.113489 2.176105 2.238721 168.846339
2.238721 2.305047 2.371374 168.817964
2.371374 2.441630 2.511886 169.044719
2.511886 2.586306 2.660725 169.081282
2.660725 2.739554 2.818383 168.583392
2.818383 2.901883 2.985383 168.712780
2.985383 3.073830 3.162278 168.666520
3.162278 3.255966 3.349654 168.449128
3.349654 3.448894 3.548134 168.152308
3.548134 3.653254 3.758374 168.408038
3.758374 3.869723 3.981072 168.022913
3.981072 4.099018 4.216965 168.159563
4.216965 4.341900 4.466836 168.194004
4.466836 4.599174 4.731513 168.142190
4.731513 4.871692 5.011872 168.367261
5.011872 5.160358 5.308844 168.324678
5.308844 5.466129 5.623413 168.601312
5.623413 5.790017 5.956621 168.547355
5.956621 6.133097 6.309573 168.079101
6.309573 6.496506 6.683439 168.499835
6.683439 6.881449 7.079458 167.781348
7.079458 7.289200 7.498942 168.140312
7.498942 7.721112 7.943282 167.306595
7.943282 8.178617 8.413951 167.196903
8.413951 8.663230 8.912509 166.842729
8.912509 9.176559 9.440609 166.739812
9.440609 9.720304 10.000000 166.935051
10.000000 10.296269 10.592537 167.112263
10.592537 10.906361 11.220185 166.824390
11.220185 11.552603 11.885022 166.800472
11.885022 12.237138 12.589254 167.263919
12.589254 12.962234 13.335214 166.142943
13.335214 13.730295 14.125375 165.977630
14.125375 14.543866 14.962357 165.388742
14.962357 15.405644 15.848932 165.827415
15.848932 16.318486 16.788040 166.253581
16.788040 17.285417 17.782794 166.151632
17.782794 18.309642 18.836491 166.139591
18.836491 19.394557 19.952623 165.911740
19.952623 20.543757 21.134890 165.575202
21.134890 21.761051 22.387211 164.784274
22.387211 23.050474 23.713737 165.226456
23.713737 24.416301 25.118864 164.477461
25.118864 25.863057 26.607251 165.218892
26.607251 27.395540 28.183829 164.618059
28.183829 29.018828 29.853826 164.647379
29.853826 30.738301 31.622777 164.865029
31.622777 32.559660 33.496544 163.559394
33.496544 34.488941 35.481339 164.975667
35.481339 36.532540 37.583740 164.197565
37.583740 38.697229 39.810717 164.047637
39.810717 40.990184 42.169650 163.290199
42.169650 43.419005 44.668359 162.349578
44.668359 45.991743 47.315126 163.715805
47.315126 48.716925 50.118723 163.063974
50.118723 51.603584 53.088444 163.290226
53.088444 54.661288 56.234133 162.460847
56.234133 57.900173 59.566214 163.071630
59.566214 61.330974 63.095734 163.336629
63.095734 64.965063 66.834392 162.615964
66.834392 68.814485 70.794578 162.871518
70.794578 72.892000 74.989421 162.543519
74.989421 77.211122 79.432823 162.422997
79.432823 81.786169 84.139514 161.959000
84.139514 86.632304 89.125094 161.982894
89.125094 91.765591 94.406088 162.260533
94.406088 97.203044 100.000000 161.418105
100.000000 102.962686 105.925373 163.040397
105.925373 109.063609 112.201845 162.831821
112.201845 115.526034 118.850223 160.492945
118.850223 122.371382 125.892541 163.622393
125.892541 129.622342 133.352143 160.717753
133.352143 137.302949 141.253754 161.125497
141.253754 145.438660 149.623566 162.947985
149.623566 154.056442 158.489319 163.234950
158.489319 163.184861 167.880402 162.367893
167.880402 172.854171 177.827941 164.314545
177.827941 183.096425 188.364909 161.398276
