100000.000000 102329.299228 104712.854805 0.000000
104712.854805 107151.930524 109647.819614 0.000000
109647.819614 112201.845430 114815.362150 0.000000
114815.362150 117489.755494 120226.443462 0.000000
120226.443462 123026.877081 125892.541179 0.000000
125892.541179 128824.955169 131825.673856 0.000000
131825.673856 134896.288259 138038.426460 0.000000
138038.426460 141253.754462 144543.977075 0.000000
144543.977075 147910.838817 151356.124844 0.000000
151356.124844 154881.661891 158489.319246 0.000000
158489.319246 162181.009736 165958.690744 0.000000
165958.690744 169824.365246 173780.082875 0.000000
173780.082875 177827.941004 181970.085861 616.000000
181970.085861 186208.713666 190546.071796 2146.000000
190546.071796 194984.459976 199526.231497 2467.000000
199526.231497 204173.794467 208929.613085 2544.000000
208929.613085 213796.208950 218776.162395 2665.000000
218776.162395 223872.113857 229086.765277 2827.000000
229086.765277 234422.881532 239883.291902 2967.000000
239883.291902 245470.891568 251188.643151 3170.000000
251188.643151 257039.578277 263026.799190 3422.000000
263026.799190 269153.480393 275422.870334 3445.000000
275422.870334 281838.293126 288403.150313 3453.000000
288403.150313 295120.922667 301995.172040 4152.000000
301995.172040 309029.543251 316227.766017 4061.000000
316227.766017 323593.656930 331131.121483 4409.000000
331131.121483 338844.156139 346736.850453 4829.000000
346736.850453 354813.389234 363078.054770 4648.000000
363078.054770 371535.229097 380189.396321 4913.000000
380189.396321 389045.144994 398107.170553 5083.000000
398107.170553 407380.277804 416869.383470 4950.000000
416869.383470 426579.518802 436515.832240 4804.000000
436515.832240 446683.592151 457088.189615 5511.000000
457088.189615 467735.141287 478630.092323 5875.000000
478630.092323 489778.819368 501187.233627 6198.000000
501187.233627 512861.383991 524807.460250 6517.000000
524807.460250 537031.796370 549540.873858 6990.000000
549540.873858 562341.325190 575439.937337 6953.000000
575439.937337 588843.655356 602559.586074 7559.000000
602559.586074 616595.001861 630957.344480 7956.000000
630957.344480 645654.229035 660693.448008 7855.000000
660693.448008 676082.975392 691830.970919 8404.000000
691830.970919 707945.784384 724435.960075 8743.000000
724435.960075 741310.241301 758577.575029 8580.000000
758577.575029 776247.116629 794328.234724 8819.000000
794328.234724 812830.516164 831763.771103 9185.000000
831763.771103 851138.038202 870963.589956 9620.000000
870963.589956 891250.938134 912010.839356 10096.000000
912010.839356 933254.300797 954992.586021 10235.000000
954992.586021 977237.220956 1000000.000000 10060.000000
1000000.000000 1023292.992281 1047128.548051 10281.000000
1047128.548051 1071519.305238 1096478.196143 10828.000000
1096478.196143 1122018.454302 1148153.621497 10936.000000
1148153.621497 1174897.554939 1202264.434617 11095.000000
1202264.434617 1230268.770812 1258925.411794 11090.000000
1258925.411794 1288249.551693 1318256.738556 10792.000000
1318256.738556 1348962.882592 1380384.264603 11104.000000
1380384.264603 1412537.544623 1445439.770746 11082.000000
1445439.770746 1479108.388168 1513561.248436 11392.000000
1513561.248436 1548816.618912 1584893.192461 11292.000000
1584893.192461 1621810.097359 1659586.907437 11521.000000
1659586.907437 1698243.652462 1737800.828749 11649.000000
1737800.828749 1778279.410039 1819700.858610 11608.000000
1819700.858610 1862087.136663 1905460.717963 11399.000000
1905460.717963 1949844.599758 1995262.314969 11497.000000
1995262.314969 2041737.944669 2089296.130854 11142.000000
2089296.130854 2137962.089502 2187761.623949 11498.000000
2187761.623949 2238721.138568 2290867.652768 11398.000000
2290867.652768 2344228.815320 2398832.919019 11375.000000
2398832.919019 2454708.915685 2511886.431509 10815.000000
2511886.431509 2570395.782769 2630267.991895 11067.000000
2630267.991895 2691534.803927 2754228.703338 10941.000000
2754228.703338 2818382.931264 2884031.503126 10676.000000
2884031.503126 2951209.226666 3019951.720402 10501.000000
3019951.720402 3090295.432513 3162277.660168 10235.000000
3162277.660168 3235936.569296 3311311.214826 9841.000000
3311311.214826 3388441.561392 3467368.504525 9761.000000
3467368.504525 3548133.892335 3630780.547701 9577.000000
3630780.547701 3715352.290971 3801893.963205 9441.000000
3801893.963205 3890451.449943 3981071.705535 9317.000000
3981071.705535 4073802.778041 4168693.834703 9045.000000
4168693.834703 4265795.188016 4365158.322401 8829.000000
4365158.322401 4466835.921509 4570881.896148 8506.000000
4570881.896148 4677351.412872 4786300.923226 8346.000000
4786300.923226 4897788.193684 5011872.336272 7858.000000
5011872.336272 5128613.839913 5248074.602497 7620.000000
5248074.602497 5370317.963702 5495408.738576 7288.000000
5495408.738576 5623413.251903 5754399.373371 7133.000000
5754399.373371 5888436.553555 6025595.860743 7206.000000
6025595.860743 6165950.018614 6309573.444801 7821.000000
6309573.444801 6456542.290346 6606934.480075 8447.000000
6606934.480075 6760829.753919 6918309.709189 8955.000000
6918309.709189 7079457.843841 7244359.600749 9302.000000
7244359.600749 7413102.413008 7585775.750291 9123.000000
7585775.750291 7762471.166286 7943282.347242 8941.000000
7943282.347242 8128305.161640 8317637.711026 8632.000000
8317637.711026 8511380.382023 8709635.899560 8257.000000
8709635.899560 8912509.381337 9120108.393558 7697.000000
9120108.393558 9332543.007969 9549925.860213 7274.000000
9549925.860213 9772372.209557 9999999.999999 6890.000000
9999999.999999 10232929.922807 10471285.480508 6486.000000
10471285.480508 10715193.052375 10964781.961431 6088.000000
10964781.961431 11220184.543019 11481536.214968 5756.000000
11481536.214968 11748975.549394 12022644.346173 5437.000000
12022644.346173 12302687.708123 12589254.117940 5394.000000
12589254.117940 12882495.516930 13182567.385563 5455.000000
13182567.385563 13489628.825915 13803842.646027 5347.000000
13803842.646027 14125375.446226 14454397.707458 5542.000000
14454397.707458 14791083.881680 15135612.484360 5438.000000
15135612.484360 15488166.189123 15848931.924609 5194.000000
15848931.924609 16218100.973588 16595869.074374 5133.000000
16595869.074374 16982436.524616 17378008.287492 4888.000000
17378008.287492 17782794.100387 18197008.586098 4743.000000
18197008.586098 18620871.366627 19054607.179630 4674.000000
19054607.179630 19498445.997578 19952623.149687 4491.000000
19952623.149687 20417379.446693 20892961.308538 4333.000000
20892961.308538 21379620.895020 21877616.239493 4384.000000
21877616.239493 22387211.385681 22908676.527675 4540.000000
22908676.527675 23442288.153196 23988329.190192 4609.000000
23988329.190192 24547089.156847 25118864.315093 4593.000000
25118864.315093 25703957.827686 26302679.918951 4449.000000
26302679.918951 26915348.039266 27542287.033378 4463.000000
27542287.033378 28183829.312641 28840315.031263 4340.000000
28840315.031263 29512092.266660 30199517.204016 4397.000000
30199517.204016 30902954.325132 31622776.601680 4425.000000
31622776.601680 32359365.692959 33113112.148255 4199.000000
33113112.148255 33884415.613916 34673685.045249 4383.000000
34673685.045249 35481338.923353 36307805.477006 4091.000000
36307805.477006 37153522.909713 38018939.632051 4169.000000
38018939.632051 38904514.499423 39810717.055345 4305.000000
39810717.055345 40738027.780406 41686938.347028 3995.000000
41686938.347028 42657951.880154 43651583.224011 4072.000000
43651583.224011 44668359.215090 45708818.961482 4056.000000
45708818.961482 46773514.128714 47863009.232258 3842.000000
47863009.232258 48977881.936838 50118723.362721 3819.000000
50118723.362721 51286138.399130 52480746.024970 3743.000000
52480746.024970 53703179.637018 54954087.385755 3665.000000
54954087.385755 56234132.519027 57543993.733708 3535.000000
57543993.733708 58884365.535551 60255958.607428 3549.000000
60255958.607428 61659500.186140 63095734.448011 3385.000000
63095734.448011 64565422.903457 66069344.800750 3284.000000
66069344.800750 67608297.539189 69183097.091884 3133.000000
69183097.091884 70794578.438404 72443596.007489 3070.000000
72443596.007489 74131024.130081 75857757.502908 2928.000000
75857757.502908 77624711.662858 79432823.472417 2724.000000
79432823.472417 81283051.616398 83176377.110255 2676.000000
83176377.110255 85113803.820225 87096358.995595 2619.000000
87096358.995595 89125093.813362 91201083.935578 2374.000000
91201083.935578 93325430.079685 95499258.602130 2276.000000
95499258.602130 97723722.095567 99999999.999985 2202.000000
99999999.999985 102329299.228060 104712854.805074 2013.000000
104712854.805074 107151930.523745 109647819.614302 1897.000000
109647819.614302 112201845.430180 114815362.149671 1724.000000
114815362.149671 117489755.493935 120226443.461723 1619.000000
120226443.461723 123026877.081219 125892541.179398 1531.000000
125892541.179398 128824955.169294 131825673.855621 1368.000000
131825673.855621 134896288.259145 138038426.460267 1288.000000
138038426.460267 141253754.462254 144543977.074570 1152.000000
144543977.074570 147910838.816798 151356124.843597 1075.000000
151356124.843597 154881661.891224 158489319.246086 877.000000
158489319.246086 162181009.735867 165958690.743730 829.000000
165958690.743730 169824365.246148 173780082.874910 770.000000
173780082.874910 177827941.003864 181970085.860969 694.000000
181970085.860969 186208713.666257 190546071.796294 574.000000
190546071.796294 194984459.975773 199526231.496856 460.000000
199526231.496856 204173794.466920 208929613.085370 385.000000
208929613.085370 213796208.950188 218776162.394919 353.000000
218776162.394919 223872113.856797 229086765.276740 329.000000
229086765.276740 234422881.531953 239883291.901909 257.000000
239883291.901909 245470891.568462 251188643.150916 229.000000
251188643.150916 257039578.276843 263026799.189494 204.000000
263026799.189494 269153480.392646 275422870.333770 163.000000
275422870.333770 281838293.126398 288403150.312612 148.000000
288403150.312612 295120922.666588 301995172.040150 90.000000
301995172.040150 309029543.251306 316227766.016784 93.000000
316227766.016784 323593656.929573 331131121.482534 69.000000
331131121.482534 338844156.139144 346736850.452471 52.000000
346736850.452471 354813389.233514 363078054.770038 54.000000
363078054.770038 371535229.097107 380189396.320494 43.000000
380189396.320494 389045144.994212 398107170.553427 45.000000
398107170.553427 407380277.804041 416869383.470261 31.000000
416869383.470261 426579518.801517 436515832.240088 40.000000
436515832.240088 446683592.150883 457088189.614793 24.000000
457088189.614793 467735141.287114 478630092.322552 23.000000
478630092.322552 489778819.368358 501187233.627181 30.000000
501187233.627181 512861383.991271 524807460.249677 20.000000
524807460.249677 537031796.370154 549540873.857524 25.000000
549540873.857524 562341325.190246 575439937.337051 18.000000
575439937.337051 588843655.355480 602559586.074246 31.000000
602559586.074246 616595001.861367 630957344.480076 19.000000
630957344.480076 645654229.034535 660693448.007472 28.000000
660693448.007472 676082975.391855 691830970.918806 28.000000
691830970.918806 707945784.384004 724435960.074853 19.000000
724435960.074853 741310241.300777 758577575.029039 17.000000
758577575.029039 776247116.628543 794328234.724129 28.000000
794328234.724129 812830516.163943 831763771.102511 15.000000
831763771.102511 851138038.202212 870963589.955912 22.000000
870963589.955912 891250938.133573 912010839.355732 24.000000
912010839.355732 933254300.796809 954992586.021249 24.000000
