0.520715 0 -0.901904
0.735695 0 -0.735695
0.901038 0 -0.520215
1.00594 0 -0.269542
1.03443 0 6.33405e-17
0.9987 0 0.267601
0.895409 0 0.516965
0.731099 0 0.731099
0.514715 0 0.891512
0.424087 0.296949 -0.896708
0.601488 0.421166 -0.734281
0.73454 0.514331 -0.517715
0.816109 0.571445 -0.266954
0.84244 0.589883 6.29731e-17
0.813339 0.569506 0.266048
0.72851 0.510109 0.513465
0.593958 0.415894 0.725089
0.419582 0.293794 0.887182
0.217739 0.466943 -0.892378
0.307631 0.659716 -0.727917
0.375854 0.806023 -0.513465
0.419007 0.898564 -0.26566
0.433365 0.929355 6.27894e-17
0.418599 0.897688 0.265401
0.374939 0.804061 0.512215
0.306137 0.656512 0.724382
0.217105 0.465584 0.88978
-0.513465 6.28813e-17 -0.889347
-0.726856 8.90142e-17 -0.726856
-0.895842 1.0971e-16 -0.517215
-0.996285 1.2201e-16 -0.266954
-1.02893 1.26008e-16 6.30038e-17
-1.00063 1.22542e-16 0.268118
-0.89844 1.10028e-16 0.518715
-0.734281 8.99235e-17 0.734281
-0.518715 6.35242e-17 0.89844
-0.422859 0.296089 -0.89411
-0.596275 0.417516 -0.727917
-0.730284 0.511351 -0.514715
-0.814922 0.570614 -0.266565
-0.845717 0.592177 6.32181e-17
-0.815317 0.570891 0.266695
-0.732767 0.513089 0.516465
-0.597433 0.418327 0.729331
-0.424906 0.297522 0.89844
-0.216683 0.464678 -0.888048
-0.306585 0.657473 -0.725442
-0.374573 0.803276 -0.511715
-0.417783 0.895937 -0.264883
-0.432731 0.927996 6.26976e-17
-0.417987 0.896375 0.265013
-0.374939 0.804061 0.512215
-0.306884 0.658114 0.726149
-0.217 0.465357 0.889347
