9091233 0 36 9091318 2 107
51139659 2 135 51139689 1 13
59785086 2 198 59785119 1 101
67339792 2 232 67339824 1 178
67394233 2 234 67394265 1 179
67773536 2 258 67773570 1 183
68058472 2 282 68058505 1 185
68297617 2 310 68297646 1 188
70220413 0 247 70220532 1 208
75964453 2 329 75964484 1 268
76157289 0 261 76157374 2 340
76325918 2 349 76325949 1 271
76409369 2 357 76409404 1 272
76586864 0 264 76586949 2 376
76799368 2 394 76799400 1 276
84066572 2 409 84066682 1 378
84364870 2 434 84364905 1 380
84384655 2 435 84384686 1 381
84621584 2 458 84621617 1 384
84768094 2 473 84768128 1 386
84951403 2 491 84951474 1 389
85151999 0 292 85152082 2 508
85248638 0 294 85248757 1 392
91267000 0 318 91267117 1 470
92205171 2 515 92205207 1 483
92470732 2 523 92470765 1 486
92589752 2 530 92589783 1 487
92913816 2 550 92913851 1 492
93038004 2 561 93038038 1 493
93173006 0 328 93173125 1 495
93379432 2 598 93379467 1 497
93520111 2 610 93520144 1 500
99465986 0 348 99466101 1 582
100458026 2 616 100458060 1 596
100782400 1 599 100782449 2 624
100985938 2 636 100985969 1 603
101051041 0 353 101051125 2 640
101164769 2 648 101164771 0 354
101199396 2 650 101199427 1 606
101260746 0 356 101260829 2 654
101418905 2 671 101419029 1 608
101536650 2 684 101536685 1 610
101621572 0 357 101621654 2 692
101806004 1 614 101806018 2 713
105151392 0 366 105151510 1 662
105877625 0 370 105877744 1 670
109078252 2 729 109078286 1 715
109246320 2 733 109246350 1 718
109295204 2 735 109295237 1 719
109406186 2 742 109406219 1 721
109487909 2 748 109487943 1 722
109662654 0 380 109662738 2 761
109732205 2 770 109732240 1 724
109736787 2 771 109736817 1 725
109858496 2 785 109858528 1 726
110099010 1 730 110099132 2 818
110191401 2 827 110191432 1 732
114335176 1 788 114335241 0 396
117388504 0 401 117388590 2 831
117486684 2 836 117486716 1 834
117609797 2 846 117609828 1 835
117750985 2 854 117751008 1 838
117963081 2 876 117963112 1 841
118029311 2 883 118029344 1 842
118541306 2 936 118541338 1 847
120015324 0 413 120015443 1 867
125776005 2 944 125776041 1 945
125913030 2 953 125913062 1 947
126225656 2 975 126225691 1 952
126477200 2 1000 126477234 1 956
126599006 2 1018 126599040 1 957
126616943 0 436 126617027 2 1021
126747915 2 1037 126747947 1 959
126871414 2 1047 126871448 1 961
134130863 0 456 134130982 1 1064
134181438 2 1068 134181467 1 1065
134331955 2 1082 134331987 1 1067
134712555 2 1111 134712586 1 1071
134809057 2 1120 134809091 1 1072
134829056 2 1123 134829091 1 1073
134834638 0 458 134834722 2 1124
135024264 2 1143 135024368 1 1076
135121728 0 460 135121814 2 1154
135172664 2 1158 135172698 1 1077
139273504 1 1134 139273567 0 476
142279856 2 1166 142279891 1 1177
142585310 2 1180 142585342 1 1182
142935160 2 1201 142935194 1 1184
143105775 2 1220 143105807 1 1187
143134682 0 483 143134770 2 1223 143134804 1 1188
143280930 2 1237 143280963 1 1191
150991012 2 1291 150991043 1 1298
151105695 2 1297 151105730 1 1299
151147644 2 1299 151147678 1 1300
151227166 0 508 151227250 2 1303
151476110 2 1325 151476142 1 1305
151517527 2 1333 151517561 1 1306
151683990 2 1353 151684024 1 1309
151748040 0 509 151748124 2 1361
151761136 2 1364 151761171 1 1310
158165235 0 540 158165354 1 1393
159205182 2 1389 159205213 1 1407
159266619 2 1394 159266653 1 1408
159335524 2 1402 159335559 1 1409
159453682 2 1411 159453716 1 1411
159506015 1 1412 159506033 2 1415
159567823 2 1421 159567854 1 1413
159692410 2 1434 159692441 1 1415
159755836 0 544 159755921 2 1439
159769769 2 1441 159769805 1 1416
160067851 0 547 160067935 2 1476
163963013 0 558 163963132 1 1473
167306245 2 1490 167306280 1 1519
167401585 2 1493 167401618 1 1520
167822659 2 1515 167822694 1 1527
168007074 2 1530 168007106 1 1529
168220022 0 573 168220106 2 1553 168220140 1 1532
168231358 2 1555 168231390 1 1533
168430752 2 1575 168430784 1 1535
172314431 0 583 172314549 1 1590
175511583 2 1587 175511618 1 1635
175716547 2 1590 175716581 1 1637
175747915 2 1591 175747948 1 1638
175987509 2 1603 175987542 1 1641
176121656 2 1614 176121688 1 1644
176206312 2 1622 176206344 1 1645
176224763 2 1623 176224794 1 1646
176360624 2 1634 176360656 1 1648
176477749 0 595 176477787 2 1646
176483039 2 1647 176483076 1 1650
176593132 2 1661 176593167 1 1651
176661790 2 1667 176661823 1 1652
184331631 0 621 184331715 2 1710
184786206 0 622 184786291 2 1752
243063389 2 1885 243063423 1 1795
246715218 0 812 246715335 1 1830
250560865 2 1923 250560899 1 1870
251029546 2 1946 251029581 1 1875
251117998 2 1954 251118029 1 1876
251611491 2 1991 251611524 1 1879
258688139 0 855 258688258 1 1951
259617553 2 2052 259617587 1 1961
259730845 2 2063 259730877 1 1962
264131677 0 874 264131796 1 2017
267872389 2 2116 267872420 1 2067
268013710 2 2135 268013741 1 2069
268020533 0 884 268020617 2 2137
268127298 2 2146 268127328 1 2070
268366063 2 2171 268366096 1 2074
275913829 2 2212 275913860 1 2173
275996930 2 2216 275997043 1 2175
276007095 2 2217 276007126 1 2176
276177870 2 2229 276177901 1 2178
276300896 2 2234 276300927 1 2181
276428268 2 2253 276428306 1 2183
276561095 0 902 276561179 2 2269 276561212 1 2185
284173314 2 2316 284173348 1 2283
284315281 2 2324 284315312 1 2285
284419130 2 2333 284419163 1 2287
284500668 2 2338 284500699 1 2288
284683664 2 2356 284683695 1 2290
284710651 2 2361 284710684 1 2291
284909210 2 2381 284909238 1 2293
285010425 2 2394 285010461 1 2295
285157214 2 2408 285157246 1 2297
291045034 0 959 291045152 1 2378
292291935 2 2422 292291969 1 2394
292454657 2 2426 292454688 1 2397
292936594 2 2459 292936628 1 2404
292939777 0 967 292939861 2 2460
293124165 2 2479 293124196 1 2406
293451914 2 2520 293451943 1 2409
294739326 0 974 294739440 1 2429
300698248 1 2512 300698346 2 2528
300878194 0 992 300878282 2 2534
300887586 0 993 300887706 1 2514
301268887 2 2559 301268918 1 2519
301333084 2 2565 301333117 1 2520
301498475 0 995 301498558 2 2580
301719535 2 2601 301719565 1 2524
301802797 2 2609 301802831 1 2525
301861310 2 2616 301861345 1 2526
309110210 0 1027 309110293 2 2633
309269585 2 2639 309269618 1 2626
309392399 2 2648 309392428 1 2627
309423153 2 2652 309423185 1 2628
309549039 2 2664 309549071 1 2630
309743154 2 2681 309743185 1 2631
309867119 2 2697 309867155 1 2633
310096522 2 2721 310096554 1 2637
310134724 2 2726 310134756 1 2638
310270776 2 2740 310270811 1 2640
317514018 2 2747 317514052 1 2743
317943460 2 2767 317943496 1 2748
318117002 2 2779 318117032 1 2751
318204509 2 2787 318204541 1 2752
318237748 2 2790 318237781 1 2753
318318336 2 2797 318318367 1 2754
318448041 2 2810 318448079 1 2755
325185304 0 1079 325185434 1 2846
326142170 0 1085 326142254 2 2849
326532850 2 2881 326532882 1 2863
326585150 2 2885 326585180 1 2864
326848989 2 2910 326849020 1 2868
330345143 0 1094 330345256 1 2918
334222093 2 2929 334222127 1 2972
334375928 2 2939 334375963 1 2974
334442993 2 2945 334443095 1 2975
334767445 2 2973 334767479 1 2980
334834780 2 2980 334834812 1 2981
334884426 2 2984 334884458 1 2982
334915214 0 1106 334915306 2 2987
335019944 2 3000 335019979 1 2984
335100374 0 1107 335100459 2 3008
335196735 2 3019 335196765 1 2986
335215206 2 3022 335215242 1 2987
342596716 2 3047 342596748 1 3087
342627584 2 3048 342627616 1 3088
342790430 2 3058 342790460 1 3091
343089561 0 1132 343089651 2 3074
343387976 2 3104 343388008 1 3101
350935982 0 1157 350936070 2 3135
350991325 2 3140 350991359 1 3206
351036974 0 1159 351037058 2 3143
351110553 2 3146 351110585 1 3207
351220674 2 3155 351220708 1 3208
351244430 0 1160 351244513 2 3158
351435897 2 3175 351435934 1 3211
356169638 0 1171 356169756 1 3279
358880679 2 3232 358880710 1 3312
359366101 2 3247 359366134 1 3319
359394041 2 3250 359394073 1 3320
359528697 2 3260 359528728 1 3322
359570651 2 3263 359570681 1 3323
359705396 0 1186 359705483 2 3274
360320499 0 1188 360320618 1 3331
368151158 0 1208 368151242 2 3382
368399552 0 1209 368399638 2 3405
376854507 0 1240 376854591 2 3518
376873592 0 1241 376873676 2 3519
426066741 2 3566 426066772 1 3483
426107982 0 1426 426108063 2 3569
426152373 2 3572 426152403 1 3484
426379784 2 3586 426379816 1 3486
426721636 2 3611 426721670 1 3489
429394159 0 1438 429394277 1 3517
434228206 2 3622 434228239 1 3567
434487461 2 3635 434487496 1 3570
434597586 2 3641 434597619 1 3571
434687250 2 3645 434687281 1 3572
435005296 0 1456 435005381 2 3676
435031015 2 3680 435031046 1 3575
435125604 0 1457 435125688 2 3686
435201276 0 1458 435201360 2 3692
442655245 0 1484 442655330 2 3713
442792668 2 3722 442792703 1 3656
443071059 2 3744 443071095 1 3658
443208038 2 3764 443208070 1 3659
450930925 0 1515 450931010 2 3801
451236419 2 3821 451236452 1 3743
451522109 2 3840 451522140 1 3747
451526459 0 1516 451526542 2 3841
451600945 2 3847 451600976 1 3749
451793438 2 3871 451793472 1 3751
459434927 2 3893 459434959 1 3856
459504372 0 1543 459504455 2 3899
459653062 2 3908 459653095 1 3859
459780856 2 3918 459780887 1 3861
459994697 2 3936 459994730 1 3864
460053558 2 3941 460053594 1 3865
460202716 0 1547 460202801 2 3951
460296315 2 3956 460296346 1 3868
461770257 0 1554 461770285 1 3887
467621242 2 3975 467621268 1 3966
467782427 2 3985 467782457 1 3968
467971616 2 4000 467971648 1 3971
468172391 2 4021 468172426 1 3975
468550149 2 4067 468550186 1 3980
476379745 2 4120 476379780 1 4083
476484955 2 4128 476484987 1 4085
476624788 2 4141 476624823 1 4087
484303078 2 4181 484303101 1 4191
484393758 2 4188 484393788 1 4193
484543257 2 4200 484543289 1 4195
484659203 2 4206 484659234 1 4197
484839295 2 4218 484839329 1 4199
485106735 2 4249 485106767 1 4203
485117825 2 4250 485117858 1 4204
485222121 2 4257 485222153 1 4205
485931506 0 1645 485931623 1 4215
492899105 2 4297 492899136 1 4310
493153676 2 4316 493153712 1 4314
493191177 2 4318 493191214 1 4315
493592978 0 1673 493593068 2 4361
501313771 2 4395 501313804 1 4432
501453769 2 4405 501453802 1 4434
501622481 2 4426 501622512 1 4435
509322580 2 4497 509322613 1 4538
509575926 2 4508 509575955 1 4541
509686849 2 4514 509686884 1 4543
509752384 2 4518 509752416 1 4545
509821729 2 4526 509821766 1 4546
510262887 2 4569 510262922 1 4549
517189239 2 4575 517189272 1 4640
517762772 2 4597 517762807 1 4649
517823265 2 4600 517823298 1 4650
517953732 0 1742 517953817 2 4610
518214602 0 1743 518214687 2 4634
518242678 2 4638 518242713 1 4656
518339862 2 4648 518339897 1 4657
518637881 2 4671 518637911 1 4658
518648241 2 4673 518648275 1 4659
519608671 1 4673 519608790 0 1748
526002387 2 4688 526002418 1 4755
526092545 2 4690 526092576 1 4757
526121890 0 1775 526121975 2 4692
526331295 2 4711 526331327 1 4761
526343538 0 1776 526343623 2 4712
526405077 2 4721 526405109 1 4762
526496242 2 4728 526496274 1 4763
526580581 2 4739 526580614 1 4764
526739709 2 4756 526739741 1 4766
526917127 2 4780 526917161 1 4767
526924599 0 1779 526924717 1 4768
532322076 0 1802 532322216 1 4840
532758321 0 1805 532758436 1 4846
533960003 2 4790 533960041 1 4860
534500092 2 4811 534500125 1 4868
534542585 0 1816 534542667 2 4814
534959458 2 4852 534959492 1 4873
535294130 0 1821 535294215 2 4890
535303063 0 1822 535303148 2 4892
542753383 0 1846 542753469 2 4914
542757653 2 4915 542757685 1 4980
543130009 2 4943 543130045 1 4984
543505696 2 4989 543505731 1 4989
543590462 1 4990 543590523 2 4997
543648793 2 5000 543648824 1 4991
547614784 0 1860 547614903 1 5048
551439255 2 5050 551439288 1 5100
551520250 2 5059 551520284 1 5101
551714122 2 5077 551714154 1 5104
551843704 2 5090 551843738 1 5106
551885989 0 1874 551886106 1 5107
551955969 1 5108 551956006 2 5097
559465663 0 1915 559465744 2 5123
560217800 2 5190 560217939 0 1917
609760600 2 5267 609760634 1 5145
617929754 2 5307 617929785 1 5229
617996346 2 5312 617996381 1 5230
626062144 2 5372 626062175 1 5313
626628481 2 5425 626628516 1 5318
626681146 2 5428 626681179 1 5319
626916264 0 2142 626916349 2 5443 626916383 1 5321
634057847 2 5448 634057881 1 5396
634372733 2 5461 634372765 1 5399
635202959 2 5529 635202993 1 5407
638758072 0 2175 638758190 1 5453
643006217 2 5561 643006248 1 5512
643076505 2 5570 643076540 1 5513
643207678 2 5580 643207712 1 5515
643462610 2 5603 643462645 1 5519
643521594 2 5608 643521628 1 5520
643607141 1 5521 643607205 2 5611
643678450 2 5616 643678481 1 5522
648858032 0 2205 648858154 1 5595
650954792 2 5623 650954824 1 5621
651086042 2 5631 651086074 1 5622
651090848 2 5632 651090887 1 5623
651143558 2 5633 651143590 1 5624
651399494 2 5653 651399525 1 5628
651708743 0 2216 651708826 2 5679
651876027 2 5696 651876059 1 5635
652035941 0 2217 652036027 2 5713
659492440 2 5742 659492470 1 5741
659621918 2 5755 659621951 1 5744
659855252 2 5776 659855287 1 5748
659900398 2 5777 659900427 1 5749
660001702 2 5786 660001736 1 5750
660242742 2 5808 660242772 1 5753
660323044 2 5813 660323080 1 5755
667932182 2 5843 667932212 1 5856
668195443 2 5869 668195474 1 5859
668266953 2 5880 668266986 1 5860
668285104 2 5882 668285135 1 5861
668523744 1 5864 668523804 2 5919
668550520 2 5923 668550550 1 5865
668647121 2 5929 668647156 1 5866
676035968 2 5951 676036032 0 2309
676169030 2 5962 676169061 1 5963
676209719 0 2311 676209803 2 5965
676833107 2 6027 676833143 1 5971
676959239 2 6035 676959272 1 5973
682328720 0 2326 682328838 1 6049
684275023 2 6045 684275057 1 6077
684585790 2 6067 684585823 1 6082
684863586 2 6092 684863621 1 6086
684915727 2 6100 684915782 1 6088
685208012 2 6129 685208041 1 6090
685317136 2 6144 685317168 1 6091
685333085 0 2331 685333173 2 6148
685349924 2 6149 685349957 1 6092
687249777 0 2339 687249897 1 6118
689784579 0 2352 689784698 1 6151
692663031 2 6168 692663065 1 6189
692832870 2 6179 692832896 1 6192
692915063 2 6185 692915119 1 6193
693215228 0 2368 693215322 2 6213
693437199 2 6236 693437231 1 6198
693460806 2 6238 693460838 1 6199
693615408 2 6252 693615440 1 6201
696388335 0 2377 696388453 1 6241
701080095 2 6273 701080125 1 6309
701164932 2 6277 701164962 1 6310
701359651 2 6291 701359685 1 6311
701615201 2 6312 701615236 1 6315
701714005 0 2390 701714090 2 6324
701771902 2 6331 701771935 1 6317
702004810 2 6359 702004841 1 6319
702071732 2 6363 702071767 1 6321
709331585 2 6375 709331615 1 6415
709809764 2 6407 709809792 1 6420
709881804 2 6413 709881834 1 6422
710003152 2 6429 710003187 1 6424
710122017 2 6444 710122051 1 6426
710225062 2 6451 710225096 1 6427
710285602 2 6455 710285636 1 6428
711111844 0 2430 711111962 1 6441
718067302 2 6509 718067336 1 6539
718168139 2 6519 718168172 1 6541
718281844 2 6528 718281878 1 6543
724102950 0 2456 724103069 1 6629
726121665 2 6583 726121698 1 6653
726160638 2 6587 726160669 1 6654
726367158 2 6597 726367191 1 6657
726629933 2 6624 726629968 1 6661
726794080 2 6636 726794111 1 6663
726833607 2 6640 726833756 1 6664
726860575 2 6644 726860605 1 6665
727066421 2 6659 727066455 1 6667
732592749 1 6742 732592858 0 2483
734692924 2 6695 734692953 1 6766
734936186 2 6714 734936220 1 6769
734972958 2 6719 734972988 1 6770
735291366 2 6745 735291400 1 6773
735312439 2 6746 735312475 1 6774
735326651 0 2497 735326735 2 6748
736426081 0 2500 736426199 1 6790
743512376 0 2528 743512461 2 6842
801153139 2 6981 801153175 1 6905
801422815 2 7006 801422847 1 6908
801592524 2 7025 801592553 1 6910
806324238 0 2739 806324356 1 6959
809886150 0 2752 809886232 2 7089
810040215 2 7107 810040247 1 6996
810431217 0 2756 810431301 2 7122
818194105 2 7165 818194138 1 7080
818360914 2 7191 818361002 1 7082
825537237 0 2809 825537355 1 7163
825916960 2 7212 825916992 1 7170
826113199 2 7224 826113232 1 7173
826438476 0 2812 826438537 2 7246
826650089 2 7263 826650122 1 7178
826748959 2 7273 826748996 1 7179
826797961 2 7279 826797994 1 7180
826877311 2 7287 826877342 1 7181
826950051 2 7294 826950082 1 7182
826989530 2 7295 826989561 1 7183
831614096 0 2827 831614215 1 7248
834228337 2 7309 834228371 1 7288
834320290 2 7315 834320323 1 7290
834935401 2 7365 834935432 1 7297
835249158 0 2832 835249242 2 7412
835398226 2 7419 835398259 1 7304
835434151 2 7423 835434185 1 7305
837448701 0 2839 837448819 1 7334
842958803 2 7449 842958839 1 7404
843061333 2 7459 843061364 1 7405
843102756 0 2858 843102873 1 7406
843130836 2 7464 843130868 1 7407
843363731 0 2859 843363818 2 7477
843412485 0 2860 843412601 1 7411
843521967 2 7494 843521998 1 7412
851007381 2 7529 851007411 1 7518
851233372 2 7542 851233404 1 7522
851324297 2 7552 851324307 0 2878
851393954 0 2879 851394038 2 7561
851478709 2 7565 851478744 1 7525
851532772 2 7569 851532802 1 7526
852075735 2 7625 852075766 1 7533
859322264 2 7647 859322293 1 7630
859439738 2 7653 859439772 1 7631
859549620 2 7660 859549654 1 7633
859801643 2 7683 859801675 1 7637
860058137 2 7707 860058170 1 7641
860156360 2 7715 860156394 1 7643
860258274 2 7724 860258307 1 7644
860307250 0 2910 860307334 2 7730
860367100 2 7733 860367129 1 7645
860503545 2 7741 860503581 1 7646
866192886 0 2923 866193003 1 7726
867790738 2 7756 867790769 1 7745
867793933 2 7757 867793966 1 7746
867798631 0 2929 867798750 1 7747
868015438 2 7773 868015470 1 7749
868192381 2 7780 868192413 1 7752
868328561 0 2930 868328646 2 7793 868328681 1 7755
868662916 2 7839 868662948 1 7759
876292671 2 7872 876292703 1 7862
876555349 2 7892 876555383 1 7867
876939471 2 7926 876939502 1 7871
884735130 2 7983 884735161 1 7970
884857937 2 7994 884857968 1 7971
885036879 2 8015 885036911 1 7974
885240131 2 8041 885240163 1 7977
885333936 2 8052 885333970 1 7978
885382740 2 8055 885382773 1 7979
892703467 0 3029 892703559 2 8074
892967857 2 8093 892967885 1 8082
893160358 2 8111 893160386 1 8084
893186824 2 8113 893186851 1 8086
893275850 2 8117 893275881 1 8087
893365878 0 3030 893365962 2 8128
893418393 2 8133 893418425 1 8089
893421305 2 8134 893421410 1 8090
900769844 2 8166 900769878 1 8185
901079273 2 8171 901079305 1 8189
901154235 2 8176 901154266 1 8191
901440603 2 8207 901440635 1 8195
901558986 2 8217 901559018 1 8197
901752061 2 8238 901752095 1 8200
901906530 2 8250 901906564 1 8201
907853773 0 3084 907853890 1 8283
909346249 0 3090 909346367 1 8303
909493021 2 8288 909493054 1 8305
909540035 2 8293 909540069 1 8306
909635655 2 8301 909635687 1 8307
909661253 2 8302 909661287 1 8308
909849503 2 8316 909849536 1 8309
909959901 0 3094 909959985 2 8327
910235042 2 8353 910235189 0 3096
910427389 2 8369 910427417 1 8316
910497273 2 8373 910497307 1 8317
914346298 0 3113 914346417 1 8367
917600082 2 8379 917600115 1 8408
917799443 2 8387 917799474 1 8410
917922178 2 8402 917922209 1 8412
917958262 0 3133 917958346 2 8404
926177678 2 8517 926177712 1 8526
926229935 2 8522 926229965 1 8528
926361182 2 8530 926361215 1 8531
926580503 2 8546 926580536 1 8532
926684193 2 8560 926684226 1 8533
926709374 0 3160 926709459 2 8562
926848077 2 8579 926848111 1 8536
927084485 2 8600 927084517 1 8539
934418836 0 3191 934418920 2 8610
935114875 0 3193 935114959 2 8665
984413765 2 8682 984413797 1 8566
984682213 2 8691 984682247 1 8569
993027174 2 8727 993027208 1 8655
993513032 2 8774 993513120 1 8659
999245372 0 3415 999245490 1 8719
1001407263 2 8817 1001407296 1 8740
1001432806 2 8819 1001432836 1 8741
1001548327 2 8831 1001548359 1 8742
1001652443 2 8845 1001652478 1 8743
1009778284 2 8901 1009778318 1 8827
1010166190 2 8934 1010166224 1 8830
1010186902 2 8937 1010186941 1 8831
1010240916 2 8942 1010240947 1 8832
1011453314 0 3462 1011453434 1 8844
1011719869 0 3464 1011719986 1 8847
1017714741 0 3489 1017714793 2 8968
1017906646 2 8977 1017906682 1 8926
1018073371 2 8990 1018073403 1 8929
1018154816 2 8996 1018154852 1 8930
1018194399 2 9000 1018194431 1 8931
1018325400 0 3490 1018325485 2 9012
1018587405 2 9034 1018587441 1 8937
1018677589 2 9042 1018677623 1 8939
1018818872 2 9057 1018818904 1 8940
1026079874 2 9067 1026079909 1 9040
1026272702 2 9077 1026272733 1 9043
1026403979 2 9083 1026404010 1 9046
1026509364 2 9092 1026509396 1 9047
1026775036 2 9112 1026775069 1 9050
1026878186 2 9124 1026878217 1 9052
1026919780 2 9126 1026919813 1 9053
1027037038 2 9135 1027037073 1 9054
1027135215 0 3520 1027135301 2 9142
1031180948 0 3530 1031181067 1 9112
1034391509 2 9154 1034391542 1 9156
1034631420 0 3545 1034631510 2 9167
1034929620 2 9195 1034929649 1 9163
1035091219 2 9209 1035091251 1 9165
1035340663 0 3547 1035340747 2 9240
1035470594 2 9252 1035470626 1 9169
1036874764 0 3549 1036874882 1 9191
1042784483 2 9264 1042784515 1 9272
1042924517 2 9273 1042924549 1 9274
1043111701 1 9276 1043111819 2 9284
1043535321 0 3572 1043535405 2 9330
1043595219 2 9338 1043595250 1 9282
1043647282 2 9349 1043647314 1 9283
1046026495 0 3578 1046026611 1 9318
1047256456 0 3583 1047256571 1 9334
1048109831 0 3587 1048109949 1 9346
1050744135 0 3600 1050744254 1 9379
1051298912 2 9390 1051298942 1 9387
1051573733 2 9413 1051573766 1 9389
1051617840 2 9417 1051617873 1 9390
1051786828 2 9441 1051786866 1 9392
1051951123 0 3606 1051951208 2 9458
1053143062 0 3609 1053143177 1 9411
1053470984 0 3610 1053471102 1 9414
1059505668 0 3623 1059505754 2 9487
1059801507 0 3624 1059801592 2 9506
1059878475 0 3625 1059878560 2 9512
1060247769 2 9556 1060247803 1 9510
1067138469 1 9608 1067138617 0 3646
1067816898 2 9602 1067816926 1 9617
1067948949 2 9613 1067948983 1 9619
1068118837 2 9623 1068118868 1 9620
1068366494 2 9645 1068366526 1 9623
1068532452 2 9670 1068532484 1 9626
1068609466 2 9683 1068609493 1 9627
1068731963 0 3653 1068732048 2 9698 1068732082 1 9629
1074155320 0 3670 1074155433 1 9705
1075810838 0 3678 1075810959 1 9727
1076246097 2 9725 1076246130 1 9731
1076646976 2 9755 1076647007 1 9737
1076760129 2 9767 1076760162 1 9739
1084377378 2 9806 1084377412 1 9845
1084428090 2 9807 1084428121 1 9846
1084514503 2 9818 1084514534 1 9847
1085031280 0 3704 1085031363 2 9857
1085035798 2 9858 1085035829 1 9855
1085068590 2 9861 1085068622 1 9856
1085391048 0 3707 1085391133 2 9895
1088862348 0 3716 1088862467 1 9909
1092024861 0 3727 1092024980 1 9953
1092837958 0 3729 1092838104 2 9918
1092893282 2 9921 1092893316 1 9964
1093095224 0 3730 1093095308 2 9933
1093297902 2 9955 1093297934 1 9970
1093436269 2 9968 1093436301 1 9972
1093462548 2 9970 1093462582 1 9973
1093525872 2 9978 1093525905 1 9974
1093607945 2 9986 1093608083 1 9975
1093753777 2 9996 1093753812 1 9977
1099398627 1 10056 1099398712 0 3746
1100036991 0 3749 1100037109 1 10065
1101227358 2 10015 1101227393 1 10082
1101375333 2 10023 1101375365 1 10083
1101597110 2 10037 1101597255 1 10087
1101620628 2 10040 1101620660 1 10088
1101736515 0 3752 1101736599 2 10049
1101916532 2 10068 1101916573 1 10092
1103885943 0 3754 1103886060 1 10121
1109458140 2 10104 1109458172 1 10192
1109534861 2 10110 1109534896 1 10193
1109574479 0 3782 1109574563 2 10112
1109901809 2 10130 1109901839 1 10198
1109914326 2 10132 1109914358 1 10199
1110159391 2 10154 1110159426 1 10203
1110492678 0 3783 1110492731 2 10175
1110646145 0 3784 1110646263 1 10208
1171021882 0 3996 1171022001 1 10269
1171104502 0 3997 1171104617 1 10270
1176225426 2 10406 1176225459 1 10324
1184637455 2 10470 1184637481 1 10411
1185162750 0 4042 1185162832 2 10522
1192515272 0 4065 1192515387 1 10492
1192673570 0 4066 1192673703 1 10494
1193102931 2 10567 1193102963 1 10498
1193549519 2 10617 1193549551 1 10502
1201148859 2 10637 1201148889 1 10590
1201227069 2 10643 1201227102 1 10591
1201309710 2 10648 1201309746 1 10593
1201468675 2 10657 1201468704 1 10595
1201541110 2 10664 1201541142 1 10596
1201725017 2 10674 1201725050 1 10597
1201760329 2 10678 1201760361 1 10598
1201883006 0 4099 1201883091 2 10691
1201946780 0 4100 1201946864 2 10699
1202049278 2 10713 1202049305 1 10602
1209553271 0 4122 1209553356 2 10745
1210181647 2 10801 1210181680 1 10716
1210362767 2 10819 1210362802 1 10718
1212842227 0 4131 1212842348 1 10754
1217206947 0 4145 1217207066 1 10815
1217987419 2 10845 1217987460 1 10824
1218038409 2 10849 1218038442 1 10825
1218272760 2 10862 1218272792 1 10828
1218608857 2 10900 1218608888 1 10834
1218760171 2 10915 1218760206 1 10836
1218794240 2 10918 1218794275 1 10837
1220931175 0 4154 1220931292 1 10868
1226266745 2 10948 1226266780 1 10939
1226308045 2 10951 1226308075 1 10940
1226644551 0 4174 1226644636 2 10972
1226987458 2 11004 1226987494 1 10950
1227102415 2 11016 1227102450 1 10952
1234414180 2 11035 1234414216 1 11054
1234680052 2 11052 1234680082 1 11057
1234757543 2 11055 1234757569 1 11059
1234805071 2 11057 1234805103 1 11060
1235085594 2 11084 1235085626 1 11064
1235275825 2 11109 1235275857 1 11066
1235458110 2 11134 1235458145 1 11069
1235556019 2 11146 1235556050 1 11070
1235562976 2 11147 1235563011 1 11071
1242899703 2 11167 1242899735 1 11170
1242911465 2 11169 1242911494 1 11171
1243213021 0 4228 1243213102 2 11190
1243354231 2 11208 1243354257 1 11177
1243690733 2 11241 1243690764 1 11182
1243872736 0 4231 1243872823 2 11251
1247719590 0 4241 1247719709 1 11235
1251347732 2 11273 1251347766 1 11285
1251594821 2 11285 1251594853 1 11289
1251740700 0 4250 1251740786 2 11298
1252163813 2 11342 1252163848 1 11298
1256022267 0 4264 1256022319 1 11349
1259451948 2 11353 1259451982 1 11393
1259765949 2 11375 1259765981 1 11397
1259902085 2 11388 1259902117 1 11399
1260100497 2 11406 1260100533 1 11402
1260134849 0 4285 1260134933 2 11410
1260315607 2 11424 1260315640 1 11405
1260422658 2 11439 1260422689 1 11407
1262742161 0 4289 1262742276 1 11440
1267791230 1 11509 1267791338 2 11456
1267963429 2 11466 1267963459 1 11511
1268333449 2 11489 1268333483 1 11518
1268424931 2 11500 1268424965 1 11519
1268709417 2 11543 1268709450 1 11522
1269764791 0 4310 1269764910 1 11538
1276444360 2 11584 1276444393 1 11628
1276580039 2 11597 1276580074 1 11631
1276981059 2 11634 1276981093 1 11636
1277145481 2 11653 1277145513 1 11637
1280829379 1 11692 1280829468 0 4345
1284338865 2 11666 1284338900 1 11741
1285114574 2 11708 1285114606 1 11751
1285402175 2 11739 1285402209 1 11755
1285563742 2 11756 1285563773 1 11757
1286618463 0 4366 1286618581 1 11770
1293119635 2 11780 1293119666 1 11863
1293125369 2 11781 1293125403 1 11864
1293316738 2 11793 1293316770 1 11867
1293326234 0 4380 1293326316 2 11795
1293674649 2 11839 1293674681 1 11872
1294749433 0 4388 1294749550 1 11885
1295798650 0 4393 1295798768 1 11899
1301245387 2 11868 1301245422 1 11972
1301360401 2 11878 1301360434 1 11974
1309762905 0 4436 1309762992 2 11991
1309946494 0 4437 1309946580 2 12005
1317544756 2 12056 1317544805 0 4459
1357831188 0 4629 1357831305 1 12004
1359636762 0 4634 1359636848 2 12108
1360010128 2 12131 1360010160 1 12027
1367621553 0 4663 1367621671 1 12105
1368162777 2 12191 1368162811 1 12111
1368622186 2 12229 1368622217 1 12114
1369010707 0 4670 1369010826 1 12119
1376236542 2 12249 1376236572 1 12194
1376709795 2 12279 1376709829 1 12198
1376894851 2 12293 1376894885 1 12200
1377189000 2 12320 1377189031 1 12202
1377193891 0 4693 1377194007 1 12203
1384698789 2 12344 1384698820 1 12280
1384822949 2 12351 1384822983 1 12282
1384933563 2 12360 1384933593 1 12283
1384985411 0 4719 1384985529 1 12284
1385135193 2 12377 1385135227 1 12286
1385251078 2 12394 1385251110 1 12287
1385434034 2 12410 1385434069 1 12290
1392216190 0 4751 1392216305 1 12380
1393068190 2 12434 1393068265 0 4754
1393075662 2 12435 1393075693 1 12391
1393191151 2 12446 1393191187 1 12393
1393441484 2 12464 1393441517 1 12396
1393446043 2 12465 1393446075 1 12397
1393624976 2 12487 1393625008 1 12399
1393754247 2 12501 1393754279 1 12401
1400753255 0 4784 1400753375 1 12494
1401048375 2 12519 1401048408 1 12497
1401373726 2 12532 1401373760 1 12501
1401631562 2 12554 1401631594 1 12504
1401685481 0 4788 1401685567 2 12557
1401737045 2 12564 1401737078 1 12506
1402101325 0 4789 1402101408 2 12598
1409365762 2 12620 1409365794 1 12612
1409483744 0 4814 1409483830 2 12627
1409913364 2 12655 1409913397 1 12618
1409925926 2 12657 1409925956 1 12619
1409987831 2 12662 1409987865 1 12620
1410253314 2 12685 1410253344 1 12623
1410310158 2 12690 1410310190 1 12624
1410332195 2 12694 1410332226 1 12625
1410395742 2 12703 1410395773 1 12626
1413000331 0 4827 1413000451 1 12659
1417768634 2 12726 1417768666 1 12724
1417824509 2 12731 1417824542 1 12725
1417951372 2 12739 1417951403 1 12727
1418079006 2 12746 1418079041 1 12729
1418161564 2 12754 1418161598 1 12730
1418255301 2 12758 1418255336 1 12732
1418418559 2 12771 1418418591 1 12734
1418625658 2 12799 1418625691 1 12737
1418637507 2 12801 1418637539 1 12738
1418796067 0 4846 1418796184 1 12741
1423300393 0 4866 1423300502 1 12800
1426504413 0 4881 1426504497 2 12874
1426532911 2 12877 1426532942 1 12842
1426658397 2 12883 1426658429 1 12843
1427032982 2 12916 1427033015 1 12848
1427076315 0 4883 1427076399 2 12922
1427130516 2 12924 1427130547 1 12849
1429780101 0 4893 1429780218 1 12886
1434739271 2 12953 1434739300 1 12956
1434866504 2 12963 1434866538 1 12957
1434878648 2 12964 1434878679 1 12958
1434940341 2 12973 1434940375 1 12959
1435215474 0 4908 1435215558 2 13000
1435332692 2 13016 1435332725 1 12963
1435990417 0 4910 1435990532 1 12973
1439717533 0 4919 1439717653 1 13027
1440364776 0 4922 1440364894 1 13034
1442447732 0 4927 1442447849 1 13065
1443341781 2 13078 1443341814 1 13076
1443410849 2 13083 1443410880 1 13077
1443568861 2 13099 1443568897 1 13080
1443715320 2 13109 1443715351 1 13082
1443778575 2 13113 1443778603 1 13083
1443929313 2 13126 1443929347 1 13085
1445790209 0 4940 1445790330 1 13110
1451137669 2 13136 1451137699 1 13184
1451500484 2 13162 1451500518 1 13188
1451751022 2 13184 1451751056 1 13192
1451853723 0 4959 1451853807 2 13195
1452148972 2 13221 1452149002 1 13198
1452232885 2 13227 1452232916 1 13199
1459313674 2 13237 1459313705 1 13299
1459777275 2 13258 1459777310 1 13303
1459794546 2 13259 1459794580 1 13304
1459869163 0 4984 1459869247 2 13263 1459869281 1 13305
1459989649 2 13269 1459989692 1 13306
1460384503 2 13305 1460384536 1 13312
1460490508 0 4985 1460490597 2 13311 1460490626 1 13315
1462422780 0 4993 1462422898 1 13341
1467913051 2 13333 1467913083 1 13412
1467955630 2 13337 1467955659 1 13413
1468243052 2 13355 1468243086 1 13417
1468359593 2 13367 1468359625 1 13419
1468456881 2 13379 1468456914 1 13420
1468586613 2 13392 1468586645 1 13423
1476559355 2 13467 1476559387 1 13538
1477043721 2 13514 1477043752 1 13546
1477216616 2 13530 1477216638 1 13548
1478080501 0 5036 1478080619 1 13559
1481193451 0 5047 1481193572 1 13601
1484440756 2 13544 1484440786 1 13644
1484975443 2 13578 1484975475 1 13650
1485019675 2 13583 1485019709 1 13651
1485116912 0 5067 1485116995 2 13595
1485543221 2 13637 1485543252 1 13659
1493844419 0 5094 1493844504 2 13744
1501434591 0 5127 1501434679 2 13781
1543186832 0 5256 1543186936 1 13701
1551167975 0 5284 1551168062 2 13835
1551306033 2 13842 1551306066 1 13783
1551447387 2 13851 1551447420 1 13784
1551884281 0 5285 1551884365 2 13885
1551958645 2 13893 1551958680 1 13789
1552023357 2 13899 1552023392 1 13790
1559552891 0 5316 1559552945 2 13925
1559647960 2 13934 1559647992 1 13869
1559735182 2 13941 1559735213 1 13870
1560122028 2 13975 1560122062 1 13873
1567892685 2 14008 1567892718 1 13950
1568044606 2 14016 1568044637 1 13951
1568146764 0 5340 1568146848 2 14024
1568337216 2 14043 1568337248 1 13955
1568582364 0 5342 1568582446 2 14070
1568650460 2 14077 1568650485 1 13957
1575941631 2 14083 1575941664 1 14056
1576371247 2 14097 1576371277 1 14062
1576562189 2 14110 1576562220 1 14065
1576567291 2 14111 1576567323 1 14066
1576880765 2 14132 1576880798 1 14069
1577127256 1 14072 1577127266 2 14157
1581269422 0 5381 1581269540 1 14131
1585074998 2 14210 1585075030 1 14180
1585216210 2 14223 1585216244 1 14182
1585389434 2 14245 1585389467 1 14184
1585548670 1 14186 1585548814 2 14258
1590652767 0 5413 1590652888 1 14257
1593029153 2 14277 1593029187 1 14291
1593187458 2 14289 1593187492 1 14292
1593571760 2 14323 1593571796 1 14298
1593648441 2 14332 1593648477 1 14299
1593929675 2 14353 1593929709 1 14304
1593996430 0 5422 1593996551 1 14305
1601459689 2 14376 1601459722 1 14406
1601683200 2 14394 1601683233 1 14410
1601766109 2 14402 1601766143 1 14411
1601806686 2 14407 1601806721 1 14412
1601877062 2 14412 1601877096 1 14413
1605600948 0 5456 1605601067 1 14466
1609615654 2 14469 1609615689 1 14519
1610039877 2 14489 1610039907 1 14525
1610119717 0 5472 1610119801 2 14496
1610369143 2 14526 1610369176 1 14530
1610515924 2 14536 1610515957 1 14533
1610578745 2 14543 1610578777 1 14534
1610663093 2 14549 1610663123 1 14535
1617990284 2 14566 1617990314 1 14639
1618040511 0 5491 1618040594 2 14568
1618044640 2 14569 1618044675 1 14640
1618161840 0 5493 1618161926 2 14577
1618204894 2 14582 1618204930 1 14642
1618367923 2 14595 1618367952 1 14644
1618516595 2 14615 1618516629 1 14645
1618725731 2 14647 1618725760 1 14649
1618808256 2 14655 1618808287 1 14650
1618837752 0 5495 1618837837 2 14656
1618901783 2 14661 1618901814 1 14652
1626085015 0 5526 1626085131 1 14746
1626182956 0 5528 1626183042 2 14674
1626265394 2 14676 1626265424 1 14748
1626299834 2 14677 1626299869 1 14749
1626452207 2 14685 1626452238 1 14751
1626535189 2 14692 1626535221 1 14752
1626968323 2 14736 1626968328 1 14758
1627132392 2 14752 1627132424 1 14760
1627138940 2 14754 1627138971 1 14761
1627272706 2 14764 1627272739 1 14764
1634819502 2 14795 1634819605 1 14869
1635001655 2 14799 1635001687 1 14871
1635199765 0 5553 1635199846 2 14821
1635242537 2 14827 1635242573 1 14873
1635246027 2 14828 1635246061 1 14874
1635395313 0 5554 1635395396 2 14842
1635587441 0 5555 1635587525 2 14860
1635696056 0 5556 1635696137 2 14865
1642927605 2 14872 1642927635 1 14975
1643127852 2 14888 1643127883 1 14977
1643237220 2 14894 1643237250 1 14979
1643335705 2 14901 1643335736 1 14981
1643375927 0 5592 1643376013 2 14906
1643490562 2 14913 1643490595 1 14983
1643728582 2 14940 1643728619 1 14985
1643781132 0 5594 1643781217 2 14946
1643785094 2 14947 1643785130 1 14986
1643889953 2 14957 1643889982 1 14987
1644521794 0 5597 1644521912 1 14997
1649204351 0 5616 1649204466 1 15060
1650947316 0 5625 1650947433 1 15082
1651392763 2 14984 1651392791 1 15087
1651550440 2 14993 1651550466 1 15090
1651580577 2 14995 1651580608 1 15091
1651651972 2 15004 1651652005 1 15092
1652246860 2 15077 1652246892 1 15099
1659733689 2 15099 1659733722 1 15205
1659803043 2 15102 1659803105 1 15206
1660037734 2 15119 1660037765 1 15208
1660088028 2 15120 1660088061 1 15209
1660194519 2 15130 1660194551 1 15210
1660297427 0 5652 1660297511 2 15139
1667881323 2 15177 1667881357 1 15317
1667905820 2 15179 1667905851 1 15318
1668053325 2 15189 1668053357 1 15320
1668441686 2 15216 1668441722 1 15323
1668548478 2 15226 1668548510 1 15324
1668776974 2 15250 1668777008 1 15328
1668792548 2 15252 1668792580 1 15329
1668991641 0 5673 1668991726 2 15268
1671099946 0 5682 1671100064 1 15359
1693086560 0 5748 1693086646 2 15511
1734378167 2 15523 1734378201 1 15454
1734696444 2 15532 1734696528 1 15458
1735349998 1 15465 1735350143 2 15587
1735646741 0 5892 1735646825 2 15589
1735724446 0 5893 1735724564 1 15468
1736812505 0 5895 1736812624 1 15480
1742993688 2 15604 1742993719 1 15542
1743066856 2 15608 1743066888 1 15543
1743246768 2 15624 1743246801 1 15545
1743521840 0 5909 1743521856 2 15649
1743720893 0 5910 1743720977 2 15667
1751673683 2 15712 1751673714 1 15632
1751740922 2 15717 1751740956 1 15633
1751953874 2 15739 1751953920 1 15634
1752045368 2 15747 1752045402 1 15635
1752108736 0 5942 1752108829 2 15755
1759409924 2 15766 1759409958 1 15732
1759643760 2 15772 1759643791 1 15735
1759838240 2 15787 1759838276 1 15738
1759988159 2 15794 1759988193 1 15740
1760242375 2 15814 1760242409 1 15742
1760497839 2 15842 1760497872 1 15747
1763491863 0 5970 1763491982 1 15787
1768062499 2 15875 1768062530 1 15849
1768123429 2 15881 1768123461 1 15851
1768146238 2 15884 1768146272 1 15852
1768463455 2 15905 1768463489 1 15855
1768496490 2 15909 1768496524 1 15856
1768714884 2 15931 1768714915 1 15859
1776345080 2 15975 1776345109 1 15961
1776712891 2 16001 1776712924 1 15963
1776790689 2 16007 1776790721 1 15964
1776994627 2 16026 1776994633 1 15966
1776998734 2 16027 1776998766 1 15967
1777061830 2 16030 1777061887 1 15968
1777121946 2 16039 1777121949 1 15969
1777180230 2 16050 1777180334 0 6025
1777201242 2 16053 1777201273 1 15971
1784298583 0 6047 1784298706 1 16069
1784942786 2 16091 1784942817 1 16075
1784962637 2 16093 1784962671 1 16076
1785014112 2 16096 1785014146 1 16077
1785180634 2 16111 1785180670 1 16079
1785238863 2 16117 1785238896 1 16080
1785278119 0 6051 1785278204 2 16122
1785643419 2 16158 1785643450 1 16084
1785682478 2 16161 1785682512 1 16086
1787203623 0 6057 1787203740 1 16107
1788308457 0 6066 1788308574 1 16120
1793042924 2 16171 1793042956 1 16184
1793075526 2 16173 1793075557 1 16185
1793448747 0 6087 1793448832 2 16203
1793688339 2 16229 1793688375 1 16192
1793789271 2 16241 1793789304 1 16193
1794037753 2 16267 1794037783 1 16197
1797392248 0 6093 1797392367 1 16245
1801342482 2 16285 1801342513 1 16298
1801546354 0 6112 1801546440 2 16302
1801758460 2 16319 1801758491 1 16303
1801880015 2 16333 1801880047 1 16306
1801933611 2 16338 1801933644 1 16307
1802166002 2 16370 1802166035 1 16310
1802374784 0 6113 1802374901 1 16314
1809687822 2 16397 1809687862 1 16414
1809913395 2 16411 1809913425 1 16417
1809916001 2 16412 1809916035 1 16418
1809979534 2 16418 1809979568 1 16419
1810101500 0 6139 1810101585 2 16427
1810413979 2 16459 1810414011 1 16425
1810547744 2 16480 1810547779 1 16427
1812151923 0 6145 1812152040 1 16449
1817776872 2 16497 1817776906 1 16523
1818141630 2 16514 1818141662 1 16528
1818317640 2 16522 1818317674 1 16530
1818576992 2 16547 1818577026 1 16532
1818713756 0 6174 1818713873 1 16536
1818868305 2 16578 1818868335 1 16537
1824381280 0 6198 1824381396 1 16611
1826274248 2 16606 1826274281 1 16636
1826537346 0 6207 1826537428 2 16624
1826553827 2 16626 1826553862 1 16640
1826594336 2 16629 1826594367 1 16641
1826682865 2 16640 1826682897 1 16642
1826825887 2 16649 1826825921 1 16644
1826887451 2 16655 1826887468 1 16645
1827146239 2 16684 1827146272 1 16647
1827151044 2 16685 1827151076 1 16648
1827338310 2 16702 1827338342 1 16651
1831673642 0 6223 1831673761 1 16712
1833137343 0 6232 1833137460 1 16729
1834579328 0 6239 1834579447 1 16749
1834892018 2 16729 1834892052 1 16753
1834961333 0 6241 1834961418 2 16734
1834975600 2 16736 1834975636 1 16754
1835365356 2 16777 1835365389 1 16758
1835443596 2 16788 1835443627 1 16759
1835561240 2 16802 1835561272 1 16760
1835660979 2 16813 1835661014 1 16762
1836057688 0 6244 1836057804 1 16769
1842774326 2 16829 1842774354 0 6274
1843114198 2 16840 1843114232 1 16862
1843218356 2 16846 1843218386 1 16863
1843368631 2 16857 1843368664 1 16864
1843723803 2 16892 1843723837 1 16869
1843812194 2 16902 1843812226 1 16871
1843878683 2 16907 1843878717 1 16872
1843997123 0 6280 1843997240 1 16873
1849951017 0 6300 1849951132 1 16955
1851485868 2 16930 1851485902 1 16974
1851604294 2 16935 1851604325 1 16976
1851739141 2 16942 1851739173 1 16978
1852005201 2 16969 1852005235 1 16981
1852136443 2 16987 1852136476 1 16984
1852199033 2 16995 1852199067 1 16986
1852268405 2 17005 1852268435 1 16987
1852314579 2 17013 1852314611 1 16988
1856572913 0 6324 1856573036 1 17042
1858456062 0 6330 1858456179 1 17067
1859513178 0 6332 1859513297 1 17084
1859980237 0 6333 1859980353 1 17089
1860028786 2 17067 1860028817 1 17090
1860361395 0 6334 1860361478 2 17089
1860461231 2 17099 1860461262 1 17096
1860679140 2 17117 1860679170 1 17099
1868451823 0 6358 1868451908 2 17158
1917854755 2 17237 1917854797 1 17119
1919188941 0 6536 1919189059 1 17132
1920967319 0 6544 1920967438 1 17151
1923376543 0 6552 1923376661 1 17176
1926100497 0 6564 1926100617 1 17204
1926335874 2 17261 1926335905 1 17207
1926469627 2 17274 1926469657 1 17208
1926935341 0 6568 1926935425 2 17313
1931550515 0 6579 1931550634 1 17259
1935172940 2 17376 1935172974 1 17296
1935355447 2 17393 1935355480 1 17298
1935547949 2 17421 1935547971 1 17300
1942676272 0 6616 1942676390 1 17374
1943403050 1 17380 1943403154 2 17453
1943462708 2 17457 1943462740 1 17381
1943708108 2 17478 1943708143 1 17384
1950888492 0 6649 1950888609 1 17475
1951850329 2 17539 1951850361 1 17485
1951943222 2 17549 1951943255 1 17486
1959481107 0 6676 1959481229 1 17594
1959780488 2 17621 1959780531 0 6677
1959910578 2 17630 1959910609 1 17598
1962310630 0 6689 1962310750 1 17630
1965075033 0 6695 1965075150 1 17669
1966445508 0 6699 1966445627 1 17689
1967146898 0 6702 1967147016 1 17698
1967966182 2 17705 1967966216 1 17707
1968104213 2 17713 1968104246 1 17709
1968124224 2 17717 1968124258 1 17710
1968549136 2 17753 1968549171 1 17716
1968921757 2 17792 1968921791 1 17722
1969014213 2 17799 1969014243 1 17723
1969139654 2 17813 1969139687 1 17725
1976312661 2 17819 1976312691 1 17824
1976479364 2 17824 1976479398 1 17826
1976654599 2 17837 1976654632 1 17829
1976675144 2 17838 1976675179 1 17830
1978822456 0 6739 1978822573 1 17861
1984522443 2 17907 1984522478 1 17936
1984660633 2 17913 1984660666 1 17938
1984758183 0 6765 1984758268 2 17921
1984855944 2 17926 1984855975 1 17940
1984904746 2 17931 1984904779 1 17941
1984983540 2 17938 1984983574 1 17942
1985087505 2 17947 1985087541 1 17944
1985232873 2 17965 1985232905 1 17946
1985374219 2 17980 1985374253 1 17948
1985463105 0 6768 1985463189 2 17986
1985530338 0 6769 1985530424 2 17998
1989128993 0 6788 1989129110 1 17995
1991149955 0 6796 1991150073 1 18022
1992950691 0 6800 1992950759 1 18048
1993135720 2 18032 1993135753 1 18051
1993212015 2 18037 1993212046 1 18052
1993426686 2 18049 1993426719 1 18055
1993856023 2 18092 1993856057 1 18060
1993902105 2 18098 1993902138 1 18061
1993989276 2 18107 1993989307 1 18062
1999913632 0 6813 1999913751 1 18149
2001354339 2 18129 2001354371 1 18167
2001513887 2 18140 2001513918 1 18169
2001636369 0 6819 2001636425 2 18148 2001636486 1 18171
2001758019 2 18158 2001758050 1 18173
2001856192 2 18165 2001856226 1 18174
2001893521 2 18167 2001893552 1 18175
2002112878 2 18204 2002112913 1 18176
2002447101 2 18242 2002447134 1 18181
2009497394 2 18246 2009497427 1 18280
2009731429 2 18257 2009731462 1 18283
2010282826 2 18293 2010282860 1 18290
2010411342 2 18302 2010411375 1 18292
2010503746 2 18316 2010503840 1 18293
2010750867 2 18334 2010750902 1 18297
2011224949 0 6850 2011225068 1 18304
2017946638 2 18345 2017946669 1 18393
2018239658 2 18362 2018239691 1 18398
2018294103 2 18366 2018294138 1 18399
2018580444 2 18399 2018580480 1 18401
2018771534 2 18423 2018771565 1 18405
2018888257 0 6878 2018888383 1 18406
2019003741 0 6879 2019003828 2 18438
2022664964 0 6891 2022665082 1 18458
2024209252 0 6898 2024209371 1 18478
2024591923 0 6899 2024592041 1 18483
2025338633 0 6901 2025338748 1 18494
2025696955 0 6902 2025697073 1 18499
2026555989 2 18473 2026556014 1 18511
2026775705 0 6906 2026775791 2 18490
2026916155 2 18509 2026916189 1 18515
2027355949 2 18545 2027355980 1 18522
2034912081 2 18576 2034912114 1 18627
2035188702 2 18588 2035188736 1 18631
2035415427 2 18605 2035415461 1 18633
2035660316 2 18637 2035660347 1 18636
2035822904 2 18649 2035822938 1 18638
2042423514 0 6961 2042423632 1 18730
2042904015 0 6966 2042904102 2 18657
2043267744 2 18676 2043267777 1 18738
2043541657 2 18704 2043541687 1 18741
2043748008 2 18724 2043748039 1 18743
2043901128 2 18736 2043901163 1 18745
2043927854 2 18740 2043927885 1 18746
2109822113 2 18960 2109822147 1 18866
2109946658 2 18971 2109946692 1 18867
2110003779 2 18978 2110003814 1 18868
2110040664 0 7181 2110040748 2 18979
2110070612 2 18982 2110070642 1 18869
2110183269 2 18991 2110183304 1 18870
2115408383 1 18923 2115408517 0 7197
2118072526 2 19003 2118072560 1 18951
2118307780 2 19018 2118307923 1 18954
2118631974 2 19049 2118632004 1 18956
2126145775 2 19085 2126145809 1 19034
2126489742 2 19095 2126489774 1 19038
2126546552 2 19099 2126546578 1 19039
2126850708 2 19118 2126850740 1 19041
2127054351 0 7242 2127054435 2 19135
2127082885 0 7243 2127082974 2 19141
2127230133 1 19045 2127230144 2 19162
2130280272 0 7255 2130280389 1 19076
2132251567 0 7257 2132251684 1 19098
2134472636 2 19171 2134472688 1 19130
2134781565 0 7266 2134781649 2 19187
2134867716 0 7267 2134867800 2 19194
2135287387 2 19233 2135287424 1 19138
2135304506 2 19234 2135304544 1 19139
2135464913 2 19245 2135464944 1 19142
2135575574 2 19257 2135575609 1 19144
2135808881 0 7269 2135808967 2 19269
2142821017 1 19248 2142821076 2 19273
2143229148 2 19294 2143229179 1 19252
2143299973 2 19298 2143300007 1 19253
2143512391 2 19312 2143512424 1 19256
2143685205 2 19325 2143685240 1 19259
2143748831 2 19336 2143748864 1 19260
2143998038 2 19362 2143998073 1 19263
2144168843 2 19371 2144168877 1 19266
2151542485 2 19387 2151542518 1 19363
2151583326 2 19389 2151583356 1 19364
2152117815 1 19372 2152117877 2 19437
2152182705 2 19448 2152182737 1 19373
2152435561 2 19472 2152435594 1 19376
2159904307 2 19493 2159904342 1 19474
2159977287 2 19499 2159977319 1 19477
2160015897 2 19504 2160015925 1 19478
2160109202 2 19510 2160109312 1 19479
2160148084 0 7358 2160148168 2 19515
2160212322 0 7359 2160212408 2 19524
2160344639 0 7360 2160344726 2 19536
2160461703 2 19545 2160461738 1 19484
2160675130 2 19563 2160675163 1 19487
2160779530 0 7361 2160779615 2 19573
2162099468 1 19505 2162099577 0 7368
2167910729 2 19586 2167910763 1 19584
2168078241 2 19596 2168078275 1 19586
2168139071 2 19597 2168139103 1 19588
2168420351 2 19621 2168420382 1 19590
2168452730 2 19625 2168452759 1 19593
2168545770 2 19637 2168545804 1 19594
2168600451 0 7389 2168600535 2 19642
2168768655 2 19660 2168768690 1 19598
2168907160 2 19678 2168907194 1 19599
2168921589 2 19679 2168921621 1 19600
2169112654 2 19695 2169112684 1 19601
2170046291 0 7391 2170046408 1 19616
2176590511 0 7414 2176590596 2 19719 2176590629 1 19705
2176640154 2 19722 2176640190 1 19707
2176743062 0 7416 2176743147 2 19732
2176770584 2 19736 2176770618 1 19709
2176936079 2 19755 2176936110 1 19710
2177205798 2 19783 2177205880 1 19713
2178097239 0 7421 2178097360 1 19726
2180622789 0 7432 2180622909 1 19758
2185026780 0 7452 2185026857 2 19838
2193381857 2 19949 2193381890 1 19928
2193899803 1 19935 2193899951 2 19986
2194158690 2 20007 2194158722 1 19938
2197552826 0 7503 2197552944 1 19986
2197676601 0 7505 2197676719 1 19988
2199205890 1 20005 2199205920 0 7515
2201618325 2 20029 2201618357 1 20036
2201743976 2 20035 2201744015 1 20037
2201773201 0 7526 2201773285 2 20037 2201773319 1 20038
2202034125 2 20060 2202034156 1 20042
2202110889 2 20069 2202110918 1 20043
2202244170 0 7528 2202244183 2 20085
2209510518 2 20113 2209510553 1 20148
2209865061 2 20123 2209865096 1 20151
2209958968 2 20130 2209958998 1 20153
2210213137 2 20152 2210213162 1 20157
2210266467 2 20158 2210266499 1 20158
2210385627 2 20167 2210385669 1 20159
2210501463 1 20161 2210501470 2 20179
2210570581 2 20186 2210570616 1 20162
2210619078 2 20191 2210619109 1 20163
2210729065 2 20200 2210729100 1 20164
2210749001 2 20201 2210749036 1 20165
2215277565 0 7571 2215277684 1 20226
2218227421 2 20223 2218227455 1 20265
2218351461 2 20232 2218351492 1 20267
2218526108 0 7585 2218526196 2 20252
2218529516 2 20253 2218529551 1 20269
2218674998 2 20273 2218675033 1 20271
2218762459 2 20283 2218762491 1 20272
2218981914 2 20303 2218981942 1 20275
2219018445 2 20307 2219018515 1 20276
2225241111 0 7602 2225241229 1 20364
2225477894 0 7603 2225477992 1 20367
2226392909 2 20320 2226392944 1 20379
2226412880 2 20321 2226412912 1 20380
2226504232 2 20326 2226504266 1 20381
2226740772 0 7606 2226740859 2 20341
2226785517 2 20346 2226785545 1 20384
2226794545 2 20348 2226794579 1 20385
2226800425 2 20349 2226800458 1 20386
2227136988 0 7609 2227137074 2 20382
2227199138 2 20391 2227199168 1 20391
2227403008 2 20413 2227403041 1 20393
2234439897 2 20423 2234439930 1 20489
2235002620 2 20448 2235002651 1 20497
2235128254 2 20462 2235128289 1 20499
2235225910 2 20470 2235225944 1 20500
2235249510 0 7639 2235249595 2 20474
2235757473 2 20526 2235757503 1 20505
2243243149 0 7662 2243243233 2 20552
2301950790 2 20710 2301950823 1 20627
2302116629 0 7858 2302116658 2 20730
2302163103 2 20739 2302163135 1 20629
2302185738 2 20742 2302185772 1 20630
2309698031 0 7887 2309698117 2 20758
2309703897 2 20759 2309703930 1 20706
2309877538 2 20774 2309877573 1 20709
2310000080 2 20786 2310000114 1 20710
2310088859 2 20797 2310088894 1 20711
2310170944 2 20806 2310170975 1 20712
2310262529 2 20814 2310262561 1 20713
2310357384 2 20823 2310357416 1 20714
2310798614 2 20839 2310798645 1 20717
2318211431 2 20854 2318211464 1 20793
2318349012 2 20863 2318349054 1 20795
2318415330 2 20866 2318415363 1 20796
2318588620 2 20874 2318588652 1 20798
2321167951 0 7930 2321168066 1 20829
2326684437 2 20953 2326684470 1 20902
2326760772 0 7951 2326760862 2 20961
2326795273 2 20962 2326795304 1 20904
2326936850 0 7952 2326936933 2 20974
2326995411 2 20980 2326995446 1 20907
2327263584 2 21013 2327263616 1 20909
2327471478 2 21023 2327471511 1 20912
2334773774 2 21035 2334773809 1 21015
2334940343 2 21043 2334940375 1 21017
2334949620 2 21044 2334949654 1 21018
2335140610 2 21062 2335140643 1 21021
2335716487 2 21115 2335716518 1 21028
2335784446 2 21120 2335784478 1 21029
2343502148 2 21156 2343502181 1 21138
2343699499 0 7997 2343699616 1 21140
2343742383 2 21173 2343742416 1 21141
2343757811 2 21175 2343757846 1 21142
2343931891 2 21195 2343931923 1 21144
2344088885 2 21213 2344088917 1 21147
2351736557 2 21248 2351736591 1 21250
2351811767 2 21251 2351811797 1 21252
2351953534 1 21254 2351953600 2 21262
2352081207 0 8028 2352081291 2 21278
2352269071 2 21298 2352269105 1 21258
2352395494 2 21310 2352395531 1 21260
2359996168 2 21347 2359996202 1 21363
2360046722 2 21351 2360046753 1 21364
2360097723 2 21359 2360097871 1 21365
2360131124 1 21366 2360131182 2 21364
2360140425 0 8057 2360140509 2 21366
2360199045 0 8058 2360199130 2 21372
2360328078 2 21383 2360328112 1 21368
2360441938 0 8061 2360441964 2 21390
2360549557 0 8063 2360549642 2 21397
2360735234 2 21419 2360735265 1 21373
2360895483 2 21430 2360895517 1 21375
2362626982 0 8067 2362627102 1 21400
2368517518 2 21467 2368517552 1 21481
2368805722 1 21486 2368805818 2 21491
2369111954 2 21529 2369111989 1 21490
2369253242 0 8087 2369253325 2 21538
2371843634 0 8099 2371843754 1 21526
2376679875 2 21559 2376679906 1 21593
2376864328 2 21574 2376864363 1 21595
2376884304 2 21575 2376884337 1 21596
2377032044 2 21591 2377032077 1 21598
2377209451 1 21601 2377209559 2 21613
2377373289 2 21631 2377373321 1 21603
2384528075 2 21645 2384528108 1 21702
2384909677 2 21654 2384909710 1 21708
2385007993 2 21662 2385008025 1 21709
2385202024 2 21675 2385202058 1 21712
2385370895 2 21688 2385370922 1 21715
2385431393 2 21695 2385431424 1 21716
2385690463 2 21721 2385690495 1 21718
2385745343 2 21729 2385745376 1 21719
2393230343 2 21760 2393230373 1 21829
2393284062 2 21766 2393284094 1 21830
2393360891 2 21771 2393360914 1 21831
2393629020 2 21792 2393629051 1 21835
2393681511 2 21800 2393681545 1 21836
2393781781 0 8156 2393781865 2 21809
2393897828 2 21824 2393897861 1 21837
2394044489 2 21837 2394044524 1 21839
2401319579 2 21853 2401319611 1 21940
2401480177 2 21859 2401480207 1 21942
2401627291 2 21869 2401627325 1 21945
2401963000 1 21948 2401963005 2 21894
2402030727 2 21901 2402030758 1 21949
2402174905 2 21919 2402175010 1 21951
2402989464 0 8186 2402989580 1 21963
2409988804 2 21993 2409988840 1 22060
2410223038 0 8210 2410223119 2 22008
2410364043 2 22020 2410364078 1 22063
2410389183 2 22024 2410389215 1 22064
2410806328 2 22063 2410806359 1 22071
2414755908 0 8227 2414756027 1 22124
2418319059 2 22092 2418319093 1 22173
2418448641 2 22097 2418448677 1 22175
2418588308 2 22111 2418588343 1 22177
2418629670 0 8236 2418629752 2 22116
2419033749 2 22162 2419033782 1 22184
2485119882 2 22396 2485119914 1 22322
2485269156 2 22413 2485269189 1 22324
2493181388 2 22461 2493181418 1 22405
2493322157 2 22472 2493322189 1 22407
2493808019 2 22512 2493808055 1 22411 2493808104 0 8458
2494075495 2 22534 2494075529 1 22414
2497966223 0 8472 2497966279 1 22454
2498846421 0 8475 2498846539 1 22462
2501604814 2 22562 2501604845 1 22498
2501743760 2 22570 2501743792 1 22500
2501816392 2 22578 2501816423 1 22501
2501911447 0 8484 2501911531 2 22585
2502155481 2 22601 2502155517 1 22504
2502300848 2 22618 2502300881 1 22506
2502306014 2 22619 2502306043 1 22507
2508767432 0 8515 2508767550 1 22591
2510310760 2 22679 2510310796 1 22611
2510325830 2 22681 2510325867 1 22612
2510474519 2 22691 2510474548 1 22614
2510522328 2 22699 2510522360 1 22615
2510681834 1 22618 2510681960 2 22716
2518140681 2 22743 2518140714 1 22715
2518596294 0 8549 2518596377 2 22774
2518662994 2 22777 2518663024 1 22722
2518713176 0 8550 2518713259 2 22781
2518815683 2 22796 2518815787 1 22723
2518941040 2 22811 2518941074 1 22725
2519106180 2 22830 2519106215 1 22727
2521466165 0 8559 2521466284 1 22761
2526341493 1 22818 2526341613 2 22851
2526731771 2 22867 2526731805 1 22824
2527178303 2 22903 2527178337 1 22830
2527268625 2 22917 2527268657 1 22831
2527365032 2 22931 2527365066 1 22832
2527405116 2 22938 2527405146 1 22833
2527492483 2 22949 2527492516 1 22834
2534908624 2 22968 2534908654 1 22931
2535009861 2 22974 2535009896 1 22933
2535237232 2 22992 2535237266 1 22934
2535392872 2 23004 2535392906 1 22936
2535501280 2 23018 2535501312 1 22937
2535563256 2 23024 2535563290 1 22938
2535644034 2 23032 2535644068 1 22940
2535779173 2 23057 2535779205 1 22942
2536463770 1 22952 2536463771 0 8629
2539552864 0 8642 2539552984 1 22994
2542457929 0 8652 2542458047 1 23032
2542859517 2 23067 2542859551 1 23038
2543068916 2 23071 2543068952 1 23041
2543331720 2 23081 2543331754 1 23045
2543428194 1 23046 2543428221 2 23088
2543518653 2 23096 2543518684 1 23047
2543632926 0 8654 2543633012 2 23108
2543829540 1 23052 2543829558 2 23118
2543910447 2 23126 2543910480 1 23053
2543949949 1 23054 2543950040 0 8657
2544050803 2 23139 2544050837 1 23055
2544232104 0 8660 2544232189 2 23159
2546577741 1 23087 2546577855 0 8672
2551524548 2 23176 2551524582 1 23151
2551733880 2 23187 2551733913 1 23155
2552118685 2 23223 2552118717 1 23160
2552381183 2 23250 2552381217 1 23164
2552429551 2 23257 2552429585 1 23165
2552508652 0 8697 2552508737 2 23265
2552582192 2 23269 2552582225 1 23166
2559661515 2 23275 2559661548 1 23265
2559791148 0 8721 2559791234 2 23279
2559938949 0 8722 2559939036 2 23283
2560107027 2 23292 2560107060 1 23270
2560221800 2 23304 2560221836 1 23272
2560431045 2 23323 2560431081 1 23275
2560610620 2 23347 2560610651 1 23278
2560882928 2 23373 2560882960 1 23282
2562889808 0 8735 2562889926 1 23307
2566970820 0 8755 2566970939 1 23360
2568284497 2 23388 2568284529 1 23378
2568585199 2 23410 2568585233 1 23383
2573995122 0 8775 2573995240 1 23460
2576688428 0 8781 2576688513 2 23504
2576773360 2 23506 2576773394 1 23499
2576844658 0 8782 2576844750 2 23509
2576908498 0 8783 2576908584 2 23514
2576923579 2 23518 2576923610 1 23501
2577008490 2 23525 2577008521 1 23502
2577266599 2 23547 2577266632 1 23505
2577321628 2 23549 2577321662 1 23506
2577553327 2 23568 2577553358 1 23508
2585452982 2 23636 2585453017 1 23619
2585583612 0 8810 2585583698 2 23652
2585621110 2 23657 2585621205 0 8811
2592202378 0 8835 2592202495 1 23710
2593412299 0 8841 2593412416 1 23726
2593423479 2 23715 2593423512 1 23727
2593519398 0 8842 2593519480 2 23722
2593524065 2 23723 2593524098 1 23728
2593677423 2 23733 2593677458 1 23729
2593844522 2 23747 2593844553 1 23731
2593986897 2 23767 2593986927 1 23733
2594027895 2 23771 2594027930 1 23734
2595479466 0 8846 2595479583 1 23755
2601467795 2 23798 2601467827 1 23842
2601819806 2 23820 2601819936 0 8861
2601826015 0 8862 2601826098 2 23821
2601899351 2 23827 2601899386 1 23845
2601952729 2 23832 2601952764 1 23846
2602017294 2 23840 2602017328 1 23847
2602171237 2 23848 2602171268 1 23849
2602192851 2 23853 2602192883 1 23850
2602313815 2 23861 2602313840 1 23852
2602448506 2 23872 2602448537 1 23853
2602571326 0 8864 2602571412 2 23877
2602933515 0 8865 2602933632 1 23861
2610004610 2 23901 2610004643 1 23951
2610454567 0 8896 2610454651 2 23932
2668351302 2 24091 2668351335 1 23975
2668516767 2 24099 2668516797 1 23977
2672682730 0 9110 2672682849 1 24021
2676703155 2 24121 2676703188 1 24061
2676763476 2 24126 2676763509 1 24062
2676913817 2 24138 2676913849 1 24064
2677026687 2 24148 2677026721 1 24065
2677107608 2 24157 2677107641 1 24066
2677385378 2 24184 2677385410 1 24069
2683424636 0 9142 2683424755 1 24131
2684784763 1 24145 2684784875 2 24194
2684916171 2 24196 2684916202 1 24147
2685138395 2 24214 2685138429 1 24149
2685201761 2 24222 2685201798 1 24150
2685485175 2 24239 2685485207 1 24153
2693433574 2 24300 2693433604 1 24239
2693504656 2 24302 2693504688 1 24240
2693613961 2 24314 2693613984 1 24242
2694056952 0 9171 2694057036 2 24363
2694072516 2 24365 2694072550 1 24246
2701566062 2 24379 2701566093 1 24351
2701679358 2 24388 2701679389 1 24352
2701852652 2 24400 2701852685 1 24354
2702326668 2 24449 2702326702 1 24359
2702497434 2 24471 2702497465 1 24361
2702627613 2 24481 2702627649 1 24363
2705518741 0 9209 2705518855 1 24404
2709962682 2 24496 2709962714 1 24465
2710440715 2 24535 2710440746 1 24469
2710468184 2 24538 2710468216 1 24470
2710513813 2 24542 2710513845 1 24472
2718309736 2 24595 2718309768 1 24576
2718436815 2 24603 2718436848 1 24578
2718637708 2 24620 2718637743 1 24581
2718757429 2 24632 2718757461 1 24582
2718944089 2 24651 2718944124 1 24584
2718976907 0 9264 2718977023 1 24585
2719074432 2 24667 2719074464 1 24587
2726480699 2 24690 2726480733 1 24681
2727047646 2 24720 2727047680 1 24688
2727370810 2 24753 2727370921 0 9308
2727480252 2 24764 2727480288 1 24694
2727702084 0 9312 2727702169 2 24777
2731549644 0 9326 2731549764 1 24748
2734827859 2 24786 2734827891 1 24792
2735186738 0 9341 2735186824 2 24806
2735429110 2 24833 2735429141 1 24801
2735532609 2 24842 2735532644 1 24802
2735545549 2 24843 2735545580 1 24803
2735721987 2 24869 2735722022 1 24806
2735806751 2 24878 2735806786 1 24807
2735881968 2 24886 2735881998 1 24808
2743451864 2 24918 2743451898 1 24919
2743619324 2 24933 2743619333 1 24921
2743799943 2 24949 2743800045 0 9358
2744042872 0 9359 2744042957 2 24974
2744083466 2 24979 2744083500 1 24927
2751314354 2 24996 2751314388 1 25023
2751544598 2 25005 2751544633 1 25027
2751646314 2 25011 2751646379 0 9384
2751800622 2 25020 2751800656 1 25029
2751885039 2 25029 2751885076 1 25031
2752077657 2 25044 2752077691 1 25034
2759820781 2 25111 2759820813 1 25142
2759974973 2 25116 2759975008 1 25145
2760065069 2 25125 2760065099 1 25146
2760363733 2 25147 2760363767 1 25151
2760661363 2 25177 2760661398 1 25155
2760724085 2 25184 2760724120 1 25156
2766758065 0 9428 2766758182 1 25236
2767932761 0 9433 2767932881 1 25249
2768196773 2 25211 2768196806 1 25253
2768291944 2 25218 2768291978 1 25255
2768708304 2 25236 2768708338 1 25261
2768908041 2 25260 2768908074 1 25264
2769253054 2 25308 2769253087 1 25267
2769850044 0 9443 2769850159 1 25275
2776671990 2 25328 2776672021 1 25369
2776798281 2 25340 2776798311 1 25371
2777033839 2 25361 2777033873 1 25375
2777087471 0 9466 2777087556 2 25364
2777128929 2 25370 2777128960 1 25376
2777188398 2 25379 2777188430 1 25377
2785115760 2 25447 2785115792 1 25485
2785588790 2 25494 2785588822 1 25490
2785683500 2 25501 2785683530 1 25491
2785721606 2 25509 2785721642 1 25492
2785873614 2 25529 2785873646 1 25494
2790993858 0 9509 2790993913 1 25565
2793183866 2 25548 2793183900 1 25597
2793406641 2 25562 2793406675 1 25600
2793505823 2 25569 2793505856 1 25602
2793566149 2 25571 2793566182 1 25603
2793936919 2 25604 2793936956 1 25608
2794038268 2 25614 2794038301 1 25609
2794044281 2 25615 2794044314 1 25610
2794162069 2 25631 2794162102 1 25611
2802075315 0 9538 2802075399 2 25700
2810061912 0 9568 2810061993 2 25771
2860009778 2 25795 2860009811 1 25741
2860298408 2 25816 2860298440 1 25744
2860864992 2 25860 2860865025 1 25749
2860911337 2 25867 2860911371 1 25750
2868191751 2 25884 2868191786 1 25825
2868205840 2 25886 2868205870 1 25826
2868292890 1 25827 2868292955 2 25893
2868480760 2 25905 2868480792 1 25829
2868774358 2 25928 2868774388 1 25832
2869056004 2 25955 2869056039 1 25834
2877263016 2 26020 2877263050 1 25918
2877327064 2 26028 2877327098 1 25920
2884645816 2 26050 2884645848 1 26020
2884967747 2 26057 2884967781 1 26025
2885401261 0 9816 2885401377 1 26029
2885505302 0 9818 2885505384 2 26103
2885586427 2 26113 2885586460 1 26031
2885666970 0 9819 2885667056 2 26120
2885847215 2 26134 2885847244 1 26034
2885920005 2 26139 2885920038 1 26035
2886022326 2 26144 2886022360 1 26037
2893299252 2 26155 2893299282 1 26137
2893479439 2 26164 2893479473 1 26138
2893509751 2 26167 2893509780 1 26140
2893567529 2 26172 2893567565 1 26141
2893798403 2 26192 2893798428 1 26145
2893887894 2 26201 2893887926 1 26146
2894272092 2 26248 2894272123 1 26151
2894327409 0 9847 2894327494 2 26253
2901782316 2 26276 2901782351 1 26257
2902043485 2 26296 2902043516 1 26261
2902280810 2 26320 2902280842 1 26264
2902335029 2 26330 2902335064 1 26265
2902433077 0 9869 2902433194 1 26267
2902580905 0 9870 2902580990 2 26353
2904019657 0 9878 2904019772 1 26287
2910296283 2 26397 2910296314 1 26370
2910491156 2 26415 2910491187 1 26373
2910597135 2 26428 2910597166 1 26376
2910735881 2 26448 2910735914 1 26378
2910787917 2 26455 2910787953 1 26379
2910964977 2 26466 2910965010 1 26382
2911011267 0 9904 2911011350 2 26470
2912353893 0 9912 2912354010 1 26399
2913548614 0 9917 2913548729 1 26414
2918404518 2 26491 2918404547 1 26481
2918576622 2 26504 2918576654 1 26482
2918588630 1 26484 2918588769 2 26505
2918622193 2 26508 2918622224 1 26485
2918727673 2 26515 2918727707 1 26486
2918797063 2 26520 2918797095 1 26488
2918855261 2 26526 2918855297 1 26489
2918996974 2 26542 2918997006 1 26491
2919047813 2 26549 2919047844 1 26492
2919121417 2 26556 2919121450 1 26493
2922920810 0 9945 2922920928 1 26542
2926475906 2 26586 2926476005 1 26592
2927285767 2 26638 2927285898 1 26603
2927507876 2 26658 2927507906 1 26605
2927579792 2 26666 2927579823 1 26606
2935155872 2 26697 2935155903 1 26707
2935759144 2 26753 2935759176 1 26715
2936009745 2 26780 2936009778 1 26719
2936298922 0 9996 2936299042 1 26723
2943476940 2 26808 2943476976 1 26821
2943620631 2 26823 2943620662 1 26823
2943670382 0 10026 2943670467 2 26826
2943678073 2 26827 2943678107 1 26824
2943801470 2 26840 2943801504 1 26825
2943970882 2 26851 2943970918 1 26826
2943974227 2 26852 2943974261 1 26827
2944032433 2 26861 2944032464 1 26828
2944173695 2 26876 2944173729 1 26830
2947565924 0 10037 2947566042 1 26878
2951731087 2 26906 2951731113 1 26935
2951748875 0 10054 2951748962 2 26907
2952222386 2 26943 2952222417 1 26938
2952246635 2 26947 2952246667 1 26940
2952414270 1 26942 2952414404 2 26969
2952505247 2 26977 2952505280 1 26944
2955470621 0 10069 2955470738 1 26983
2960367422 0 10087 2960367511 2 27025 2960367544 1 27050
2960429464 2 27030 2960429497 1 27051
2960454476 0 10088 2960454560 2 27033
2960800463 2 27080 2960800495 1 27057
2963405061 0 10093 2963405181 1 27094
2968338710 2 27096 2968338744 0 10117
2968426630 2 27100 2968426663 1 27160
2968588340 2 27110 2968588371 1 27162
2969018707 2 27149 2969018742 1 27168
2969217526 0 10123 2969217612 2 27172
2974177016 0 10133 2974177134 1 27242
2976650436 0 10144 2976650523 2 27193
2976747690 2 27201 2976747723 1 27275
2976949684 2 27211 2976949721 1 27277
2977146803 0 10145 2977146888 2 27226
2977185382 1 27282 2977185459 2 27234
2977339355 2 27254 2977339389 1 27283
2977535920 2 27274 2977535953 1 27287
2985227823 0 10169 2985227908 2 27314
2985695457 0 10171 2985695540 2 27358
2993285843 0 10190 2993285929 2 27400
2993457329 0 10191 2993457413 2 27407
3043181422 0 10339 3043181539 1 27425
3043536287 2 27518 3043536422 1 27427
3043544290 0 10342 3043544375 2 27519
3043579899 2 27523 3043579931 1 27428
3043645479 0 10344 3043645564 2 27528
3043687533 2 27531 3043687569 1 27429
3044179107 2 27556 3044179139 1 27434
3044756720 1 27441 3044756842 0 10349
3051887835 2 27572 3051887868 1 27514
3052193450 2 27596 3052193486 1 27517
3052367875 2 27616 3052367905 1 27519
3052510051 2 27633 3052510083 1 27521
3052604623 0 10375 3052604707 2 27643
3060170108 2 27671 3060170141 1 27596
3060333647 2 27683 3060333680 1 27598
3060540887 2 27703 3060540922 1 27600
3060709067 2 27722 3060709098 1 27602
3060934597 0 10407 3060934714 1 27605
3064754909 0 10428 3064755028 1 27646
3068600170 2 27754 3068600204 1 27696
3068638675 2 27756 3068638708 1 27697
3068834821 2 27769 3068834853 1 27699
3068857526 2 27771 3068857544 1 27701
3069029042 2 27796 3069029075 1 27703
3071028205 0 10451 3071028324 1 27731
3076769126 2 27846 3076769160 1 27806
3077074258 2 27868 3077074293 1 27811
3077228478 2 27887 3077228513 1 27813
3077395103 2 27904 3077395130 1 27816
3077495173 2 27922 3077495205 1 27817
3077556015 2 27926 3077556046 1 27818
3077682822 2 27932 3077682856 1 27820
3084499229 0 10494 3084499349 1 27917
3084800516 2 27939 3084800553 1 27921
3085062016 2 27956 3085062053 1 27925
3085653214 2 28008 3085653249 1 27934
3085774026 1 27935 3085774035 2 28022
3085932270 2 28041 3085932304 1 27937
3086057377 2 28049 3086057410 1 27938
3093021211 2 28056 3093021245 1 28037
3093396653 2 28069 3093396690 1 28044
3093501348 2 28074 3093501379 1 28045
3093580420 1 28046 3093580564 2 28084
3093614058 2 28090 3093614089 1 28047
3093687745 2 28093 3093687780 1 28048
3093902414 2 28108 3093902448 1 28051
3093990355 2 28117 3093990393 1 28053
3094031520 2 28121 3094031553 1 28054
3094204830 0 10518 3094204915 2 28139
3094221116 0 10519 3094221200 2 28140
3095594092 0 10522 3095594206 1 28075
3101421104 0 10543 3101421226 1 28154
3101738913 0 10546 3101738994 2 28174
3101958282 2 28188 3101958318 1 28161
3102185003 2 28210 3102185034 1 28164
3102373713 2 28245 3102373744 1 28166
3102695071 0 10550 3102695152 2 28280
3102713276 2 28283 3102713308 1 28170
3110010612 2 28296 3110010646 1 28273
3110343494 2 28321 3110343524 1 28276
3110783475 2 28363 3110783508 1 28282
3110966809 2 28383 3110966841 1 28286
3118142645 2 28394 3118142680 1 28388
3118526365 0 10590 3118526484 1 28395
3118710174 0 10591 3118710259 2 28420
3118797344 2 28430 3118797376 1 28397
3119048634 2 28455 3119048665 1 28400
3119176424 2 28466 3119176456 1 28402
3119217805 2 28469 3119217839 1 28403
3119418432 2 28484 3119418466 1 28406
3126422786 0 10610 3126422905 1 28504
3126742970 2 28500 3126743004 1 28508
3126964675 0 10614 3126964761 2 28520
3126990970 0 10615 3126991057 2 28523
3127004244 2 28526 3127004275 1 28510
3127192582 2 28541 3127192629 1 28512
3127250709 2 28547 3127250744 1 28513
3127370521 2 28551 3127370554 1 28515
3127586035 2 28576 3127586067 1 28519
3128744872 0 10618 3128744989 1 28535
3129418642 0 10624 3129418761 1 28545
3134702611 2 28593 3134702644 1 28618
3135169435 2 28615 3135169470 1 28624
3135267922 2 28624 3135267954 1 28625
3135488226 2 28640 3135488261 1 28628
3135631799 0 10640 3135631918 1 28630
3135670794 2 28659 3135670830 1 28631
3135848830 0 10641 3135848911 2 28677 3135848945 1 28634
3135995856 2 28694 3135995892 1 28636
3143627251 2 28736 3143627286 1 28742
3143950199 2 28755 3143950233 1 28746
3144138018 2 28781 3144138050 1 28750
3144190480 0 10666 3144190564 2 28787
3144438251 2 28806 3144438281 1 28754
3145397471 0 10669 3145397590 1 28767
3151780173 0 10693 3151780288 1 28852
3152024925 2 28842 3152024956 1 28855
3152263735 2 28868 3152263769 1 28858
3152437333 2 28891 3152437361 1 28860
3152517337 2 28902 3152517372 1 28862
3152653460 2 28917 3152653492 1 28864
3152769349 0 10699 3152769435 2 28930
3160195668 2 28948 3160195706 1 28969
3160506995 2 28969 3160507027 1 28975
3160525114 0 10718 3160525198 2 28971
3160926468 2 29016 3160926503 1 28981
3167494713 0 10738 3167494829 1 29071
3167931964 2 29034 3167931998 1 29074
3168414219 0 10740 3168414310 2 29047 3168414343 1 29081
3168621741 2 29059 3168621772 1 29084
3168649425 2 29064 3168649457 1 29085
3169019886 0 10742 3169019968 2 29099
3177139700 0 10772 3177139782 2 29195
3223164457 0 10914 3223164574 1 29092
3226181561 0 10924 3226181684 1 29123
3226763024 2 29224 3226763053 1 29130
3227039644 2 29246 3227039680 1 29133
3227722485 2 29261 3227722517 1 29139
3233503266 0 10948 3233503381 1 29200
3234817518 2 29265 3234817552 1 29212
3234989356 2 29268 3234989391 1 29215
3235147523 2 29272 3235147555 1 29216
3235433006 2 29295 3235433040 1 29220
3243696906 2 29379 3243696938 1 29305
3243736582 0 10976 3243736667 2 29381
3244002410 0 10977 3244002493 2 29407
3244073273 2 29412 3244073309 1 29308
3244155627 2 29421 3244155659 1 29309
3251858075 2 29455 3251858107 1 29407
3251891404 0 11002 3251891522 1 29408
3251903542 2 29456 3251903576 1 29409
3252068483 2 29465 3252068512 1 29410
3252197959 2 29479 3252197990 1 29411
3252279303 2 29488 3252279335 1 29413
3252411493 2 29501 3252411527 1 29414
3252587384 2 29516 3252587405 1 29418
3260183967 2 29559 3260184000 1 29526
3260564472 2 29577 3260564506 1 29532
3260843511 0 11023 3260843596 2 29611
3261004909 2 29623 3261004943 1 29538
3261055706 2 29627 3261055741 1 29539
3268544730 2 29642 3268544764 1 29639
3268610113 2 29650 3268610144 1 29640
3268913842 0 11056 3268913961 1 29644
3269033330 2 29690 3269033362 1 29645
3269471433 2 29731 3269471464 1 29651
3269658363 0 11059 3269658475 1 29654
3273429390 0 11064 3273429506 1 29707
3276636135 2 29744 3276636169 1 29751
3276786392 2 29749 3276786423 1 29754
3276905801 0 11074 3276905885 2 29761
3277308385 2 29788 3277308416 1 29762
3277466274 2 29805 3277466309 1 29764
3277618760 2 29826 3277618790 1 29766
3285160532 2 29853 3285160562 1 29872
3285269011 2 29861 3285269045 1 29874
3285483547 2 29875 3285483580 1 29875
3285534739 0 11097 3285534854 1 29877
3285557383 2 29883 3285557416 1 29879
3285657238 2 29892 3285657269 1 29880
3285724513 2 29900 3285724546 1 29881
3285788102 2 29914 3285788134 1 29882
3285886257 2 29924 3285886265 1 29883
3285918019 2 29928 3285918050 1 29884
3286027560 2 29943 3286027594 1 29885
3286097493 0 11099 3286097579 2 29950 3286097614 1 29887
3293300181 2 29966 3293300215 1 29985
3293713627 2 29989 3293713663 1 29991
3294077784 2 30027 3294077819 1 29996
3296462970 0 11132 3296463086 1 30027
3296825201 0 11133 3296825208 1 30033
3301387744 2 30063 3301387776 1 30096
3301732052 2 30071 3301732084 1 30101
3301964671 2 30087 3301964705 1 30104
3302076282 2 30095 3302076314 1 30106
3302289542 0 11149 3302289626 2 30118
3302357653 2 30127 3302357688 1 30110
3302415449 0 11151 3302415534 2 30135
3302770216 2 30170 3302770247 1 30114
3309874685 2 30180 3309874720 1 30215
3310192939 0 11173 3310193025 2 30190 3310193058 1 30220
3310435272 2 30212 3310435304 1 30223
3310462260 2 30214 3310462291 1 30224
3310599170 2 30224 3310599203 1 30226
3310918025 2 30253 3310918059 1 30229
3310925573 0 11175 3310925657 2 30254
3310974776 2 30260 3310974809 1 30230
3315003079 0 11183 3315003198 1 30289
3318502067 2 30287 3318502098 1 30336
3318606670 2 30296 3318606704 1 30338
3318694600 2 30305 3318694633 1 30339
3318930113 2 30325 3318930145 1 30342
3319017504 2 30337 3319017537 1 30343
3319063605 2 30345 3319063638 1 30344
3319163298 2 30364 3319163332 1 30345
3319305346 2 30385 3319305380 1 30347
3325005480 0 11210 3325005564 1 30429
3326460681 2 30395 3326460716 1 30451
3326636345 2 30402 3326636380 1 30454
3326784655 2 30409 3326784685 1 30455
3326931832 2 30420 3326931863 1 30458
3327094333 2 30434 3327094368 1 30459
3327284060 2 30447 3327284092 1 30461
3327326477 2 30450 3327326508 1 30462
3327335136 2 30451 3327335167 1 30463
3327448030 2 30459 3327448064 1 30465
3327578746 2 30470 3327578779 1 30467
3327695449 2 30477 3327695483 1 30469
3334702387 2 30487 3334702420 1 30566
3335206246 2 30502 3335206276 1 30572
3335260659 2 30505 3335260691 1 30573
3335349571 2 30510 3335349602 1 30574
3335548003 2 30521 3335548035 1 30578
3335736596 2 30539 3335736628 1 30581
3335833789 0 11240 3335833907 1 30582
3335874137 1 30583 3335874198 2 30557
3336060364 2 30574 3336060394 1 30586
3336118441 0 11242 3336118526 2 30583
3343413167 0 11262 3343413284 1 30688
3343502577 2 30597 3343502612 1 30689
3343711391 2 30606 3343711422 1 30692
3343820255 2 30613 3343820289 1 30694
3344209060 2 30646 3344209096 1 30699
3344213005 2 30647 3344213037 1 30700
3344263857 2 30653 3344263891 1 30701
3344446358 2 30670 3344446392 1 30703
3351509019 2 30674 3351509053 1 30796
3352614007 0 11297 3352614091 2 30776
3360642977 0 11321 3360643062 2 30843
3368184601 0 11356 3368184634 2 30894
3410150630 0 11504 3410150716 2 30927
3410395520 2 30945 3410395554 1 30856
3410654192 2 30969 3410654225 1 30859
3412490029 0 11511 3412490146 1 30876
3418346437 2 30993 3418346470 1 30935
3418583591 2 31006 3418583622 1 30938
3418927306 2 31032 3418927338 1 30942
3419021444 2 31042 3419021476 1 30943
3419501569 0 11540 3419501653 2 31070
3426865081 2 31087 3426865114 1 31024
3427071320 2 31103 3427071353 1 31026
3427231242 2 31119 3427231274 1 31028
3427315966 2 31127 3427315998 1 31029
3435226420 2 31176 3435226454 1 31115
3435380011 2 31185 3435380042 1 31117
3435583537 2 31198 3435583572 1 31120
3435585902 0 11600 3435585987 2 31199
3436175196 2 31249 3436175231 1 31128
3442909217 0 11618 3442909334 1 31223
3443501970 2 31259 3443502003 1 31232
3443691880 2 31270 3443691913 1 31235
3443806356 2 31279 3443806392 1 31237
3443899417 0 11620 3443899502 2 31287
3443925121 2 31290 3443925155 1 31239
3444350502 2 31339 3444350536 1 31243
3444444902 2 31348 3444444938 1 31244
3446551341 0 11632 3446551461 1 31273
3451726022 2 31359 3451726056 1 31342
3451794255 2 31362 3451794289 1 31343
3452016999 2 31380 3452017032 1 31346
3452334755 2 31401 3452334787 1 31349
3452393217 2 31409 3452393251 1 31350
3452450122 2 31415 3452450154 1 31351
3452620914 2 31436 3452620949 1 31353
3452635933 2 31437 3452635966 1 31354
3452751809 2 31445 3452751842 1 31355
3452847802 0 11655 3452847887 2 31454
3457610024 1 31422 3457610030 0 11671
3460011884 2 31460 3460011920 1 31457
3460126239 2 31464 3460126269 1 31458
3460184918 2 31467 3460184953 1 31460
3460260353 2 31468 3460260387 1 31461
3460652880 2 31495 3460652910 1 31466
3460728006 2 31504 3460728112 1 31467
3460747153 0 11677 3460747235 2 31506
3460868333 2 31521 3460868367 1 31469
3464666208 0 11684 3464666326 1 31525
3468282741 1 31576 3468282870 2 31548
3468694921 2 31574 3468694952 1 31581
3468762608 2 31580 3468762643 1 31582
3469260320 2 31620 3469260355 1 31590
3469377991 2 31637 3469378024 1 31592
3476838473 2 31668 3476838505 1 31688
3477039830 2 31683 3477039858 1 31692
3477322295 2 31703 3477322327 1 31696
3477505071 2 31720 3477505102 1 31699
3477644565 2 31734 3477644599 1 31701
3485146503 2 31758 3485146534 1 31806
3485266501 2 31766 3485266536 1 31808
3485374069 2 31771 3485374104 1 31809
3485499173 2 31782 3485499206 1 31811
3485531324 2 31786 3485531362 1 31812
3485621856 2 31792 3485621889 1 31813
3485741995 2 31810 3485742026 1 31815
3485775543 0 11752 3485775629 2 31816
3485999924 2 31841 3485999960 1 31818
3486043198 2 31844 3486043229 1 31819
3491609048 0 11771 3491609144 1 31895
3493229163 1 31917 3493229283 2 31860
3493554294 2 31875 3493554324 1 31921
3493591504 2 31879 3493591534 1 31922
3493757180 2 31885 3493757216 1 31925
3493931938 2 31900 3493931971 1 31928
3494075426 2 31917 3494075458 1 31930
3494131954 2 31929 3494131988 1 31931
3494339387 2 31948 3494339419 1 31934
3501859441 2 31979 3501859474 1 32037
3502051231 2 31986 3502051261 1 32039
3502237046 1 32043 3502237049 2 31997
3502401985 2 32009 3502402021 1 32045
3502568069 2 32025 3502568101 1 32047
3502652180 0 11808 3502652267 2 32038
3503379594 0 11814 3503379711 1 32056
3510165380 2 32076 3510165470 1 32144
3510523811 2 32102 3510523846 1 32149
3510783442 2 32130 3510783474 1 32152
3510796317 2 32132 3510796347 1 32153
3510812646 0 11847 3510812732 2 32135
3512595005 0 11851 3512595128 1 32178
3514421601 0 11855 3514421720 1 32202
3515794102 1 32223 3515794195 0 11858
3518413137 2 32182 3518413173 1 32256
3518543058 2 32187 3518543087 1 32259
3518651259 2 32195 3518651292 1 32260
3519100659 2 32233 3519100688 1 32267
3519206832 2 32243 3519206868 1 32268
3519336416 2 32251 3519336448 1 32269
3526860173 0 11898 3526860293 1 32374
3527169742 2 32300 3527169776 1 32378
3527274810 2 32312 3527274842 1 32380
3527605581 2 32351 3527605616 1 32383
3527707031 2 32361 3527707063 1 32384
3527767600 2 32367 3527767634 1 32385
3528607962 0 11904 3528608077 1 32398
3535129151 2 32378 3535129181 1 32486
3535832063 2 32428 3535832095 1 32493
3536064320 2 32453 3536064352 1 32497
3543528632 0 11959 3543528717 2 32472
3551830196 0 11991 3551830280 2 32555
3551982965 0 11993 3551983048 2 32576
3593695208 2 32654 3593695239 1 32536
3601904045 2 32679 3601904078 1 32619
3602003196 2 32690 3602003231 1 32620
3602297885 2 32713 3602297920 1 32624
3602402022 2 32717 3602402054 1 32625
3610125150 0 12172 3610125236 2 32759
3610127721 2 32760 3610127752 1 32701
3610262480 2 32772 3610262510 1 32703
3610616232 2 32796 3610616266 1 32707
3610960976 0 12174 3610961061 2 32823
3610976220 0 12175 3610976305 2 32825
3618527406 2 32840 3618527440 1 32794
3618769174 2 32854 3618769205 1 32796
3618957823 2 32870 3618957856 1 32798
3619013386 2 32876 3619013419 1 32799
3619364578 2 32922 3619364614 1 32803
3619512728 2 32927 3619512759 1 32805
3626966629 2 32949 3626966662 1 32909
3627035799 2 32956 3627035829 1 32910
3627164363 1 32912 3627164417 2 32967
3627360167 2 32984 3627360201 1 32914
3627635231 2 33006 3627635267 1 32919
3627794574 2 33022 3627794608 1 32921
3629351698 0 12235 3629351819 1 32943
3630342420 0 12239 3630342538 1 32957
3631558025 0 12244 3631558144 1 32973
3635164716 2 33040 3635164752 1 33022
3635452069 2 33054 3635452103 1 33024
3635555253 2 33067 3635555313 1 33025
3635581942 2 33068 3635581975 1 33026
3635587293 2 33069 3635587322 1 33027
3635655854 2 33076 3635655901 1 33028
3635930550 0 12260 3635930666 1 33032
3635978821 2 33120 3635978915 1 33033
3640730323 0 12271 3640730447 1 33099
3643552634 2 33161 3643552666 1 33141
3643622112 0 12279 3643622198 2 33167
3643828330 2 33181 3643828363 1 33143
3644158070 2 33213 3644158101 1 33148
3644297656 2 33226 3644297686 1 33150
3644370810 2 33233 3644370843 1 33151
3644435898 2 33237 3644435932 1 33152
3644562794 2 33245 3644562825 1 33154
3652059148 2 33273 3652059180 1 33256
3652063514 2 33274 3652063546 1 33257
3652475169 2 33308 3652475204 1 33261
3652514297 0 12311 3652514381 2 33313
3652583021 2 33322 3652583054 1 33264
3652764144 2 33350 3652764228 1 33266
3660220173 2 33373 3660220206 1 33368
3660450438 2 33384 3660450469 1 33371
3660845613 2 33414 3660845649 1 33377
3660871202 0 12343 3660871286 2 33417
3661134160 2 33442 3661134193 1 33380
3661138378 0 12347 3661138461 2 33443
3668515617 2 33465 3668515648 1 33480
3668835657 2 33481 3668835689 1 33485
3668953419 2 33489 3668953452 1 33486
3668961036 2 33491 3668961072 1 33487
3669278047 2 33523 3669278082 1 33491
3676914719 2 33564 3676914752 1 33594
3677148292 2 33581 3677148324 1 33596
3677237881 0 12406 3677237968 2 33590
3677309906 2 33593 3677309938 1 33599
3677375953 2 33598 3677375986 1 33600
3677510822 2 33611 3677510854 1 33602
3677649094 0 12408 3677649176 2 33632
3677728266 1 33604 3677728362 2 33636
3679519968 0 12413 3679520083 1 33629
3685199740 2 33653 3685199770 1 33708
3685546440 2 33679 3685546470 1 33714
3685979131 2 33737 3685979164 1 33718
3686166693 1 33721 3686166713 2 33758
3686176506 2 33759 3686176537 1 33722
3693341308 2 33767 3693341344 1 33825
3693380898 2 33768 3693380933 1 33826
3693517535 2 33771 3693517569 1 33828
3693602114 0 12450 3693602200 2 33776
3694002995 2 33808 3694003026 1 33833
3694258799 2 33832 3694258833 1 33838
3694323857 2 33839 3694323889 1 33839
3694882960 0 12454 3694883078 1 33846
3701390407 0 12476 3701390533 1 33937
3701936946 2 33871 3701936978 1 33942
3701951338 2 33874 3701951367 1 33944
3702063410 2 33882 3702063442 1 33945
3702280914 2 33896 3702280950 1 33947
3702351270 2 33903 3702351301 1 33948
3702592658 0 12482 3702592741 2 33923
3702605061 2 33925 3702605093 1 33952
3702816151 0 12484 3702816236 2 33947
3708166813 0 12501 3708166930 1 34028
3709933115 2 33961 3709933217 0 12505
3710504548 2 33994 3710504580 1 34057
3710748686 2 34012 3710748722 1 34060
3710763739 2 34013 3710763771 1 34061
3711003243 2 34036 3711003277 1 34064
3711033856 2 34041 3711033893 1 34065
3718811932 2 34084 3718811966 1 34177
3718975428 2 34103 3718975460 1 34179
3719067769 2 34109 3719067802 1 34181
3719231293 2 34123 3719231325 1 34183
3719483399 2 34153 3719483430 1 34187
3727277763 0 12545 3727277853 2 34201
3727568595 0 12546 3727568680 2 34230
3785198156 2 34369 3785198188 1 34314
3785515838 2 34382 3785515870 1 34317
3785878378 0 12737 3785878460 2 34409
3785963816 0 12739 3785963901 2 34419
3786049929 0 12740 3786050016 2 34429
3786073029 0 12741 3786073112 2 34433
3793866877 2 34478 3793866908 1 34404
3794244727 0 12762 3794244813 2 34519
3794268100 2 34522 3794268133 1 34407
3801954200 1 34492 3801954282 2 34548
3802240126 2 34574 3802240159 1 34494
3802520389 0 12791 3802520508 1 34497
3802603554 2 34606 3802603587 1 34499
3802722009 2 34617 3802722041 1 34501
3805240436 0 12795 3805240550 1 34540
3806788269 0 12803 3806788388 1 34558
3810615169 2 34661 3810615203 1 34611
3810649738 0 12813 3810649821 2 34668
3810730353 2 34678 3810730386 1 34614
3810826684 2 34693 3810826719 1 34615
3810915160 2 34704 3810915194 1 34616
3810937856 0 12814 3810937941 2 34705
3810941625 2 34706 3810941656 1 34617
3811008507 2 34714 3811008538 1 34618
3811165545 0 12816 3811165632 2 34726
3812209119 0 12822 3812209238 1 34633
3816809323 0 12834 3816809442 1 34697
3818539029 2 34742 3818539062 1 34723
3818549987 2 34743 3818550016 1 34724
3818667164 2 34755 3818667197 1 34725
3818727103 0 12836 3818727190 2 34758
3819142124 2 34790 3819142159 1 34732
3819220647 2 34802 3819220682 1 34733
3819431327 2 34825 3819431362 1 34736
3819484838 0 12838 3819484923 2 34831
3826966381 2 34854 3826966411 1 34846
3826970155 2 34855 3826970187 1 34847
3827305690 2 34888 3827305718 1 34851
3827419738 2 34896 3827419770 1 34854
3827750781 0 12852 3827750866 2 34916 3827750900 1 34858
3827760813 2 34917 3827760849 1 34859
3831083373 0 12872 3831083492 1 34902
3834816569 2 34935 3834816707 1 34952
3835296584 2 34948 3835296615 1 34959
3835392344 2 34959 3835392375 1 34960
3835792896 2 34993 3835792928 1 34966
3835831068 2 34998 3835831099 1 34967
3835871754 2 35001 3835871787 1 34968
3835962518 0 12884 3835962612 2 35013
3836043046 2 35023 3836043078 1 34970
3836055984 0 12886 3836056067 2 35025
3844023117 2 35082 3844023151 1 35078
3844058784 2 35085 3844058819 1 35080
3844102058 0 12913 3844102142 2 35089
3844245472 2 35102 3844245502 1 35083
3844508040 2 35125 3844508070 1 35085
3844566071 2 35128 3844566101 1 35086
3852023318 2 35153 3852023351 1 35192
3852139776 2 35158 3852139807 1 35194
3852819319 2 35218 3852819352 1 35204
3860389931 2 35251 3860389963 1 35313
3860525425 2 35259 3860525456 1 35315
3860909841 2 35300 3860909875 1 35319
3860975943 2 35310 3860975979 1 35320
3861000557 2 35313 3861000588 1 35321
3861064299 2 35317 3861064331 1 35322
3861132354 2 35327 3861132389 1 35323
3868663166 2 35352 3868663201 1 35424
3869037595 2 35380 3869037627 1 35428
3869041328 0 12987 3869041413 2 35381
3869145512 0 12989 3869145597 2 35396
3874172069 0 13005 3874172186 1 35499
3876953466 2 35463 3876953500 1 35535
3877223256 2 35479 3877223290 1 35539
3877368159 2 35491 3877368192 1 35542
3877731767 2 35534 3877731801 1 35548
3877886781 2 35553 3877886813 1 35550
3877903044 2 35555 3877903078 1 35551
3885473491 2 35583 3885473587 1 35654
3885607524 2 35587 3885607558 1 35655
3885680042 2 35594 3885680073 1 35657
3885952476 0 13046 3885952590 1 35660
3885992633 2 35629 3885992668 1 35661
3886098751 2 35640 3886098774 0 13047
3892982741 0 13068 3892982860 1 35759
3893555256 2 35663 3893555291 1 35766
3893852201 2 35677 3893852233 1 35771
3894109280 2 35702 3894109312 1 35775
3894155284 2 35711 3894155314 1 35776
3894324694 2 35724 3894324724 1 35778
3894464913 2 35744 3894464946 1 35780
3895551080 0 13076 3895551198 1 35794
3898962567 0 13089 3898962684 1 35841
3901716285 0 13099 3901716406 1 35873
3902205691 2 35784 3902205725 1 35880
3902535432 2 35817 3902535464 1 35885
3902657411 2 35831 3902657446 1 35887
3902748662 2 35841 3902748693 1 35888
3902931816 2 35861 3902931851 1 35891
3911140762 0 13132 3911140848 2 35944
3919339173 0 13155 3919339258 2 36033
3960891855 0 13299 3960891942 2 36055
3961127868 2 36058 3961127904 1 35936
3968621056 2 36075 3968621091 1 36014
3968864007 2 36089 3968864038 1 36016
3968936861 0 13321 3968936943 2 36095
3969006595 2 36102 3969006628 1 36017
3969614127 0 13325 3969614210 2 36146
3977165548 0 13348 3977165631 2 36169
3978284977 0 13353 3978285092 1 36114
3985366103 2 36253 3985366137 1 36186
3985483471 2 36261 3985483501 1 36187
3985500303 2 36262 3985500339 1 36188
3985709805 0 13384 3985709865 2 36277
3985890799 2 36293 3985890834 1 36192
3992841084 0 13407 3992841201 1 36284
3993444614 2 36320 3993444649 1 36291
3993811894 2 36340 3993811925 1 36296
3994046555 2 36355 3994046587 1 36298
3994092631 2 36359 3994092663 1 36299
3994254828 2 36373 3994254863 1 36302
3994303513 0 13413 3994303597 2 36377
3995577549 0 13418 3995577664 1 36320
3996709941 0 13426 3996710062 1 36333
4002001745 2 36419 4002001774 1 36404
4002062115 2 36424 4002062148 1 36405
4002229551 2 36433 4002229583 1 36408
4002368755 2 36444 4002368787 1 36409
4002375525 1 36410 4002375639 2 36445
4002428017 2 36446 4002428053 1 36411
4002523686 2 36453 4002523721 1 36413
4002637713 2 36471 4002637742 1 36414
4002646647 2 36472 4002646678 1 36415
4002794538 2 36487 4002794570 1 36417
4002886579 2 36495 4002886614 1 36418
4003035355 2 36507 4003035389 1 36420
4010593260 2 36537 4010593290 1 36523
4010748217 0 13463 4010748301 2 36548
4010765915 2 36551 4010765946 1 36526
4010813572 2 36555 4010813604 1 36527
4011199993 2 36594 4011200026 1 36532
4011247752 2 36598 4011247785 1 36533
4012373161 0 13468 4012373217 1 36547
4012464005 0 13470 4012464125 1 36548
4017183686 0 13486 4017183801 1 36612
4018745642 2 36618 4018745789 1 36635
4018983272 2 36641 4018983302 1 36638
4019116844 0 13490 4019116962 1 36640
4019251360 2 36673 4019251391 1 36641
4019279543 2 36680 4019279576 1 36642
4019437928 0 13492 4019438015 2 36702
4019475293 2 36704 4019475325 1 36645
4019550730 2 36714 4019550762 1 36646
4027057538 2 36738 4027057571 1 36749
4027234265 0 13518 4027234384 1 36750
4027550258 0 13521 4027550342 2 36776
4027591450 2 36783 4027591486 1 36756
4031608232 0 13536 4031608349 1 36808
4032229159 0 13539 4032229277 1 36818
4039302906 0 13561 4039303024 1 36916
4042942372 0 13571 4042942490 1 36965
4043201335 1 36969 4043201348 2 36937
4043853227 2 36961 4043853257 1 36979
4044107345 0 13576 4044107430 2 36979 4044107462 1 36982
4044513353 2 37026 4044513385 1 36986
4045504521 0 13579 4045504641 1 37001
4052168425 0 13597 4052168541 2 37057
4052384078 2 37068 4052384109 1 37093
4052748872 2 37111 4052748901 1 37097
4052842485 2 37120 4052842520 1 37099
4053011424 2 37133 4053011464 1 37101
4053019594 2 37134 4053019627 1 37102
4054871775 0 13607 4054871893 1 37126
4056080756 0 13615 4056080872 1 37140
4058415564 0 13619 4058415684 1 37175
4060350386 2 37147 4060350417 1 37201
4060491829 0 13627 4060491913 2 37155
4061087508 2 37214 4061087542 1 37210
4068578162 2 37241 4068578194 1 37318
4068731189 2 37247 4068731223 1 37320
4068943050 2 37265 4068943082 1 37322
4069179510 2 37285 4069179654 1 37325
4069299178 2 37303 4069299210 1 37327
4069386437 2 37316 4069386471 1 37328
4069435441 2 37322 4069435474 1 37329
4069561845 2 37335 4069561877 1 37331
4076932889 2 37357 4076932927 1 37438
4077505052 2 37394 4077505087 1 37446
4077582104 2 37403 4077582139 1 37447
4077707202 2 37413 4077707236 1 37448
4077884501 2 37434 4077884534 1 37451
4077932167 2 37436 4077932196 1 37452
4085471445 2 37468 4085471476 1 37552
4085570105 2 37475 4085570136 1 37554
4085693487 2 37486 4085693620 1 37556
4085756098 2 37496 4085756129 1 37557
4085928482 0 13702 4085928569 2 37512
4086151605 2 37540 4086151638 1 37562
4086227296 2 37550 4086227438 0 13705
4091235523 0 13720 4091235641 1 37632
4093531598 0 13732 4093531683 2 37562
4094514533 0 13736 4094514620 2 37648
4151795047 2 37772 4151795080 1 37702
4151900157 2 37775 4151900189 1 37703
4160898942 2 37884 4160898974 1 37794
4169016026 2 37955 4169016060 1 37877
4169110535 0 13983 4169110619 2 37962
4169210890 2 37972 4169210921 1 37879
4169221109 2 37973 4169221141 1 37880
4169377575 2 37989 4169377609 1 37882
4175271485 0 14006 4175271600 1 37953
4177143715 2 38030 4177143749 1 37978
4177330920 2 38048 4177330952 1 37981
4177378688 1 37982 4177378746 2 38051
4177421995 0 14013 4177422081 2 38054
4177436967 2 38055 4177436999 1 37983
4177510538 2 38065 4177510570 1 37984
4177525611 0 14014 4177525651 2 38066
4177582204 2 38075 4177582235 1 37985
4177668751 2 38083 4177668787 1 37986
4185422385 2 38133 4185422417 1 38092
4185506381 2 38138 4185506415 1 38093
4185544038 2 38139 4185544072 1 38094
4185692650 2 38156 4185692681 1 38096
4185825797 2 38173 4185825830 1 38098
4186035631 2 38195 4186035661 1 38101
4186114509 2 38204 4186114544 1 38102
4186153065 2 38208 4186153100 1 38103
4189920912 0 14056 4189921029 1 38155
4192903314 0 14069 4192903434 1 38195
4193602563 0 14072 4193602682 1 38203
4193767293 2 38234 4193767325 1 38205
4193842022 2 38240 4193842056 1 38206
4194043622 2 38256 4194043657 1 38209
4194251562 2 38280 4194251597 1 38212
4194283544 2 38284 4194283575 1 38213
4194625956 2 38330 4194625986 1 38218
4202407024 2 38378 4202407056 1 38326
4202418056 2 38379 4202418092 1 38327
4202485219 2 38382 4202485250 1 38328
4203064615 2 38437 4203064648 1 38335
4208123257 0 14122 4208123378 1 38402
4208251776 0 14123 4208251895 1 38404
4209419815 0 14128 4209419933 1 38420
4210300886 0 14131 4210301008 1 38430
4210513401 1 38432 4210513433 2 38456
4210521612 2 38458 4210521644 1 38433
4210703898 2 38476 4210703927 1 38436
4210742782 2 38482 4210742816 1 38437
4210808951 0 14132 4210809036 2 38486
4211072740 2 38514 4211072773 1 38442
4211135844 2 38520 4211135876 1 38443
4212238395 0 14139 4212238510 1 38456
4218696755 0 14162 4218696837 2 38547
4218756196 2 38550 4218756228 1 38546
4218879749 2 38557 4218879779 1 38547
4218967719 2 38563 4218967750 1 38548
4219023411 2 38566 4219023445 1 38549
4219251578 2 38588 4219251614 1 38551
4219317404 0 14166 4219317488 2 38595
4227051121 2 38661 4227051153 1 38660
4227109409 2 38664 4227109440 1 38662
4227300468 2 38674 4227300500 1 38664
4227536017 2 38690 4227536051 1 38666
4227861525 2 38732 4227861558 1 38670
4227911787 2 38737 4227911819 1 38671
4228176735 0 14193 4228176850 1 38675
4235319089 2 38758 4235319118 1 38775
4235776283 2 38795 4235776314 1 38780
4235782012 2 38796 4235782047 1 38781
4236052977 2 38825 4236053012 1 38785
4236265535 2 38850 4236265567 1 38788
4243402302 0 14240 4243402419 1 38888
4243569492 2 38867 4243569526 1 38890
4243838331 2 38879 4243838357 1 38892
4243929350 2 38886 4243929384 1 38894
4244106813 2 38899 4244106844 1 38897
4244192394 2 38907 4244192428 1 38898
4244215685 2 38910 4244215721 1 38899
4244262446 0 14241 4244262528 2 38915
4244432157 2 38933 4244432190 1 38902
4244435851 0 14242 4244435936 2 38934
4244505000 2 38944 4244505033 1 38903
4244691534 0 14243 4244691619 2 38962
4244714053 2 38966 4244714087 1 38906
4251504101 0 14264 4251504220 1 38999
4252500366 2 39018 4252500398 1 39012
4253068071 2 39078 4253068103 1 39022
4254454011 0 14271 4254454127 1 39041
4260394857 2 39099 4260394888 1 39125
4260760576 2 39127 4260760611 1 39130
4260838635 2 39136 4260838670 1 39132
4261225390 2 39179 4261225422 1 39138
4268617087 2 39196 4268617120 1 39241
4268914574 2 39215 4268914606 1 39245
4269063352 2 39226 4269063384 1 39247
4269247501 2 39242 4269247535 1 39250
4269332638 2 39248 4269332668 1 39252
4269738166 2 39290 4269738197 1 39258
4277049762 0 14332 4277049847 2 39299
4277600137 0 14335 4277600222 2 39350
4277963039 0 14337 4277963125 2 39397
