22425 2 0 22458 1 0
16004483 0 41 16004565 2 121
57827959 2 156 57827991 1 45
58209744 0 169 58209830 2 160
65647057 2 169 65647087 1 126
65882385 2 183 65882416 1 128
65991506 0 196 65991589 2 190
66093376 2 201 66093403 1 131
66266651 2 227 66266685 1 133
66395151 2 240 66395233 1 134
67535190 0 202 67535307 1 145
71137515 0 214 71137633 1 183
73890257 2 259 73890289 1 211
74304483 2 281 74304515 1 215
74603009 2 316 74603040 1 218
74749036 0 222 74749120 2 330
82175794 2 341 82175825 1 306
82250714 2 344 82250745 1 307
82511337 2 362 82511368 1 312
82662284 2 373 82662320 1 313
82832351 2 389 82832384 1 316
82855464 2 391 82855497 1 317
83166569 2 420 83166600 1 321
83221264 2 428 83221298 1 323
84091719 0 252 84091837 1 335
90350130 1 420 90350210 2 440
90671817 2 449 90671848 1 425
90830163 2 459 90830198 1 428
90894824 2 462 90894856 1 429
91094045 2 474 91094079 1 431
99139930 2 570 99139966 1 547
99256980 2 581 99257014 1 549
99354956 2 590 99354988 1 551
99573065 2 616 99573100 1 554
99811042 2 644 99811075 1 556
99875529 0 293 99875563 2 652
99919119 2 656 99919154 1 559
101119580 0 299 101119702 1 576
104468349 0 310 104468464 1 622
107239866 2 665 107239903 1 658
107311303 2 669 107311338 1 659
107360350 2 674 107360385 1 660
107547722 2 692 107547753 1 663
107620761 2 699 107620793 1 664
107977854 2 729 107977884 1 668
108077183 2 742 108077218 1 669
108181420 2 757 108181452 1 671
108252330 2 762 108252366 1 672
108620091 0 327 108620208 1 677
114107133 0 349 114107247 1 751
115695068 0 356 115695155 2 785
115837847 2 797 115837877 1 772
115881952 0 357 115882070 1 773
115910219 0 358 115910334 1 774
116286993 2 832 116287023 1 778
116431833 0 362 116431917 2 850
116493699 2 856 116493730 1 781
116600671 0 363 116600754 2 863
116626738 2 864 116626770 1 782
116721362 1 784 116721362 2 873
118542987 0 368 118543105 1 810
124223763 2 901 124223797 1 889
124282444 2 905 124282477 1 890
124300462 0 382 124300547 2 906
124696104 0 384 124696196 2 940
124732848 2 943 124732873 1 896
124809166 2 951 124809198 1 898
125972358 1 912 125972471 0 389
128474030 0 398 128474149 1 946
132379895 2 984 132379929 1 998
132723391 2 1007 132723424 1 1002
132817211 2 1016 132817239 1 1003
132950628 2 1028 132950662 1 1005
133298909 2 1064 133298933 1 1011
133392659 2 1069 133392691 1 1013
136847014 0 425 136847133 1 1062
140699276 1 1114 140699416 2 1085
141168380 2 1114 141168417 1 1121
141331469 2 1124 141331500 1 1122
141477170 2 1138 141477203 1 1125
141548891 2 1142 141548925 1 1126
144115319 0 448 144115438 1 1160
148696601 2 1153 148696668 1 1221
149137420 2 1177 149137454 1 1225
149162374 2 1179 149162404 1 1226
149315214 2 1190 149315248 1 1228
149477412 2 1202 149477450 1 1231
149579173 2 1210 149579208 1 1232
149719377 2 1225 149719409 1 1235
149880530 2 1242 149880564 1 1237
157045682 2 1262 157045717 1 1336
157487436 0 495 157487522 2 1281
157825034 0 498 157825118 2 1314
158182373 2 1353 158182412 1 1350
158339652 2 1369 158339687 1 1353
165464577 2 1376 165464615 1 1452
165589519 2 1383 165589549 1 1454
165702983 2 1390 165703015 1 1456
165939929 2 1405 165939960 1 1460
166030481 0 520 166030564 2 1410 166030598 1 1462
166225955 0 521 166226075 1 1465
166427013 2 1457 166427046 1 1467
166504051 0 522 166504099 2 1467
166539215 2 1470 166539247 1 1469
166654087 2 1484 166654118 1 1470
174280191 2 1516 174280224 1 1575
174342863 2 1524 174342898 1 1576
174413153 2 1532 174413187 1 1577
174558251 2 1543 174558285 1 1579
174678782 2 1551 174678816 1 1581
174827238 2 1565 174827271 1 1583
174859852 2 1569 174859884 1 1584
182338349 2 1592 182338378 1 1686
182349005 2 1593 182349035 1 1687
182609024 2 1612 182609054 1 1692
182705037 2 1618 182705069 1 1693
182723210 0 564 182723299 2 1620
182807758 1 1695 182807763 2 1632
182832837 0 565 182832922 2 1636
183243985 0 567 183244069 2 1686
191439980 0 592 191440064 2 1766
249731844 2 1936 249731880 1 1825
257220721 2 1948 257220752 1 1902
257514703 0 811 257514787 2 1968
257537162 2 1970 257537191 1 1905
257580286 2 1973 257580316 1 1906
257669365 2 1983 257669398 1 1907
257850780 2 2001 257850814 1 1909
261767009 0 824 261767130 1 1950
263811786 0 829 263811903 1 1970
265635576 2 2037 265635608 1 1989
266126563 2 2077 266126592 1 1994
266322017 2 2095 266322049 1 1996
273920215 0 860 273920333 1 2101
274144329 0 862 274144415 2 2141
274165590 1 2104 274165596 2 2143
274326806 2 2159 274326840 1 2106
274707243 2 2200 274707273 1 2112
274851242 0 866 274851326 2 2210
274901749 2 2213 274901779 1 2115
274995819 2 2218 274995851 1 2116
277658697 0 876 277658817 1 2151
282335656 2 2238 282335690 1 2216
282440731 2 2243 282440766 1 2218
282492497 2 2248 282492529 1 2219
282649549 2 2258 282649583 1 2220
282858011 2 2273 282858044 1 2224
283161349 0 891 283161433 2 2306
283360246 2 2320 283360357 1 2231
289172705 0 912 289172821 1 2311
290626004 2 2336 290626036 1 2331
291533583 2 2410 291533617 1 2342
298546949 2 2419 298546983 1 2439
298966714 2 2435 298966796 1 2445
299215582 2 2448 299215613 1 2448
299475698 2 2470 299475732 1 2451
299616245 2 2486 299616279 1 2453
299846551 2 2514 299846584 1 2457
301830622 0 955 301830741 1 2485
307336607 2 2546 307336642 1 2562
307643913 2 2562 307643947 1 2565
307782646 2 2572 307782677 1 2567
307841716 2 2576 307841752 1 2568
307993878 2 2588 307993908 1 2570
308114513 2 2596 308114547 1 2573
308177052 2 2605 308177085 1 2574
309927427 0 978 309927543 1 2599
310079294 0 979 310079411 1 2601
312486428 0 989 312486544 1 2633
314304879 0 995 314304998 1 2658
315534109 2 2625 315534138 1 2674
315543895 2 2626 315543968 1 2675
316060303 2 2670 316060334 1 2681
316142824 2 2677 316142854 1 2683
316285198 2 2698 316285229 1 2685
316364593 2 2704 316364627 1 2686
316374781 0 1002 316374865 2 2705
316574342 2 2725 316574374 1 2689
323909991 2 2744 323910023 1 2796
324025259 2 2752 324025289 1 2798
324086593 0 1016 324086678 2 2756
324283642 2 2774 324283674 1 2801
324361973 2 2779 324362006 1 2802
324541136 2 2796 324541170 1 2804
324667171 0 1021 324667254 2 2814
324742650 0 1022 324742734 2 2820
324796389 2 2822 324796420 1 2807
324984164 2 2836 324984198 1 2809
325953465 0 1025 325953584 1 2823
332451474 2 2863 332451508 1 2909
332539028 2 2865 332539154 1 2910
332596715 2 2871 332596750 1 2911
332645477 2 2874 332645505 1 2912
332800374 2 2888 332800406 1 2914
332896534 0 1054 332896617 2 2896
332960787 2 2907 332960822 1 2917
333157285 2 2930 333157319 1 2919
333238836 2 2939 333238868 1 2920
335711391 0 1068 335711510 1 2952
337479342 0 1070 337479459 1 2979
340995369 0 1085 340995454 2 2980
341005232 1 3027 341005254 2 2981
341149125 2 2994 341149159 1 3028
341394727 2 3017 341394752 1 3030
341560541 2 3035 341560576 1 3034
349248134 2 3070 349248169 1 3144
349387266 2 3083 349387297 1 3146
349726128 2 3114 349726159 1 3152
353700634 0 1116 353700751 1 3207
356912340 2 3149 356912371 1 3251
357418302 2 3166 357418336 1 3259
357485446 2 3169 357485477 1 3260
357518225 2 3171 357518257 1 3261
357647788 1 3263 357647824 2 3182
358276775 2 3254 358276805 1 3271
358349236 2 3257 358349269 1 3272
365834111 2 3280 365834143 1 3372
366026424 2 3292 366026456 1 3375
366152240 2 3301 366152272 1 3376
366337788 2 3321 366337834 1 3379
366434868 2 3335 366434900 1 3381
366533595 2 3349 366533630 1 3382
366589973 2 3358 366590006 1 3383
374476865 0 1184 374476949 2 3406
429479042 0 1363 429479156 1 3476
432198781 2 3563 432198815 1 3503
432715229 2 3597 432715260 1 3508
432769475 2 3600 432769508 1 3509
441211767 2 3681 441211798 1 3596
445432534 0 1419 445432652 1 3639
448953301 2 3722 448953330 1 3676
449160179 2 3739 449160215 1 3678
449262237 2 3747 449262271 1 3679
449607282 0 1430 449607367 2 3782
452337926 0 1435 452338046 1 3715
457444073 2 3813 457444108 1 3784
457511949 0 1456 457512034 2 3820
457874228 2 3850 457874259 1 3789
457920623 2 3854 457920656 1 3790
458017620 2 3866 458017654 1 3791
458095385 0 1461 458095469 2 3876
458115803 2 3878 458115826 1 3792
458154297 2 3882 458154329 1 3793
458327609 2 3894 458327643 1 3794
460084938 0 1468 460085055 1 3819
465805683 2 3914 465805719 1 3897
465867470 2 3919 465867503 1 3898
465960175 2 3929 465960211 1 3899
466056653 2 3937 466056686 1 3901
466157751 2 3944 466157784 1 3902
466180477 2 3947 466180511 1 3903
466295297 2 3961 466295327 1 3905
466494966 2 3984 466495000 1 3907
466503205 2 3985 466503238 1 3908
466674707 2 4001 466674738 1 3910
467439417 0 1493 467439536 1 3919
471799598 0 1506 471799713 1 3980
474424912 2 4045 474424943 1 4016
474551008 2 4056 474551042 1 4019
474745661 0 1515 474745745 2 4074
474949356 2 4093 474949389 1 4025
477886112 0 1526 477886233 1 4064
482594433 2 4131 482594468 1 4128
482760535 2 4141 482760567 1 4130
483156108 0 1547 483156193 2 4175
483329036 2 4193 483329070 1 4139
483361302 0 1549 483361387 2 4197
490677548 2 4224 490677580 1 4242
491040233 2 4249 491040265 1 4247
491269675 2 4270 491269708 1 4251
491460423 2 4297 491460458 1 4254
491542792 2 4304 491542824 1 4255
495061654 0 1576 495061769 1 4305
495917821 0 1578 495917940 1 4317
498706628 2 4325 498706673 1 4355
499149416 2 4348 499149450 1 4363
499391315 2 4361 499391350 1 4366
499485162 2 4365 499485196 1 4367
499520511 2 4370 499520548 1 4368
499654265 2 4381 499654297 1 4370
499758482 0 1592 499758566 2 4395
507504747 2 4448 507504786 1 4479
507548843 2 4451 507548879 1 4480
507974297 2 4488 507974332 1 4485
508055443 2 4501 508055476 1 4486
508164075 0 1614 508164160 2 4510
508189335 0 1616 508189422 2 4512
508225558 2 4516 508225594 1 4489
511473001 0 1629 511473120 1 4532
512441432 0 1632 512441550 1 4546
515926353 2 4553 515926386 1 4597
516047892 0 1639 516047977 2 4565
516061310 2 4566 516061371 0 1640
516308120 2 4596 516308152 1 4600
516435058 0 1642 516435143 2 4610
516485282 2 4618 516485316 1 4603
516525115 0 1643 516525200 2 4622
523685211 2 4636 523685246 1 4706
524042047 2 4648 524042079 1 4710
524252917 2 4663 524252952 1 4712
524300258 2 4669 524300291 1 4713
524340392 2 4673 524340426 1 4714
524600997 2 4696 524601033 1 4716
524649782 2 4700 524649816 1 4717
524660546 0 1665 524660665 1 4718
524726208 2 4712 524726245 1 4719
524902564 2 4724 524902596 1 4721
524972434 2 4733 524972465 1 4722
525682323 0 1670 525682442 1 4732
528072189 0 1681 528072309 1 4763
532322298 0 1693 532322383 2 4746
532505397 2 4762 532505428 1 4824
532614193 2 4772 532614228 1 4826
532821006 2 4790 532821040 1 4828
532853357 1 4829 532853456 2 4794
532887471 0 1694 532887553 2 4799
533000250 2 4813 533000283 1 4832
533040940 0 1696 533041024 2 4816
533095725 2 4819 533095757 1 4833
533204485 2 4832 533204516 1 4834
533323539 2 4847 533323571 1 4836
540573090 2 4862 540573124 1 4935
540961143 2 4883 540961175 1 4940
541102346 2 4895 541102383 1 4941
541131723 0 1726 541131807 2 4898
541250761 2 4908 541250794 1 4943
541333456 2 4917 541333497 1 4945
541473383 2 4933 541473414 1 4947
541533096 2 4941 541533124 1 4948
541558068 2 4943 541558099 1 4949
541651683 2 4950 541651714 1 4950
542823019 0 1732 542823138 1 4966
549558506 2 5008 549558537 1 5057
549732489 2 5029 549732524 1 5059
549770915 0 1758 549770999 2 5034 549771034 1 5060
549918709 2 5048 549918746 1 5062
550093688 0 1760 550093773 2 5056
616008861 2 5293 616008894 1 5208
616062648 2 5297 616062689 1 5209
616229718 2 5312 616229754 1 5211
616435231 2 5324 616435262 1 5213
623740414 0 1986 623740529 1 5288
624186419 2 5341 624186450 1 5292
624295831 2 5348 624295866 1 5294
624404621 2 5358 624404653 1 5295
624459015 0 1987 624459101 2 5362
624914376 2 5409 624914407 1 5301
631340358 0 2014 631340472 1 5367
632538846 2 5429 632538880 1 5379
632647595 2 5436 632647626 1 5380
632752944 2 5444 632752977 1 5381
632831409 2 5452 632831441 1 5382
633135191 2 5487 633135225 1 5385
640729901 2 5511 640729936 1 5485
641008220 2 5533 641008250 1 5489
641156609 2 5547 641156643 1 5491
641566372 2 5599 641566403 1 5496
644572797 0 2056 644572914 1 5534
649231559 2 5642 649231592 1 5599
649336779 2 5648 649336810 1 5600
649597248 2 5674 649597283 1 5605
649748414 2 5688 649748444 1 5607
649871740 2 5704 649871774 1 5609
650076979 2 5716 650077009 1 5612
651894800 0 2070 651894917 1 5640
652801063 1 5650 652801142 0 2076
655646599 0 2085 655646718 1 5689
657578697 2 5739 657578729 1 5715
657769686 2 5753 657769719 1 5717
657774331 2 5754 657774362 1 5718
657909497 2 5758 657909529 1 5720
657992826 2 5765 657992861 1 5721
658069299 2 5773 658069336 1 5723
658181944 2 5782 658181979 1 5724
658300536 2 5791 658300570 1 5725
665691881 2 5819 665691915 1 5823
665884149 2 5826 665884184 1 5826
666101301 2 5837 666101333 1 5830
666209510 0 2124 666209595 2 5846
666243348 0 2125 666243432 2 5849
666499424 2 5885 666499459 1 5835
666666335 2 5898 666666370 1 5837
666724768 0 2126 666724852 2 5900
669645056 1 5877 669645189 0 2136
673351069 0 2146 673351187 1 5928
673955309 2 5910 673955340 1 5934
674315235 2 5932 674315269 1 5940
674350516 2 5938 674350551 1 5941
674717082 2 5970 674717117 1 5946
674895028 2 5986 674895059 1 5949
675011224 2 5990 675011255 1 5950
675026707 2 5991 675026737 1 5951
675095278 2 5994 675095308 1 5952
682473931 2 6012 682473957 1 6053
682748514 2 6036 682748552 1 6058
682847543 2 6047 682847574 1 6059
682955490 2 6063 682955524 1 6061
683079213 2 6078 683079250 1 6063
683205064 2 6093 683205098 1 6065
683301675 2 6101 683301711 1 6066
685222703 0 2177 685222820 1 6092
689416225 0 2190 689416344 1 6145
690549586 2 6126 690549623 1 6160
690749250 2 6132 690749281 1 6161
690794379 2 6134 690794412 1 6162
691054870 2 6155 691054903 1 6167
691211563 2 6169 691211597 1 6169
691235852 2 6173 691235884 1 6170
691472903 2 6199 691472937 1 6173
691703535 2 6220 691703567 1 6176
691807484 2 6223 691807522 1 6178
693473652 0 2210 693473768 1 6200
694079036 0 2214 694079154 1 6206
699142617 2 6244 699142648 1 6273
699215249 2 6251 699215281 1 6274
699539986 2 6275 699540018 1 6279
699773762 0 2233 699773848 2 6302
699779132 2 6303 699779166 1 6283
699885496 2 6322 699885529 1 6284
699960396 2 6334 699960429 1 6285
700182580 1 6289 700182627 2 6351
707309614 2 6358 707309644 1 6383
707576027 2 6372 707576059 1 6387
707714467 2 6385 707714498 1 6389
707934123 2 6401 707934157 1 6393
708215108 2 6426 708215142 1 6396
708259631 2 6430 708259664 1 6397
713449123 0 2276 713449240 1 6467
715817177 2 6458 715817209 1 6496
716035776 0 2280 716035861 2 6472
716288692 0 2281 716288778 2 6489
716480539 2 6510 716480573 1 6506
716547196 2 6520 716547227 1 6507
716567178 2 6523 716567211 1 6508
716583508 0 2282 716583556 2 6527
716709352 0 2283 716709436 2 6539
716731708 2 6541 716731740 1 6510
717441153 0 2290 717441273 1 6517
721433893 0 2304 721434013 1 6572
724396287 2 6578 724396321 1 6610
724855540 2 6612 724855575 1 6616
725011619 2 6624 725011653 1 6619
725101654 2 6631 725101685 1 6621
732421866 2 6649 732421898 1 6717
732463050 2 6654 732463084 1 6718
732772694 2 6677 732772726 1 6723
733062312 2 6698 733062344 1 6728
733085240 0 2336 733085324 2 6703
733286008 2 6730 733286041 1 6731
740310947 0 2357 740311066 1 6828
740712451 0 2359 740712535 2 6754
740898287 2 6762 740898319 1 6834
740914712 1 6835 740914822 2 6763
741174281 2 6783 741174312 1 6839
741296761 2 6792 741296792 1 6841
741435215 0 2360 741435237 2 6814
741473995 2 6818 741474026 1 6844
741794876 2 6846 741794909 1 6848
798920376 0 2545 798920462 2 6982
803230525 0 2556 803230646 1 6926
807469872 2 7015 807469903 1 6969
807912904 2 7045 807912936 1 6974
808078996 2 7063 808079032 1 6976
808271966 2 7080 808271998 1 6977
809015130 0 2571 809015172 1 6985
816056037 2 7124 816056071 1 7058
816114067 2 7128 816114097 1 7059
816191697 2 7136 816191731 1 7060
816321471 2 7151 816321505 1 7061
817517004 0 2608 817517124 1 7072
824304149 2 7201 824304179 1 7145
824444013 2 7211 824444044 1 7148
824556783 2 7221 824556815 1 7149
824573120 2 7222 824573156 0 2636
824614425 0 2637 824614505 2 7226
827112702 0 2642 827112820 1 7185
828506224 0 2646 828506343 1 7204
832319994 2 7268 832320027 1 7258
832404209 2 7274 832404240 1 7260
832617566 2 7288 832617599 1 7263
832755510 2 7299 832755543 1 7265
832834251 2 7305 832834285 1 7267
832891414 2 7309 832891447 1 7268
833176448 2 7331 833176480 1 7271
833453488 2 7365 833453519 1 7274
840744838 2 7370 840744872 1 7374
840918375 2 7380 840918406 1 7377
840964261 2 7384 840964294 1 7378
841059416 2 7391 841059448 1 7379
841111024 2 7394 841111057 1 7380
841536578 2 7441 841536614 1 7385
841606699 2 7449 841606733 1 7386
848735495 1 7487 848735526 2 7463
848909624 2 7468 848909657 1 7490
849029949 2 7470 849029982 1 7492
849059482 0 2708 849059570 2 7474
849302410 2 7491 849302441 1 7496
849556473 0 2712 849556561 2 7511
849870946 2 7550 849870980 1 7501
850073651 1 7504 850073725 2 7565
857409126 2 7588 857409156 1 7605
857483765 2 7594 857483798 1 7606
857619905 2 7611 857619938 1 7608
857990573 2 7637 857990605 1 7612
858059567 2 7641 858059599 1 7613
858145888 2 7649 858145923 1 7615
858278881 2 7663 858278960 1 7616
858283032 2 7664 858283065 1 7617
858319471 2 7668 858319506 1 7618
865877711 2 7702 865877742 1 7724
866141850 2 7718 866141880 1 7728
866268371 2 7732 866268405 1 7730
866285667 2 7733 866285699 1 7731
866336135 0 2762 866336219 2 7742
866377952 1 7732 866378000 2 7747
866739891 0 2765 866740005 1 7736
871548322 0 2776 871548440 1 7805
874239984 2 7806 874240014 1 7843
874296707 2 7811 874296737 1 7845
874385321 2 7821 874385351 1 7846
874404418 2 7824 874404451 1 7847
874531696 0 2782 874531781 2 7834
874901624 1 7853 874901639 2 7880
874953368 2 7889 874953400 1 7854
875020135 2 7897 875020172 1 7855
877434253 0 2791 877434373 1 7888
881656931 0 2807 881657048 1 7947
882577684 2 7931 882577715 1 7957
882660155 2 7937 882660186 1 7958
882797082 2 7947 882797116 1 7961
882982648 2 7958 882982682 1 7964
883393879 2 8001 883393912 1 7971
886165643 0 2827 886165758 1 8006
890713069 0 2842 890713153 2 8015
890756477 2 8017 890756511 1 8068
891025114 2 8038 891025145 1 8072
891129943 2 8044 891129975 1 8074
891538628 1 8079 891538740 2 8086
891556008 2 8090 891556039 1 8080
891628980 2 8101 891629014 1 8082
894394517 0 2857 894394608 1 8118
899025170 2 8119 899025204 1 8181
899227718 2 8131 899227752 1 8184
899339930 2 8135 899339962 1 8185
899354347 2 8138 899354381 1 8186
899379342 0 2875 899379426 2 8140
899763551 2 8176 899763587 1 8192
899859306 2 8188 899859338 1 8193
899982914 0 2878 899982996 2 8203
900202037 2 8222 900202067 1 8196
907473879 2 8240 907473911 1 8292
907617818 2 8253 907617851 1 8293
907640325 2 8255 907640356 1 8294
907731998 2 8263 907732029 1 8296
907787219 0 2909 907787300 2 8268
907824913 2 8273 907824941 1 8298
908036720 0 2910 908036806 2 8290
908085450 2 8297 908085483 1 8301
912225438 0 2923 912225565 1 8355
915716611 2 8330 915716645 1 8397
915777848 2 8334 915777879 1 8399
915934682 2 8349 915934716 1 8401
916341675 2 8390 916341710 1 8406
916350721 2 8392 916350756 1 8407
916542902 2 8417 916542934 1 8409
916545675 2 8418 916545712 1 8410
916649788 0 2939 916649790 1 8411 916649872 2 8427
916680635 2 8430 916680667 1 8412
924235298 2 8457 924235329 1 8515
924301115 2 8460 924301147 1 8516
924478428 2 8477 924478459 1 8519
924662260 2 8497 924662294 1 8522
924734734 2 8504 924734769 1 8523
928381018 0 2966 928381136 1 8575
940694704 0 3005 940694789 2 8657
983140902 2 8691 983140934 1 8580
987208177 0 3164 987208296 1 8623
990833673 2 8704 990833706 1 8660
990879030 2 8705 990879065 1 8661
991067178 2 8716 991067211 1 8662
991257876 2 8730 991257907 1 8664
991510881 2 8762 991510910 1 8666
991602961 2 8773 991602994 1 8668
993308467 0 3183 993308588 1 8685
999368603 2 8801 999368637 1 8747
999521959 2 8813 999521994 1 8749
999626005 2 8820 999626027 1 8750
999691661 2 8825 999691694 1 8751
999712501 0 3199 999712586 2 8826
999888241 0 3202 999888323 2 8840
1001447411 0 3213 1001447529 1 8769
1007358727 2 8869 1007358760 1 8830
1007452861 2 8875 1007452895 1 8831
1007544376 2 8881 1007544408 1 8832
1007559415 0 3231 1007559500 2 8883
1008038801 2 8915 1008038832 1 8837
1008070377 2 8919 1008070410 1 8838
1008214574 2 8933 1008214610 1 8839
1015888729 2 8973 1015888759 1 8944
1016334452 2 9015 1016334482 1 8951
1016587679 0 3259 1016587772 2 9044
1016778064 2 9061 1016778094 1 8956
1016820429 0 3262 1016820511 2 9063
1018680887 0 3267 1018681006 1 8982
1023833722 2 9071 1023833756 1 9051
1024222871 0 3288 1024222955 2 9080 1024222987 1 9057
1024386047 2 9097 1024386081 1 9059
1024620273 2 9111 1024620305 1 9061
1024760033 2 9117 1024760065 1 9064
1024904676 2 9136 1024904708 1 9067
1032667410 2 9179 1032667450 1 9173
1032949009 2 9204 1032949042 1 9177
1033299253 0 3322 1033299338 2 9238
1033450357 2 9252 1033450389 1 9182
1039290552 0 3337 1039290669 1 9265
1039543096 0 3338 1039543215 1 9267
1040519480 2 9261 1040519514 1 9282
1040919690 0 3343 1040919776 2 9275
1040965900 2 9280 1040965931 1 9289
1041135377 2 9289 1041135408 1 9291
1041208375 2 9296 1041208405 1 9292
1041494888 0 3347 1041494972 2 9330
1041564266 2 9338 1041564296 1 9295
1041816965 2 9363 1041816998 1 9298
1043727416 0 3353 1043727535 1 9326
1047382124 0 3367 1047382237 1 9376
1048930900 2 9371 1048930933 1 9396
1049019717 2 9375 1049019748 1 9397
1050023635 2 9462 1050023668 1 9410
1051422188 0 3384 1051422307 1 9429
1058015672 2 9520 1058015707 1 9519
1058157924 2 9533 1058158034 1 9521
1058272521 2 9543 1058272550 0 3408
1058275159 2 9544 1058275195 1 9523
1058543681 2 9562 1058543713 1 9527
1066563252 2 9643 1066563281 1 9636
1066816202 0 3435 1066816288 2 9668
1066820694 2 9669 1066820724 1 9640
1070931739 0 3450 1070931861 1 9696
1074251867 2 9692 1074251901 1 9743
1074459482 2 9706 1074459514 1 9746
1074601500 2 9718 1074601532 1 9749
1074705028 2 9725 1074705063 1 9751
1074774382 2 9732 1074774415 1 9752
1074981418 2 9754 1074981450 1 9755
1075081528 2 9761 1075081559 1 9757
1075193424 2 9763 1075193458 1 9759
1075820938 1 9767 1075820941 0 3458
1082015706 0 3473 1082015821 1 9857
1082480050 2 9785 1082480092 1 9861
1082807800 2 9800 1082807830 1 9866
1083354014 2 9839 1083354045 1 9874
1087561555 0 3492 1087561672 1 9932
1090750604 1 9973 1090750632 2 9863
1091074664 2 9881 1091074696 1 9978
1091435063 2 9922 1091435100 1 9984
1091693129 2 9945 1091693162 1 9988
1092397391 0 3509 1092397510 1 9998
1099586322 0 3527 1099586405 2 10007
1099734852 2 10020 1099734885 1 10102
1099884028 2 10034 1099884060 1 10105
1099920878 2 10038 1099920911 1 10106
1100131802 2 10054 1100131836 1 10107
1102746506 1 10147 1102746551 0 3531
1107310178 2 10061 1107310211 1 10210
1107410873 2 10067 1107410907 1 10212
1107593458 2 10078 1107593487 1 10215
1107963782 2 10108 1107963815 1 10220
1107978815 0 3548 1107978901 2 10110
1108052104 2 10117 1108052134 1 10221
1108260763 2 10133 1108260795 1 10223
1108366856 2 10141 1108366889 1 10224
1108411967 2 10145 1108412001 1 10225
1124724653 0 3591 1124724738 2 10302
1170291522 0 3756 1170291640 1 10333
1170622093 0 3757 1170622212 1 10337
1174743939 0 3771 1174744057 1 10378
1174974952 2 10477 1174974983 1 10381
1175062283 2 10486 1175062317 1 10382
1175101003 0 3773 1175101085 2 10492
1177848755 0 3785 1177848869 1 10410
1179494053 0 3789 1179494174 1 10427
1182541314 2 10504 1182541349 1 10459
1182873721 2 10533 1182873767 1 10463
1183277812 2 10570 1183277847 1 10467
1185168914 0 3808 1185169031 1 10487
1190292611 0 3830 1190292729 1 10540
1191042845 0 3831 1191042931 2 10610
1191055436 0 3832 1191055521 2 10612
1191310407 2 10636 1191310440 1 10550
1191490541 2 10655 1191490573 1 10552
1193412228 0 3845 1193412346 1 10572
1193863246 0 3847 1193863364 1 10576
1194138037 0 3848 1194138181 1 10579
1199232967 2 10688 1199233000 1 10646
1199308119 2 10695 1199308150 1 10648
1199495727 2 10708 1199495759 1 10649
1199555615 2 10715 1199555647 1 10651
1199559959 1 10652 1199560085 2 10716
1199650161 2 10722 1199650194 1 10653
1199698557 2 10729 1199698591 1 10654
1199824857 2 10744 1199824890 1 10655
1199908901 2 10756 1199908933 1 10657
1200077073 0 3867 1200077159 2 10770
1207470790 0 3888 1207470876 2 10776
1207670531 0 3889 1207670619 2 10791
1207675630 2 10792 1207675660 1 10765
1207726014 2 10794 1207726047 1 10766
1207948081 2 10815 1207948114 1 10769
1208061408 2 10826 1208061444 1 10771
1208108977 2 10831 1208109008 1 10772
1208204629 2 10842 1208204662 1 10774
1214170751 0 3906 1214170872 1 10857
1216264450 2 10914 1216264481 1 10886
1216329496 2 10920 1216329529 1 10887
1216498914 2 10941 1216498948 1 10888
1216573492 2 10952 1216573521 1 10889
1216668532 1 10891 1216668643 2 10966
1216838219 2 10983 1216838249 1 10893
1217454908 0 3918 1217455024 1 10903
1224228136 0 3943 1224228218 2 11006
1224488158 2 11022 1224488187 1 10998
1224659067 2 11037 1224659099 1 10999
1224816447 2 11055 1224816482 1 11001
1225062387 2 11080 1225062419 1 11005
1227183880 0 3958 1227183998 1 11033
1228633087 0 3968 1228633205 1 11050
1229966118 0 3974 1229966238 1 11068
1232525263 2 11107 1232525298 1 11103
1232617503 2 11110 1232617533 1 11104
1232744197 0 3984 1232744282 2 11121
1233050758 0 3987 1233050844 2 11141
1233078552 2 11145 1233078588 1 11109
1233218227 2 11161 1233218259 1 11111
1233250302 0 3988 1233250386 2 11164
1233394688 2 11182 1233394718 1 11113
1233469186 2 11190 1233469222 1 11114
1233566305 0 3990 1233566390 2 11193
1240696845 2 11200 1240696880 1 11214
1241337211 2 11241 1241337244 1 11223
1241433675 2 11250 1241433710 1 11224
1241524077 2 11257 1241524111 1 11226
1241741466 2 11281 1241741500 1 11228
1241767388 2 11286 1241767419 1 11229
1241818108 2 11289 1241818140 1 11230
1249259974 2 11307 1249260005 1 11329
1249283811 0 4038 1249283896 2 11309
1249367970 2 11319 1249368004 1 11331
1249608393 2 11339 1249608426 1 11334
1250095485 2 11388 1250095521 1 11341
1250168380 2 11395 1250168411 1 11343
1255176054 0 4054 1255176173 1 11414
1255999511 0 4058 1255999630 1 11423
1257761212 2 11427 1257761246 1 11447
1257892336 2 11433 1257892368 1 11449
1258077501 2 11447 1258077535 1 11452
1258085935 2 11449 1258085970 0 4068
1258190789 2 11462 1258190824 1 11453
1258272906 2 11472 1258272940 1 11454
1258451147 2 11488 1258451178 1 11455
1263684335 0 4085 1263684454 1 11531
1266146442 0 4094 1266146528 2 11529
1266289883 2 11536 1266289950 1 11565
1266608877 2 11572 1266608912 1 11569
1266700166 2 11586 1266700200 1 11571
1266827161 2 11596 1266827194 1 11573
1268613939 0 4102 1268614056 1 11598
1274275819 2 11621 1274275855 1 11674
1274571216 2 11636 1274571247 1 11679
1274633207 2 11640 1274633242 1 11680
1274871322 2 11669 1274871350 1 11684
1275042338 2 11689 1275042371 1 11686
1277220029 0 4129 1277220147 1 11715
1281584314 0 4135 1281584431 1 11781
1282436182 2 11710 1282436214 1 11788
1282529526 2 11713 1282529561 1 11793
1282637767 0 4140 1282637852 2 11725
1282787410 2 11734 1282787447 1 11797
1282805163 0 4142 1282805246 2 11736
1282870996 2 11742 1282871030 1 11798
1282966955 2 11752 1282966990 1 11799
1283078770 2 11767 1283078804 1 11801
1283157854 2 11778 1283157906 1 11802
1290672638 1 11906 1290672650 0 4164
1290702172 0 4165 1290702290 1 11907
1290914316 2 11838 1290914449 1 11910
1290987820 2 11840 1290987852 1 11911
1291066904 2 11846 1291066937 1 11912
1291711777 2 11899 1291711809 1 11920
1291886220 0 4170 1291886304 2 11907
1292406243 0 4174 1292406362 1 11929
1292525147 0 4176 1292525265 1 11930
1299179174 0 4197 1299179260 2 11922
1299225832 0 4198 1299225937 2 11925
1354311868 0 4386 1354311984 1 12027
1357750847 2 12129 1357750878 1 12063
1357810634 0 4398 1357810752 1 12064
1357932901 0 4400 1357932997 2 12142
1358015086 0 4401 1358015171 2 12147
1358200997 2 12164 1358201029 1 12067
1366022033 2 12200 1366022065 1 12148
1366113508 0 4422 1366113592 2 12207
1366173380 2 12212 1366173411 1 12150
1366485186 2 12236 1366485217 1 12152
1366511417 2 12239 1366511451 1 12153
1366649252 2 12258 1366649284 1 12154
1370473693 0 4434 1370473810 1 12194
1374741160 2 12321 1374741195 1 12238
1374776260 0 4448 1374776345 2 12325
1375121061 2 12353 1375121092 1 12242
1375222636 2 12354 1375222660 1 12243
1378510792 0 4459 1378510793 1 12281
1382327871 0 4478 1382327990 1 12329
1382763179 2 12387 1382763211 1 12333
1382850175 2 12392 1382850209 1 12334
1382888329 2 12395 1382888361 1 12335
1383072890 2 12408 1383072922 1 12337
1383383513 2 12452 1383383547 1 12341
1390751964 2 12461 1390751998 1 12445
1391144627 2 12487 1391144660 1 12449
1391338342 2 12501 1391338376 1 12452
1391437691 2 12507 1391437725 1 12454
1391695497 0 4500 1391695581 2 12543
1391754446 2 12550 1391754478 1 12458
1398794228 2 12562 1398794261 1 12557
1399471980 1 12566 1399472033 2 12585
1399622415 2 12594 1399622446 1 12568
1399849572 1 12572 1399849574 2 12615
1399857849 0 4519 1399857932 2 12616
1399988949 2 12639 1399988982 1 12574
1400046693 2 12646 1400046733 1 12575
1400240367 2 12664 1400240398 1 12578
1407377705 0 4547 1407377822 1 12674
1407726402 2 12695 1407726436 1 12676
1407736671 2 12696 1407736703 1 12677
1407872905 2 12707 1407872939 1 12679
1408064773 0 4548 1408064861 2 12719
1408162795 2 12728 1408162829 1 12684
1408371751 2 12751 1408371785 1 12687
1408403716 2 12753 1408403748 1 12688
1408477644 0 4549 1408477728 2 12760 1408477761 1 12689
1412915510 0 4566 1412915628 1 12743
1416387824 0 4579 1416387909 2 12827
1416544580 2 12849 1416544614 1 12788
1416593223 0 4581 1416593307 2 12855
1416686201 2 12871 1416686236 1 12790
1419620297 0 4595 1419620414 1 12828
1420419442 0 4600 1420419559 1 12837
1424178062 2 12904 1424178096 1 12889
1424262800 2 12911 1424262833 1 12890
1424598462 2 12924 1424598495 1 12893
1425105038 0 4613 1425105122 2 12980
1425164298 2 12986 1425164322 1 12899
1425185358 0 4614 1425185443 2 12989
1425274714 1 12900 1425274807 2 12993
1431996951 0 4635 1431997071 1 12992
1432721328 2 13015 1432721361 1 13003
1432847069 2 13028 1432847104 1 13005
1432973022 2 13036 1432973054 1 13006
1433069332 0 4638 1433069417 2 13049
1433181461 0 4639 1433181547 2 13064
1433266996 2 13074 1433267028 1 13009
1433442151 2 13095 1433442180 1 13011
1436632114 0 4655 1436632232 1 13052
1440693453 2 13116 1440693489 1 13105
1441027907 2 13133 1441027938 1 13110
1441175151 2 13140 1441175188 1 13112
1441190628 2 13143 1441190660 1 13113
1441581033 2 13182 1441581065 1 13118
1441621508 2 13187 1441621539 1 13119
1441709442 2 13197 1441709471 1 13120
1441742718 0 4671 1441742804 2 13200
1441764141 0 4672 1441764225 2 13202
1441784972 2 13203 1441785003 1 13121
1441898800 2 13212 1441898832 1 13123
1448801323 0 4698 1448801440 1 13214
1449189229 2 13223 1449189260 1 13219
1449222568 2 13227 1449222669 1 13220
1449448547 2 13237 1449448578 1 13223
1449828459 2 13277 1449828494 1 13226
1449980170 2 13294 1449980205 1 13229
1450132093 2 13313 1450132124 1 13231
1450164749 2 13315 1450164784 1 13232
1451199670 0 4708 1451199786 1 13247
1457452393 2 13329 1457452426 1 13330
1457546286 2 13332 1457546317 1 13332
1457907303 2 13356 1457907334 1 13338
1458036192 0 4728 1458036274 2 13368
1458294765 2 13395 1458294797 1 13341
1458408417 2 13414 1458408451 1 13343
1458456093 2 13418 1458456126 1 13344
1458520222 0 4731 1458520305 2 13421
1458592860 0 4732 1458592945 2 13424
1458698526 0 4733 1458698643 1 13347
1466297085 2 13458 1466297116 1 13450
1466351765 2 13461 1466351798 1 13451
1466451042 0 4758 1466451126 2 13470
1466516338 2 13478 1466516369 1 13454
1466744154 0 4759 1466744237 2 13513
1466797812 2 13522 1466797847 1 13458
1473760508 0 4775 1473760622 1 13554
1474841429 2 13600 1474841459 1 13566
1474858550 2 13601 1474858584 1 13567
1474877572 0 4778 1474877656 2 13605
1482436527 2 13641 1482436561 1 13672
1482736570 0 4803 1482736655 2 13657
1483009052 2 13683 1483009084 1 13678
1483053802 2 13686 1483053838 1 13679
1483175205 2 13698 1483175237 1 13681
1483569142 2 13733 1483569173 1 13686
1483656911 2 13736 1483656945 1 13688
1541481681 2 13829 1541481716 1 13718
1548300682 0 5000 1548300798 1 13789
1549038376 2 13842 1549038410 1 13796
1549492366 2 13860 1549492394 1 13801
1549799400 2 13892 1549799432 1 13804
1557714177 2 13937 1557714209 1 13886
1557826658 2 13947 1557826690 1 13887
1557899995 1 13888 1557900123 2 13952
1557975046 0 5038 1557975130 2 13960
1558102545 2 13973 1558102578 1 13890
1565950981 2 14027 1565951012 1 13971
1566205736 2 14048 1566205767 1 13974
1566394782 1 13976 1566394854 2 14068
1574154473 1 14086 1574154481 2 14100
1582949024 2 14238 1582949056 1 14209
1583255594 0 5116 1583255679 2 14272
1583290084 2 14279 1583290117 1 14213
1583423210 0 5117 1583423299 2 14300
1583516109 2 14313 1583516238 1 14216
1588455205 1 14282 1588455239 0 5138
1590973046 2 14335 1590973075 1 14314
1591121946 2 14346 1591121978 1 14317
1591166597 2 14349 1591166629 1 14318
1591336688 2 14367 1591336720 1 14319
1591510001 2 14380 1591510031 1 14322
1591777633 2 14413 1591777669 1 14326
1591886210 2 14420 1591886237 1 14328
1597337812 1 14407 1597337832 0 5164
1598961266 2 14431 1598961299 1 14430
1599560728 2 14459 1599560762 1 14437
1599656175 2 14466 1599656208 1 14439
1599967013 2 14497 1599967045 1 14444
1600030127 0 5171 1600030212 2 14502 1600030246 1 14445
1600090804 2 14507 1600090836 1 14446
1600196375 2 14521 1600196408 1 14447
1607455937 0 5194 1607456022 2 14536
1607804306 2 14550 1607804337 1 14552
1608103388 0 5198 1608103449 2 14577
1608389523 2 14607 1608389600 1 14560
1608433113 0 5200 1608433198 2 14609
1608454416 2 14613 1608454448 1 14561
1611246001 0 5204 1611246118 1 14601
1612735532 0 5208 1612735646 1 14622
1615868370 2 14630 1615868401 1 14666
1616322794 0 5217 1616322876 2 14657
1616330502 2 14658 1616330536 1 14673
1616495145 2 14672 1616495180 1 14675
1616593417 2 14682 1616593452 1 14677
1616943804 2 14717 1616943837 1 14683
1624267176 2 14740 1624267207 1 14781
1624444127 2 14755 1624444158 1 14784
1624493413 2 14761 1624493448 1 14785
1624553240 2 14766 1624553271 1 14786
1624774958 2 14783 1624774993 1 14789
1625056934 2 14811 1625056966 1 14792
1625287445 2 14828 1625287478 1 14795
1626163907 0 5253 1626164026 1 14807
1629480362 0 5266 1629480481 1 14852
1632630823 2 14844 1632630856 1 14892
1632717157 2 14852 1632717189 1 14894
1632786196 2 14856 1632786228 1 14895
1633012320 2 14875 1633012355 1 14898
1633175659 2 14896 1633175691 1 14900
1633282887 2 14910 1633282921 1 14902
1633337741 2 14922 1633337775 1 14903
1633454385 2 14935 1633454422 1 14904
1633499464 2 14937 1633499494 1 14905
1641255766 2 14981 1641255799 1 15007
1641430037 2 14998 1641430068 1 15010
1641443651 2 14999 1641443684 1 15011
1641813923 2 15044 1641813954 1 15016
1641877948 2 15049 1641877991 1 15017
1649574060 2 15086 1649574090 1 15118
1649854539 2 15111 1649854568 1 15122
1649864153 2 15112 1649864186 1 15123
1650060700 2 15141 1650060729 1 15125
1657591669 2 15185 1657591703 1 15221
1657654482 2 15190 1657654513 1 15222
1657782800 2 15199 1657782834 1 15223
1657793007 2 15200 1657793042 1 15224
1658005990 2 15215 1658006025 1 15227
1658217526 2 15230 1658217557 1 15230
1658276773 0 5371 1658276856 2 15238
1665875784 2 15278 1665875816 1 15328
1666075908 2 15291 1666075943 1 15331
1666198856 0 5397 1666198940 2 15302
1666236683 2 15305 1666236714 1 15333
1666476124 2 15325 1666476154 1 15336
1666556922 2 15331 1666556956 1 15337
1666804960 2 15366 1666804991 1 15340
1666837060 2 15369 1666837092 1 15341
1666956371 2 15383 1666956402 1 15343
1674838501 0 5426 1674838587 2 15430
1674948267 0 5428 1674948353 2 15447
1682916581 0 5444 1682916664 2 15521
1730934113 0 5617 1730934231 1 15451
1732286467 0 5620 1732286586 1 15465
1732450542 2 15536 1732450575 1 15467
1732596604 2 15544 1732596637 1 15468
1732765130 2 15559 1732765161 1 15470
1732928279 2 15573 1732928314 1 15472
1738120821 0 5633 1738120937 1 15524
1740673412 0 5642 1740673532 1 15552
1741350160 2 15626 1741350191 1 15558
1741431113 2 15630 1741431144 1 15559
1741550608 2 15641 1741550641 1 15560
1741627719 2 15648 1741627852 1 15561
1741744494 2 15657 1741744526 1 15562
1742966264 0 5652 1742966383 1 15575
1749599492 2 15714 1749599523 1 15643
1752433449 0 5673 1752433568 1 15673
1757928736 2 15786 1757928771 1 15745
1758006728 2 15792 1758006767 1 15746
1758209832 2 15818 1758209864 1 15749
1758253371 2 15825 1758253402 1 15750
1758344915 2 15833 1758344947 1 15752
1758559345 2 15850 1758559380 1 15755
1758791251 0 5688 1758791367 1 15758
1762271609 0 5699 1762271726 1 15807
1765975216 2 15872 1765975246 1 15855
1766338657 2 15897 1766338689 1 15860
1766789808 2 15947 1766789839 1 15867
1766914269 2 15956 1766914299 1 15868
1766922223 2 15957 1766922255 1 15869
1773473614 0 5732 1773473730 1 15963
1774320888 2 15971 1774320920 1 15974
1774580168 2 15985 1774580199 1 15978
1774688477 0 5736 1774688596 1 15980
1774796362 1 15981 1774796422 2 16006
1774843095 1 15982 1774843101 2 16011
1774917097 0 5737 1774917182 2 16017 1774917216 1 15983
1774947758 2 16021 1774947792 1 15984
1775061217 2 16034 1775061248 1 15985
1775222171 2 16049 1775222205 1 15987
1775272117 2 16054 1775272149 1 15988
1782681722 2 16081 1782681754 1 16085
1782699679 2 16082 1782699712 1 16086
1782737302 2 16084 1782737333 1 16087
1782866552 2 16092 1782866583 1 16090
1783105810 2 16109 1783105844 1 16094
1783180858 2 16116 1783180891 1 16095
1783414042 2 16140 1783414073 1 16098
1783419952 2 16141 1783419986 1 16099
1783537241 2 16151 1783537275 1 16100
1790449183 0 5792 1790449303 1 16194
1790777386 0 5794 1790777471 2 16163
1791058602 2 16176 1791058633 1 16203
1791472265 2 16200 1791472299 1 16209
1791558862 2 16211 1791558894 1 16210
1791783947 0 5798 1791784032 2 16237
1793038963 0 5802 1793039013 1 16231
1797607483 0 5819 1797607603 1 16293
1798401767 0 5821 1798401886 1 16303
1799264423 2 16268 1799264459 1 16316
1799459753 2 16279 1799459784 1 16319
1799521336 2 16285 1799521372 1 16320
1799613029 0 5825 1799613114 2 16290
1799688891 2 16296 1799688925 1 16322
1799857627 0 5827 1799857715 2 16316
1807488496 0 5851 1807488580 2 16373
1807649038 2 16383 1807649070 1 16432
1807845127 2 16401 1807845158 1 16435
1808175776 2 16430 1808175810 1 16438
1808300111 2 16445 1808300145 1 16440
1808437703 2 16454 1808437735 1 16443
1808621836 2 16471 1808621871 1 16445
1816412894 2 16519 1816412930 1 16552
1816524435 2 16528 1816524467 1 16553
1816544923 2 16530 1816544958 1 16554
1816746364 2 16551 1816746397 1 16557
1816787686 2 16553 1816787716 1 16558
1820856604 0 5893 1820856721 1 16616
1824393602 2 16590 1824393637 1 16659
1824579735 0 5913 1824579819 2 16603
1824683452 1 16663 1824683574 2 16615
1824865457 2 16631 1824865491 1 16665
1824905767 2 16634 1824905799 1 16666
1825021084 2 16642 1825021117 1 16668
1825081602 2 16649 1825081642 1 16669
1825206915 2 16655 1825206949 1 16671
1830269496 0 5929 1830269614 1 16743
1832833245 2 16693 1832833279 1 16777
1832976012 2 16709 1832976046 1 16779
1833265258 2 16737 1833265292 1 16784
1833379905 2 16755 1833379940 1 16785
1833436661 2 16764 1833436735 1 16787
1833535936 2 16775 1833535968 1 16788
1833547131 2 16776 1833547163 1 16789
1841135228 2 16805 1841135260 1 16895
1841368240 2 16825 1841368273 1 16900
1841461177 2 16832 1841461211 1 16902
1841514067 2 16839 1841514100 1 16903
1841563271 2 16845 1841563302 1 16904
1841677326 2 16855 1841677361 1 16905
1845642982 0 5970 1845643098 1 16959
1849141468 2 16883 1849141502 1 17006
1849695842 2 16921 1849695873 1 17015
1849881704 2 16943 1849881735 1 17018
1850342904 2 16997 1850342941 1 17023
1856012516 0 6006 1856012633 1 17102
1857548954 2 17011 1857548980 1 17123
1857680165 2 17021 1857680198 1 17125
1857739530 2 17027 1857739560 1 17126
1857987636 0 6012 1857987720 2 17040
1858044183 2 17047 1858044214 1 17131
1866854067 0 6038 1866854151 2 17201
1874412363 0 6067 1874412448 2 17239
1874429422 0 6068 1874429505 2 17241
1915961347 2 17256 1915961374 1 17175
1916139963 2 17267 1916139998 1 17177
1916394358 2 17284 1916394391 1 17179
1916934634 0 6207 1916934720 2 17295
1924182932 2 17302 1924182963 1 17260
1924379518 2 17312 1924379548 1 17262
1924633367 2 17330 1924633399 1 17265
1924821825 0 6232 1924821943 1 17266
1924856409 0 6233 1924856425 2 17344
1924868836 0 6234 1924868921 2 17345
1925221047 2 17381 1925221079 1 17270
1927238905 0 6244 1927239022 1 17291
1932589488 0 6258 1932589573 2 17393
1932987272 0 6260 1932987280 2 17418
1933087348 0 6261 1933087433 2 17426
1933195307 2 17434 1933195342 1 17352
1933302983 2 17448 1933303016 1 17353
1933452634 2 17464 1933452668 1 17355
1939467550 0 6289 1939467668 1 17423
1940778218 2 17472 1940778253 1 17440
1941553529 2 17530 1941553561 1 17451
1941701528 2 17542 1941701562 1 17452
1941795529 2 17546 1941795562 1 17454
1941842501 2 17552 1941842533 1 17455
1941984353 2 17560 1941984387 1 17457
1946154069 0 6308 1946154186 1 17515
1949014635 0 6317 1949014751 1 17555
1949578367 2 17588 1949578400 1 17563
1949941246 2 17619 1949941279 1 17569
1950081355 2 17638 1950081388 1 17571
1950185866 2 17649 1950185900 1 17573
1950241829 0 6318 1950241913 2 17653
1950293127 2 17658 1950293158 1 17575
1951961455 0 6325 1951961572 1 17597
1957730278 2 17682 1957730311 1 17676
1957877438 2 17696 1957877473 1 17677
1957976331 2 17702 1957976363 1 17680
1958238311 2 17715 1958238345 1 17682
1958258475 2 17718 1958258509 1 17683
1958332986 2 17724 1958333019 1 17684
1958388690 2 17727 1958388768 1 17686
1958596516 2 17752 1958596548 1 17690
1958679392 1 17691 1958679522 2 17758
1959359358 0 6349 1959359476 1 17699
1963529655 0 6362 1963529775 1 17758
1965862753 2 17767 1965862782 1 17788
1966276773 2 17794 1966276807 1 17794
1966304125 2 17795 1966304156 1 17795
1966436515 2 17805 1966436607 1 17797
1966552998 2 17818 1966553031 1 17799
1966611947 2 17828 1966611982 1 17800
1966630050 0 6372 1966630134 2 17830
1966658274 2 17834 1966658307 1 17801
1967046165 2 17875 1967046200 1 17806
1974463860 2 17897 1974463891 1 17904
1974479125 2 17898 1974479160 1 17905
1974483276 0 6405 1974483361 2 17899
1974869866 2 17930 1974869898 1 17911
1975024552 2 17951 1975024586 1 17913
1975191316 2 17973 1975191350 1 17916
1975311159 0 6406 1975311245 2 17985
1982733851 2 18003 1982733882 1 18020
1982795660 2 18010 1982795694 1 18021
1982840417 2 18013 1982840452 1 18022
1982949351 2 18020 1982949382 1 18024
1983211960 2 18041 1983211994 1 18027
1983346562 0 6433 1983346682 1 18029
1983545344 2 18073 1983545378 1 18030
1984947829 0 6439 1984947948 1 18051
1990752817 2 18094 1990752850 1 18129
1991046652 2 18101 1991046682 1 18134
1991255343 2 18112 1991255378 1 18136
1991282157 2 18113 1991282193 1 18138
1991434643 2 18123 1991434677 1 18140
1991451204 2 18124 1991451235 1 18141
1991966761 2 18176 1991966794 1 18146
1999361455 0 6486 1999361540 2 18196
1999450594 0 6487 1999450677 2 18202
1999480289 2 18205 1999480319 1 18251
1999601158 2 18215 1999601188 1 18252
1999832046 0 6491 1999832104 1 18254 1999832128 2 18238
2000053956 2 18262 2000053987 1 18256
2000098207 2 18270 2000098239 1 18257
2002356666 0 6497 2002356781 1 18290
2008060898 2 18339 2008060932 1 18368
2008094415 2 18344 2008094442 1 18369
2008168546 2 18353 2008168575 1 18370
2008212700 2 18355 2008212731 1 18371
2008294467 2 18361 2008294499 1 18372
2015707196 2 18403 2015707229 1 18481
2016384032 0 6529 2016384118 2 18436
2016428723 0 6531 2016428807 2 18441
2016694717 2 18474 2016694749 1 18494
2016873806 2 18504 2016873838 1 18497
2016935076 2 18512 2016935107 1 18498
2017070396 2 18518 2017070426 1 18500
2018203706 0 6535 2018203823 1 18516
2021911912 0 6553 2021912028 1 18564
2024472937 2 18542 2024472968 1 18598
2024732531 2 18561 2024732563 1 18602
2024835640 2 18570 2024835676 1 18603
2024959168 1 18606 2024959217 2 18587
2025187874 2 18603 2025187907 1 18609
2027396602 0 6570 2027396720 1 18639
2032319646 0 6587 2032319764 1 18707
2032715539 2 18632 2032715571 1 18712
2032760504 2 18634 2032760536 1 18713
2033010167 2 18650 2033010201 1 18716
2033166981 2 18663 2033167015 1 18719
2033393707 2 18691 2033393740 1 18721
2033625142 2 18712 2033625173 1 18724
2033696848 2 18719 2033696882 1 18726
2040727392 2 18724 2040727425 1 18822
2040839667 2 18728 2040839700 1 18824
2041037134 2 18735 2041037139 1 18825
2041078316 2 18736 2041078353 1 18827
2041174922 2 18745 2041174959 1 18828
2041288046 2 18757 2041288076 1 18829
2041291125 2 18758 2041291159 1 18830
2041314095 0 6621 2041314179 2 18761
2041451207 2 18773 2041451239 1 18832
2041671419 2 18797 2041671450 1 18834
2041771973 2 18806 2041772007 1 18837
2042027098 2 18825 2042027132 1 18839
2050227453 0 6650 2050227537 2 18918
2099431167 2 18970 2099431197 1 18863
2100320554 2 18984 2100320602 1 18873
2106833159 0 6833 2106833276 1 18940
2107858268 2 19011 2107858301 1 18950
2107868552 2 19012 2107868586 1 18951
2107961969 2 19019 2107962005 1 18952
2108260604 2 19042 2108260626 1 18955
2112550783 0 6853 2112550901 1 18999
2116338201 2 19113 2116338232 1 19038
2116915724 2 19156 2116915755 1 19045
2122677559 0 6882 2122677678 1 19106
2123030445 0 6887 2123030563 1 19110
2124031036 2 19157 2124031070 1 19122
2124361595 2 19163 2124361628 1 19126
2124452879 2 19171 2124452910 1 19128
2124554521 2 19179 2124554556 1 19130
2124911627 0 6894 2124911717 2 19209
2124947113 2 19212 2124947137 1 19135
2129630019 1 19198 2129630065 0 6913
2132822088 0 6922 2132822206 1 19242
2132974061 2 19271 2132974092 1 19245
2133145408 2 19283 2133145440 1 19248
2133386677 2 19304 2133386699 1 19250
2133758315 2 19343 2133758346 1 19255
2134110101 0 6927 2134110219 1 19259
2137947413 0 6939 2137947532 1 19314
2140938917 2 19361 2140938949 1 19355
2141009650 2 19364 2141009662 0 6949 2141009681 1 19356
2141168010 2 19375 2141168041 1 19358
2141592450 2 19414 2141592481 1 19363
2141875137 2 19429 2141875168 1 19368
2141943522 2 19436 2141943555 1 19369
2149436579 2 19462 2149436613 1 19476
2149477476 2 19466 2149477507 1 19477
2149718644 2 19491 2149718677 1 19479
2149929539 2 19514 2149929573 1 19482
2149979590 1 19483 2149979656 2 19521
2150016316 2 19526 2150016348 1 19484
2150173582 2 19543 2150173613 1 19486
2150329240 2 19554 2150329274 1 19489
2156758016 0 6998 2156758137 1 19574
2157904773 2 19585 2157904805 1 19589
2157950235 0 7000 2157950320 2 19589
2158148565 2 19604 2158148599 1 19594
2158228955 2 19613 2158228988 1 19595
2158443678 2 19633 2158443753 1 19599
2163805316 0 7014 2163805437 1 19676
2166031028 2 19671 2166031062 1 19703
2166111781 2 19676 2166111815 1 19704
2166152622 2 19679 2166152652 1 19705
2166296877 2 19687 2166296908 1 19707
2166444745 2 19698 2166444779 1 19708
2166467421 2 19701 2166467454 1 19709
2166726236 2 19724 2166726263 1 19713
2166764182 0 7029 2166764266 2 19730
2166918329 2 19749 2166918361 1 19716
2170968373 0 7047 2170968492 1 19769
2173521210 0 7060 2173521328 1 19804
2174579942 2 19792 2174579969 1 19818
2174718116 2 19802 2174718148 1 19820
2174823676 2 19808 2174823705 1 19821
2174843335 2 19810 2174843367 1 19822
2175082558 0 7064 2175082613 1 19825
2175156403 2 19842 2175156435 1 19826
2177599703 0 7074 2177599821 1 19858
2182825911 0 7089 2182826029 1 19931
2182881304 2 19887 2182881336 1 19932
2183034842 0 7090 2183034928 2 19899 2183034961 1 19934
2183104908 0 7091 2183104988 2 19908
2183313034 2 19923 2183313065 1 19938
2183754104 0 7095 2183754189 2 19973
2184967855 0 7101 2184967964 1 19959
2186805587 0 7108 2186805704 1 19982
2190424968 0 7119 2190425083 1 20032
2190730162 2 19977 2190730196 1 20036
2191258688 2 19993 2191258722 1 20043
2191407024 2 20001 2191407057 1 20045
2191579647 2 20010 2191579679 1 20047
2191804626 2 20034 2191804658 1 20051
2191829180 2 20037 2191829211 1 20052
2191938731 0 7124 2191938815 2 20049
2199662478 2 20096 2199662509 1 20154
2199666108 2 20097 2199666144 1 20155
2199698763 2 20099 2199698798 1 20156
2200173548 2 20146 2200173580 1 20163
2200313673 2 20160 2200313709 1 20166
2206057668 0 7168 2206057787 1 20241
2207860327 2 20190 2207860361 1 20267
2207933441 2 20194 2207933475 1 20269
2208131385 2 20209 2208131420 1 20272
2208331823 2 20230 2208331856 1 20275
2208431797 0 7172 2208431880 2 20240
2208493427 2 20246 2208493460 1 20278
2214558873 0 7186 2214558992 1 20362
2216266656 2 20298 2216266689 1 20385
2216484205 0 7193 2216484289 2 20319
2216640112 2 20334 2216640144 1 20390
2216649356 1 20391 2216649445 2 20335
2216807811 2 20352 2216807848 1 20393
2217007968 2 20373 2217008002 1 20394
2224556994 0 7224 2224557079 2 20403
2224627842 2 20407 2224627874 1 20499
2224800232 2 20417 2224800269 1 20501
2225269616 2 20461 2225269648 1 20504
2225302997 2 20464 2225303029 1 20505
2226589798 0 7231 2226589918 1 20524
2233656342 0 7253 2233656426 2 20560
2290697147 2 20666 2290697181 1 20627
2290914669 2 20672 2290914703 1 20629
2291128892 2 20683 2291128923 1 20631
2291347600 2 20693 2291347632 1 20634
2291593087 2 20714 2291593122 1 20637
2291684951 2 20722 2291684985 1 20638
2292137378 0 7473 2292137463 2 20752
2295314616 0 7479 2295314732 1 20674
2299357531 2 20757 2299357563 1 20716
2299432761 0 7491 2299432847 2 20767
2299594822 2 20779 2299594855 1 20719
2300154485 0 7493 2300154570 2 20822
2300260659 0 7494 2300260744 2 20834 2300260779 1 20725
2307890296 2 20859 2307890328 1 20804
2307902201 2 20861 2307902236 1 20805
2307990048 0 7524 2307990133 2 20866
2308003679 2 20867 2308003713 1 20806
2308240045 0 7525 2308240129 2 20888 2308240162 1 20807
2308307684 2 20893 2308307718 1 20808
2308441945 2 20912 2308441975 1 20809
2316094332 2 20938 2316094366 1 20897
2316166246 0 7559 2316166330 2 20940 2316166363 1 20898
2316565307 2 20972 2316565338 1 20902
2316636206 0 7560 2316636291 2 20984
2319885246 0 7578 2319885365 1 20945
2324515302 2 21032 2324515421 1 21010
2324740342 2 21046 2324740375 1 21014
2324832498 2 21052 2324832534 1 21016
2324979663 2 21067 2324979694 1 21018
2325316508 2 21110 2325316539 1 21023
2332606249 2 21127 2332606284 1 21124
2332875692 2 21137 2332875725 1 21128
2333075362 2 21157 2333075395 1 21131
2333254525 2 21172 2333254558 1 21134
2333416317 2 21189 2333416348 1 21137
2333626515 2 21211 2333626548 1 21140
2333681402 0 7613 2333681486 2 21216
2335303923 0 7617 2335304042 1 21164
2341085492 2 21234 2341085526 1 21243
2341329040 2 21248 2341329073 1 21247
2341642252 2 21279 2341642283 1 21251
2341670998 2 21282 2341671032 1 21252
2341870744 2 21305 2341870776 1 21255
2349160417 2 21336 2349160448 1 21354
2349281841 2 21341 2349281873 1 21356
2349382394 1 21357 2349382415 2 21345
2349552222 2 21351 2349552257 1 21360
2349722166 2 21364 2349722196 1 21363
2349803194 2 21370 2349803229 1 21364
2349928793 2 21378 2349928825 1 21366
2350077068 2 21393 2350077099 1 21367
2350085320 2 21394 2350085353 1 21368
2350166144 2 21406 2350166178 1 21369
2357803866 2 21438 2357803896 1 21474
2357829554 2 21439 2357829585 1 21476
2357989197 2 21453 2357989233 1 21478
2358063354 2 21460 2358063386 1 21479
2358131240 2 21464 2358131271 1 21480
2358238971 0 7687 2358239057 2 21470
2358268902 0 7688 2358268987 2 21474
2358646479 0 7692 2358646565 2 21511
2365961281 2 21535 2365961314 1 21583
2366047000 2 21539 2366047034 1 21584
2366208402 2 21551 2366208437 1 21586
2366231559 2 21552 2366231590 1 21587
2366332348 2 21558 2366332376 1 21589
2366466045 2 21569 2366466156 1 21591
2366544347 1 21592 2366544440 2 21574
2366676679 0 7719 2366676797 1 21594
2366753950 2 21598 2366753982 1 21595
2366992269 2 21630 2366992301 1 21597
2367128750 2 21641 2367128783 1 21599
2374350411 2 21651 2374350446 1 21698
2374409615 0 7745 2374409699 2 21656
2374425296 2 21657 2374425327 1 21700
2374561669 2 21664 2374561701 1 21702
2374702909 2 21673 2374702943 1 21704
2374801843 2 21682 2374801875 1 21705
2374927734 1 21707 2374927800 2 21693
2374950019 0 7747 2374950103 2 21697
2375098275 2 21713 2375098387 1 21709
2375220858 0 7748 2375220943 2 21726 2375220975 1 21710
2375278163 2 21731 2375278197 1 21711
2381157321 0 7767 2381157438 1 21794
2382825287 2 21759 2382825314 1 21819
2383027091 0 7770 2383027175 2 21768 2383027208 1 21821
2383059498 0 7771 2383059583 2 21772
2383319926 2 21800 2383319958 1 21823
2383534000 2 21822 2383534032 1 21826
2383733846 2 21838 2383733878 1 21829
2383737469 2 21839 2383737504 1 21830
2391121479 2 21857 2391121512 1 21929
2391433713 2 21885 2391433748 1 21934
2391787007 2 21918 2391787041 1 21936
2391862713 2 21930 2391862746 1 21937
2399248188 2 21953 2399248222 1 22043
2399592807 0 7812 2399592892 2 21968
2399606987 2 21970 2399607023 1 22047
2399610201 2 21971 2399610235 1 22048
2399858475 2 21990 2399858509 1 22051
2400014869 0 7816 2400014986 1 22052
2400189914 2 22030 2400189946 1 22054
2400387713 0 7817 2400387800 2 22051
2400436053 1 22058 2400436135 2 22056
2407652717 0 7837 2407652836 1 22158
2407832479 2 22064 2407832511 1 22160
2408028515 2 22081 2408028546 1 22163
2408302371 2 22107 2408302404 1 22165
2408389728 2 22118 2408389759 1 22167
2408464827 2 22123 2408464858 1 22168
2408513069 0 7840 2408513190 1 22169
2408565642 2 22133 2408565674 1 22170
2408770925 2 22145 2408770956 1 22172
2408774140 2 22146 2408774173 1 22173
2410124860 0 7844 2410124982 1 22190
2416262681 0 7869 2416262766 2 22170
2417014340 0 7871 2417014424 2 22252
2424680621 0 7895 2424680706 2 22284
2425170283 2 22329 2425170350 0 7897
2472921722 0 8038 2472921837 1 22280
2474394450 2 22384 2474394483 1 22295
2474677398 2 22398 2474677433 1 22298
2474824841 2 22409 2474824875 1 22299
2482894232 2 22440 2482894266 1 22383
2483129122 2 22457 2483129155 1 22384
2490609233 0 8094 2490609344 1 22461
2491217912 0 8097 2491217996 2 22513
2491316520 2 22519 2491316552 1 22468
2491410321 2 22525 2491410353 1 22470
2491575352 2 22538 2491575384 1 22471
2491715493 0 8099 2491715578 2 22551
2491745403 2 22554 2491745437 1 22473
2491803218 2 22559 2491803243 1 22474
2499583221 0 8127 2499583339 1 22569
2499874894 2 22637 2499874928 1 22572
2507978249 2 22714 2507978280 1 22685
2508185536 2 22733 2508185568 1 22688
2508284266 2 22741 2508284300 1 22689
2508393735 2 22752 2508393770 1 22691
2508521598 2 22764 2508521633 1 22693
2508557586 2 22766 2508557618 1 22694
2508644623 2 22776 2508644654 1 22695
2508697212 2 22783 2508697243 1 22696
2508789788 2 22792 2508789821 1 22697
2508805028 0 8158 2508805145 1 22698
2516002550 0 8182 2516002571 2 22799
2516130548 2 22808 2516130579 1 22796
2516309859 1 22799 2516309976 2 22814
2516485321 2 22823 2516485357 1 22803
2516673833 2 22847 2516673865 1 22805
2516863482 0 8186 2516863565 2 22865
2521903622 0 8206 2521903740 1 22876
2524580142 2 22919 2524580175 1 22914
2524642257 2 22927 2524642291 1 22915
2524769267 2 22937 2524769301 1 22917
2524897419 2 22952 2524897452 1 22919
2525137738 2 22971 2525137769 1 22922
2525387720 2 22999 2525387754 1 22923
2529298537 0 8229 2529298652 1 22978
2532667103 0 8243 2532667220 1 23024
2533107136 2 23043 2533107168 1 23030
2533154786 2 23050 2533154820 1 23031
2533199264 2 23052 2533199297 1 23032
2533291655 2 23064 2533291688 1 23033
2533552991 2 23094 2533553022 1 23036
2533635001 2 23110 2533635034 1 23037
2533747618 2 23122 2533747653 1 23039
2533750399 0 8244 2533750483 2 23123
2533795795 2 23127 2533795825 1 23040
2540853578 2 23132 2540853614 1 23139
2540998477 2 23135 2540998508 1 23141
2541371746 2 23159 2541371778 1 23146
2541630560 2 23182 2541630590 1 23147
2541763095 0 8271 2541763180 2 23200
2541771418 2 23201 2541771455 1 23149
2541819436 2 23207 2541819463 1 23150
2542007849 2 23223 2542007873 1 23152
2542138691 2 23230 2542138725 1 23154
2545510402 0 8285 2545510519 1 23200
2545785312 0 8286 2545785431 1 23204
2549759887 2 23266 2549759921 1 23259
2549787170 2 23269 2549787206 1 23260
2549879955 2 23283 2549879990 1 23261
2549897542 2 23285 2549897574 1 23262
2550077979 2 23302 2550078013 1 23265
2550136798 0 8297 2550136917 1 23266
2550214964 2 23321 2550214998 1 23267
2550305467 2 23327 2550305499 1 23268
2552522703 0 8300 2552522817 1 23302
2554231620 0 8304 2554231738 1 23326
2558034499 2 23363 2558034529 1 23374
2558041344 2 23364 2558041378 1 23375
2558189036 2 23374 2558189068 1 23377
2558304138 2 23387 2558304171 1 23379
2558415667 2 23400 2558415696 1 23381
2558518962 2 23413 2558518996 1 23382
2558738156 2 23430 2558738189 1 23386
2558993241 0 8324 2558993356 1 23390
2559759081 0 8326 2559759208 1 23400
2566025536 2 23446 2566025569 1 23488
2566551884 2 23494 2566551931 1 23496
2566699523 2 23501 2566699557 1 23498
2566816259 2 23511 2566816291 1 23499
2566834897 2 23513 2566834932 1 23500
2566969472 2 23525 2566969503 1 23501
2566999866 2 23528 2566999898 1 23502
2567071055 2 23535 2567071088 1 23503
2575420794 2 23639 2575420826 1 23620
2580367106 0 8390 2580367226 1 23688
2582858986 2 23662 2582859020 1 23721
2582978115 2 23670 2582978149 1 23723
2583256923 2 23692 2583256957 1 23726
2583381589 2 23704 2583381624 1 23727
2583389390 2 23705 2583389422 1 23728
2591178676 2 23758 2591178710 1 23833
2591234930 0 8432 2591235014 2 23763
2591295690 2 23768 2591295723 1 23835
2591419885 2 23774 2591419917 1 23837
2592095392 0 8438 2592095480 2 23830
2592141616 2 23833 2592141738 1 23844
2599720156 2 23865 2599720187 1 23952
2599892599 2 23882 2599892634 1 23955
2600197691 2 23916 2600197725 1 23957
2600295180 0 8459 2600295268 2 23924 2600295302 1 23960
2600482142 2 23944 2600482175 1 23962
2600548600 2 23949 2600548631 1 23963
2607891403 0 8493 2607891484 2 23972
2657622702 2 24098 2657622754 1 24000
2657833334 2 24106 2657833368 1 24002
2657981702 2 24111 2657981734 1 24004
2658506493 0 8653 2658506612 1 24010
2661283358 0 8661 2661283477 1 24038
2666249046 2 24135 2666249076 1 24089
2666614342 2 24161 2666614373 1 24093
2667058478 2 24199 2667058513 1 24096
2667067137 0 8678 2667067219 2 24201
2674421625 2 24214 2674421658 1 24172
2674550012 2 24219 2674550044 1 24174
2674639501 0 8696 2674639592 2 24223
2674677774 0 8698 2674677860 2 24227
2674831387 2 24238 2674831419 1 24177
2675292097 2 24287 2675292132 1 24181
2682994332 2 24322 2682994362 1 24267
2683098692 2 24329 2683098728 1 24270
2683150258 2 24333 2683150291 1 24271
2683284625 0 8729 2683284706 2 24346
2683406261 2 24363 2683406293 1 24272
2683432587 2 24366 2683432622 1 24273
2683582204 2 24380 2683582233 1 24275
2683655684 2 24386 2683655716 1 24276
2691524678 0 8767 2691524764 2 24427
2691737399 2 24441 2691737431 1 24382
2691766750 2 24445 2691766783 1 24383
2692099577 2 24484 2692099612 1 24387
2692143553 0 8770 2692143639 2 24488
2699558788 0 8799 2699558873 2 24512
2699969994 2 24528 2699970030 1 24492
2699985233 2 24530 2699985265 1 24493
2700039428 2 24538 2700039466 1 24494
2700074319 2 24543 2700074353 1 24495
2700190725 2 24556 2700190758 1 24497
2700607183 2 24603 2700607212 1 24501
2703105743 0 8818 2703105859 1 24533
2705215059 0 8823 2705215178 1 24564
2707583949 2 24606 2707583981 1 24595
2707961227 2 24622 2707961260 1 24598
2708084917 2 24627 2708084951 1 24600
2708190601 2 24632 2708190636 1 24602
2708338804 2 24644 2708338840 1 24604
2708797418 2 24686 2708797448 1 24610
2716436412 2 24718 2716436443 1 24714
2716459186 2 24721 2716459222 1 24715
2716622893 2 24728 2716622924 1 24717
2716632855 2 24731 2716632892 1 24718
2716707692 2 24740 2716707724 1 24719
2716780711 2 24753 2716780746 1 24720
2716810315 2 24759 2716810351 1 24721
2716995357 2 24784 2716995388 1 24724
2717081656 2 24793 2717081691 1 24725
2717154198 2 24796 2717154233 1 24726
2717643185 0 8868 2717643303 1 24731
2718775499 0 8873 2718775617 1 24747
2724533527 2 24811 2724533559 1 24826
2724885657 2 24833 2724885691 1 24829
2724903020 2 24834 2724903051 1 24830
2724912572 2 24836 2724912606 1 24831
2725101761 2 24859 2725101796 1 24835
2725150298 0 8892 2725150383 2 24863
2725405672 2 24886 2725405728 1 24839
2725426555 2 24888 2725426590 1 24840
2725548038 2 24894 2725548069 1 24842
2732713247 2 24908 2732713282 1 24939
2732808027 2 24914 2732808059 1 24940
2732925414 2 24919 2732925446 1 24942
2732977698 0 8919 2732977784 2 24924
2733247607 2 24946 2733247642 1 24946
2733393533 2 24963 2733393566 1 24948
2733412688 2 24966 2733412717 1 24949
2733603841 2 24991 2733603876 1 24952
2740877160 0 8949 2740877278 1 25049
2740986511 2 25015 2740986542 1 25051
2741526221 2 25044 2741526256 1 25058
2741681747 2 25053 2741681779 1 25061
2741849168 2 25066 2741849202 1 25064
2742131228 2 25101 2742131259 1 25067
2742251617 2 25108 2742251647 1 25068
2747396966 0 8965 2747397085 1 25143
2749479155 2 25113 2749479185 1 25172
2749600966 2 25120 2749600997 1 25174
2749622755 2 25122 2749622786 1 25175
2749740410 2 25128 2749740444 1 25177
2749762154 0 8970 2749762238 2 25130
2750024994 2 25154 2750025139 0 8971
2750221803 1 25182 2750221812 2 25178
2750296737 2 25183 2750296771 1 25183
2750427420 2 25194 2750427454 1 25185
2754723602 0 8984 2754723721 1 25246
2757904418 2 25220 2757904454 1 25288
2758141551 2 25238 2758141582 1 25292
2758329376 0 8998 2758329381 2 25255
2758461023 2 25270 2758461054 1 25294
2758573299 0 9002 2758573383 2 25280
2758650002 2 25287 2758650037 1 25296
2766259861 2 25327 2766259891 1 25401
2766524036 0 9025 2766524122 2 25345
2766625240 2 25351 2766625272 1 25405
2766828979 0 9027 2766829060 2 25381
2769753275 0 9037 2769753293 1 25447
2771423837 0 9049 2771423961 1 25468
2774456261 2 25441 2774456296 1 25510
2774520128 0 9057 2774520214 2 25447
2774543744 2 25448 2774543779 1 25511
2774596340 2 25451 2774596373 1 25512
2774697149 0 9059 2774697236 2 25461 2774697268 1 25513
2774981318 2 25481 2774981351 1 25515
2775140711 0 9065 2775140794 2 25491
2775248347 2 25500 2775248378 1 25518
2775443736 2 25520 2775443767 1 25520
2775707790 0 9066 2775707906 1 25524
2782955637 2 25550 2782955668 1 25622
2783109134 2 25558 2783109168 1 25624
2783119844 2 25559 2783119878 1 25625
2783232639 2 25565 2783232694 1 25626
2783258999 2 25567 2783259033 1 25627
2783359588 2 25584 2783359619 1 25629
2783496133 2 25602 2783496165 1 25631
2783539357 2 25609 2783539391 1 25632
2783725576 2 25633 2783725613 1 25634
2783789039 0 9092 2783789122 2 25638
2783800280 1 25636 2783800357 2 25639
2786823338 0 9108 2786823453 1 25675
2787529070 0 9109 2787529182 1 25686
2787611768 0 9110 2787611890 1 25687
2791703035 0 9125 2791703119 2 25701
2849524388 2 25815 2849524418 1 25764
2854165205 0 9345 2854165322 1 25812
2858125753 2 25916 2858125785 1 25853
2858289374 2 25929 2858289406 1 25855
2858759078 0 9360 2858759193 2 25968
2864051747 1 25911 2864051895 0 9375
2865699793 1 25928 2865699909 0 9379
2866145256 2 25982 2866145290 1 25933
2866290303 2 25988 2866290338 1 25934
2866410563 2 25995 2866410597 1 25936
2866688453 2 26013 2866688488 1 25939
2866913514 2 26044 2866913546 1 25940
2870271724 0 9394 2870271843 1 25974
2873889358 0 9407 2873889476 1 26022
2874694659 2 26067 2874694691 1 26034
2875175608 2 26110 2875175642 1 26040
2875398439 2 26141 2875398475 1 26044
2877613201 0 9414 2877613319 1 26076
2882660086 2 26157 2882660194 1 26144
2882931953 0 9431 2882932039 2 26172
2883039400 2 26184 2883039431 1 26150
2883116701 2 26192 2883116739 1 26151
2883731819 1 26157 2883731878 2 26260
2883839076 2 26269 2883839109 1 26159
2887923131 0 9443 2887923249 1 26216
2890897880 2 26274 2890897914 1 26251
2891116289 2 26281 2891116321 1 26254
2891348946 2 26295 2891348978 1 26258
2891536702 2 26308 2891536733 1 26261
2892081526 2 26369 2892081562 1 26269
2892146406 2 26374 2892146435 1 26271
2898617143 0 9477 2898617260 1 26361
2899630839 2 26395 2899630872 1 26376
2899959568 2 26421 2899959600 1 26381
2900226573 2 26447 2900226605 1 26383
2907304228 0 9503 2907304345 1 26481
2908172107 2 26515 2908172138 1 26494
2908385223 2 26536 2908385257 1 26495
2908704754 2 26573 2908704788 1 26500
2916188845 2 26602 2916188877 1 26603
2916522353 0 9536 2916522437 2 26619
2916543183 2 26622 2916543213 1 26607
2916614043 0 9537 2916614129 2 26628
2916813389 2 26652 2916813423 1 26610
2916961854 0 9538 2916961973 1 26613
2917015617 2 26680 2917015708 1 26614
2917040084 2 26681 2917040144 0 9539
2917100625 2 26688 2917100657 1 26615
2918963630 0 9547 2918963746 1 26640
2920183051 0 9550 2920183166 1 26657
2924626295 2 26720 2924626328 1 26719
2924730222 2 26727 2924730252 1 26720
2924904625 2 26739 2924904655 1 26722
2925003411 2 26744 2925003444 1 26725
2925111070 2 26752 2925111103 1 26726
2925558809 0 9563 2925558893 2 26789
2926683272 0 9567 2926683390 1 26749
2932906381 2 26808 2932906414 1 26832
2933046901 2 26822 2933046930 1 26833
2933091085 2 26824 2933091116 1 26834
2933151961 2 26828 2933151994 1 26835
2933379563 0 9591 2933379643 2 26848
2933534597 2 26864 2933534627 1 26840
2933637995 2 26877 2933638027 1 26842
2933715867 2 26882 2933715894 1 26843
2933859010 2 26894 2933859041 1 26846
2940733530 0 9616 2940733649 1 26941
2941331831 2 26914 2941331861 1 26947
2941372795 2 26916 2941372827 1 26948
2941684547 0 9618 2941684630 2 26936
2941900090 2 26958 2941900119 1 26956
2941937113 2 26962 2941937144 1 26957
2942012052 2 26967 2942012085 1 26958
2942209913 2 26986 2942209943 1 26960
2949382535 2 26998 2949382664 1 27054
2949658877 2 27009 2949658908 1 27057
2949674050 2 27011 2949674082 1 27058
2949923630 2 27032 2949923665 1 27063
2949993892 2 27039 2949993924 1 27064
2950028779 2 27043 2950028808 1 27065
2950189135 2 27061 2950189171 1 27067
2950200318 2 27062 2950200354 1 27068
2950434747 2 27092 2950434825 1 27071
2952766060 0 9651 2952766178 1 27104
2958017113 2 27121 2958017147 1 27171
2958463759 2 27160 2958463792 1 27178
2958700707 2 27178 2958700739 1 27181
2958718361 2 27180 2958718391 1 27182
2958754915 2 27184 2958754950 1 27183
2963570646 0 9680 2963570766 1 27249
2966502155 2 27238 2966502185 1 27287
2966812594 2 27280 2966812627 1 27293
2967130253 2 27317 2967130291 1 27298
2967163683 0 9684 2967163769 2 27318
2967194657 2 27319 2967194689 1 27299
2967276344 2 27323 2967276377 1 27300
2974563642 2 27332 2974563675 1 27398
3041438798 2 27576 3041438829 1 27515
3041856929 2 27605 3041856964 1 27518
3049893317 2 27665 3049893350 1 27601
3054954433 0 9980 3054954554 1 27653
3058107137 2 27749 3058107167 1 27686
3058162920 0 9992 3058163004 2 27753
3058173653 2 27754 3058173684 1 27687
3058439528 1 27689 3058439598 2 27776
3058569094 0 9993 3058569174 2 27792
3058572578 2 27793 3058572611 1 27692
3058615170 0 9994 3058615255 2 27797
3058626367 2 27799 3058626399 1 27693
3061224195 0 10004 3061224314 1 27726
3066585974 2 27850 3066586006 1 27798
3066652460 2 27853 3066652492 1 27800
3066869051 2 27875 3066869084 1 27802
3066924611 0 10026 3066924695 2 27880
3074596511 2 27934 3074596542 1 27910
3074615004 2 27935 3074615038 1 27911
3074622019 0 10049 3074622104 2 27936
3074780572 0 10050 3074780656 2 27943
3075254091 2 27984 3075254124 1 27919
3075391730 2 27996 3075391764 1 27921
3075537377 2 28009 3075537409 1 27922
3082900033 2 28027 3082900061 1 28025
3083104444 2 28040 3083104479 1 28028
3083172275 2 28044 3083172307 1 28030
3083299595 2 28058 3083299626 1 28032
3083468984 2 28073 3083469018 1 28034
3083572991 2 28087 3083573025 1 28036
3083718423 2 28104 3083718455 1 28037
3091323397 2 28139 3091323427 1 28140
3091363381 2 28142 3091363414 1 28141
3091963445 2 28197 3091963479 1 28149
3091969523 2 28198 3091969558 1 28150
3092087396 2 28212 3092087424 1 28152
3099696948 2 28247 3099696998 0 10126
3099851098 2 28257 3099851131 1 28257
3099893320 2 28261 3099893358 1 28258
3100032262 2 28277 3100032295 1 28260
3100177931 2 28293 3100177967 1 28261
3100218675 2 28297 3100218709 1 28262
3100262424 0 10131 3100262507 2 28301
3100592397 2 28340 3100592431 1 28266
3100652317 0 10133 3100652401 2 28342
3107833546 2 28355 3107833580 1 28365
3108233463 2 28374 3108233498 1 28373
3108276867 2 28376 3108276899 1 28374
3108425769 2 28386 3108425806 1 28376
3108827359 2 28433 3108827393 1 28381
3116004281 2 28452 3116004368 1 28480
3116274417 2 28461 3116274450 1 28484
3116322577 2 28464 3116322616 1 28485
3116369099 2 28468 3116369131 1 28486
3116468261 0 10183 3116468342 2 28473
3116518374 2 28478 3116518410 1 28487
3116602794 2 28487 3116602825 1 28489
3117026461 2 28528 3117026494 1 28493
3117230935 0 10187 3117231061 2 28546
3118506902 0 10191 3118507021 1 28514
3124781874 2 28578 3124781907 1 28599
3124899841 2 28585 3124899874 1 28601
3125130480 2 28603 3125130513 1 28603
3125262247 2 28613 3125262283 1 28604
3125439546 2 28636 3125439578 1 28606
3125568397 2 28648 3125568433 1 28608
3125572996 2 28649 3125573028 1 28609
3132853922 2 28666 3132853956 1 28708
3132934425 2 28672 3132934457 1 28709
3132990754 2 28677 3132990785 1 28710
3133055881 0 10245 3133055967 2 28681
3133251635 2 28694 3133251669 1 28712
3133527662 2 28721 3133527694 1 28715
3133630046 2 28732 3133630081 1 28717
3133659108 2 28739 3133659142 1 28718
3133676668 0 10247 3133676752 2 28741
3133743773 2 28748 3133743800 1 28719
3133795043 2 28755 3133795073 1 28720
3133966352 0 10248 3133966441 2 28768
3135285012 0 10251 3135285130 1 28740
3141136692 2 28776 3141136726 1 28824
3141173364 2 28777 3141173398 1 28825
3141364784 2 28787 3141364817 1 28826
3141596253 2 28805 3141596285 1 28829
3141666074 2 28809 3141666104 1 28830
3141787882 0 10271 3141787967 2 28827
3141930752 2 28838 3141930786 1 28833
3141960513 2 28841 3141960574 1 28834
3142095234 2 28856 3142095266 1 28836
3142145297 2 28861 3142145331 1 28837
3142217906 2 28867 3142217939 1 28838
3149541684 1 28940 3149541810 2 28886
3149588255 2 28888 3149588286 1 28941
3149622126 0 10292 3149622213 2 28889
3149894497 2 28903 3149894524 1 28946
3150032542 2 28912 3150032577 1 28948
3150088319 2 28916 3150088352 1 28949
3150138640 2 28920 3150138675 1 28950
3150394772 0 10295 3150394855 2 28952
3152128340 0 10299 3152128458 1 28978
3158005563 2 28990 3158005599 1 29059
3158078120 2 28997 3158078154 1 29061
3158460387 2 29032 3158460420 1 29065
3158471142 2 29033 3158471175 1 29066
3158503449 2 29035 3158503484 1 29067
3158618519 2 29054 3158618555 1 29068
3158652101 2 29056 3158652133 1 29069
3158925027 2 29085 3158925060 1 29073
3166743150 0 10345 3166743235 2 29127
3167249464 0 10346 3167249550 2 29194
3222941416 0 10525 3222941535 1 29173
3224645684 2 29235 3224645715 1 29191
3224821112 2 29248 3224821148 1 29193
3225321972 0 10535 3225322057 2 29293
3225394765 2 29304 3225394798 1 29197
3226160945 0 10539 3226161059 1 29206
3232919507 2 29322 3232919542 1 29275
3232930630 2 29324 3232930658 1 29276
3232988138 2 29329 3232988195 1 29277
3233301960 2 29348 3233301992 1 29279
3233606720 2 29385 3233606750 1 29282
3238437477 0 10582 3238437597 1 29330
3241669364 2 29440 3241669398 1 29363
3241854001 2 29457 3241854025 1 29365
3243256819 0 10595 3243256937 1 29379
3249443656 2 29489 3249443691 1 29466
3249838894 2 29510 3249838929 1 29470
3249995290 2 29523 3249995323 1 29472
3250148446 2 29536 3250148480 1 29475
3250358066 2 29551 3250358100 1 29477
3250528988 2 29575 3250529020 1 29481
3250628338 0 10620 3250628422 2 29587 3250628455 1 29482
3253066952 0 10631 3253067071 1 29513
3258192674 1 29585 3258192782 2 29620
3258419004 0 10649 3258419091 2 29637
3258434886 2 29639 3258434917 1 29587
3258506067 2 29648 3258506102 1 29589
3258705560 0 10650 3258705645 2 29666 3258705679 1 29592
3258878948 2 29689 3258878978 1 29594
3259007258 2 29699 3259007297 1 29596
3262865862 0 10663 3262865979 1 29648
3265332418 0 10674 3265332534 1 29683
3266052666 1 29691 3266052728 2 29705
3266403070 2 29713 3266403105 1 29695
3266606583 2 29727 3266606615 1 29698
3266670424 2 29735 3266670454 1 29699
3266882001 2 29759 3266882033 1 29703
3267214900 2 29806 3267214936 1 29707
3267221788 2 29807 3267221820 1 29708
3274530713 0 10705 3274530826 1 29809
3274692458 2 29831 3274692490 1 29811
3274830957 2 29841 3274830990 1 29813
3275000386 0 10707 3275000467 2 29853
3275100785 2 29861 3275100815 1 29816
3275197030 2 29871 3275197063 1 29818
3275278222 2 29879 3275278254 1 29819
3275419530 2 29894 3275419561 1 29821
3275477238 2 29902 3275477272 1 29822
3275526211 2 29910 3275526240 1 29823
3282868144 2 29927 3282868175 1 29927
3283516908 0 10728 3283517024 1 29936
3283542330 2 29975 3283542363 1 29937
3283640169 2 29986 3283640203 1 29939
3283714587 0 10730 3283714673 2 29992
3283941859 2 30014 3283941893 1 29940
3283951708 2 30015 3283951740 1 29941
3283972546 2 30016 3283972612 0 10731
3291247006 2 30030 3291247042 1 30043
3291427834 2 30048 3291427866 1 30046
3291596024 2 30061 3291596062 1 30048
3291753318 2 30074 3291753353 1 30052
3292101077 2 30105 3292101110 1 30056
3292206796 0 10753 3292206880 2 30115
3292214138 2 30117 3292214175 1 30057
3292640142 0 10754 3292640259 1 30064
3299911048 2 30155 3299911081 1 30164
3300526142 2 30230 3300526171 0 10777 3300526289 1 30172
3300663303 2 30249 3300663334 1 30174
3307940834 2 30265 3307940866 1 30277
3308120290 2 30272 3308120326 1 30280
3308190374 2 30279 3308190408 1 30281
3308215547 0 10799 3308215630 2 30282
3308723827 2 30325 3308723864 1 30286
3308752736 0 10801 3308752854 1 30287
3308893242 2 30341 3308893276 1 30289
3316604983 2 30393 3316605013 1 30396
3316715431 2 30400 3316715464 1 30397
3316921407 0 10828 3316921491 2 30422 3316921524 1 30400
3316927235 2 30423 3316927267 1 30401
3317074315 2 30438 3317074348 1 30403
3317261635 2 30454 3317261666 1 30406
3317338945 2 30460 3317338979 1 30407
3317379796 2 30463 3317379827 1 30408
3324369569 2 30465 3324369603 1 30502
3324754999 2 30480 3324755032 1 30505
3324844655 2 30485 3324844686 1 30506
3324862143 2 30486 3324862182 1 30507
3325078059 2 30496 3325078094 1 30510
3325118554 2 30501 3325118585 1 30511
3325311771 1 30513 3325311801 2 30519
3325559788 2 30542 3325559820 1 30518
3329201024 0 10881 3329201138 1 30564
3333101151 0 10895 3333101237 2 30570
3333500926 2 30601 3333500958 1 30619
3333657391 2 30613 3333657424 1 30621
3333804941 0 10898 3333805025 2 30628
3333853912 2 30633 3333853944 1 30623
3333932024 2 30640 3333932057 1 30625
3337681994 0 10917 3337682107 1 30674
3338246089 1 30680 3338246162 0 10920
3341366729 2 30660 3341366760 1 30725
3341614396 2 30677 3341614428 1 30727
3341629753 2 30678 3341629785 1 30728
3341635244 2 30679 3341635276 1 30729
3341967866 2 30711 3341967898 1 30734
3341986810 1 30735 3341986813 2 30712
3342215143 2 30730 3342215175 1 30739
3344677001 0 10935 3344677118 1 30770
3345067872 0 10938 3345067988 1 30775
3345840316 0 10943 3345840431 1 30785
3350311628 0 10961 3350311710 2 30821
3350341216 0 10962 3350341301 2 30824
3350469057 0 10965 3350469140 2 30848
3358279791 0 10988 3358279873 2 30901
3358405724 0 10990 3358405747 2 30907
3404582198 0 11132 3404582313 1 30830
3408090851 2 30954 3408090885 1 30866
3408265195 2 30964 3408265226 1 30868
3408346769 0 11147 3408346856 2 30969
3408433066 2 30976 3408433098 1 30870
3416317848 2 31002 3416317879 1 30951
3416669467 2 31022 3416669501 1 30955
3416965848 2 31050 3416965883 1 30957
3416983241 0 11171 3416983325 2 31053
3417070718 2 31063 3417070752 1 30958
3422517656 0 11191 3422517775 1 31013
3425127289 2 31115 3425127320 1 31040
3425227838 0 11203 3425227922 2 31129
3425495351 2 31154 3425495384 1 31044
3430796488 0 11224 3430796608 1 31100
3432762297 2 31162 3432762331 1 31128
3433054015 0 11227 3433054101 2 31172
3433419003 2 31194 3433419034 1 31137
3433541390 2 31203 3433541423 1 31138
3433616141 2 31213 3433616174 1 31140
3433710670 2 31222 3433710703 1 31141
3433875593 2 31241 3433875627 1 31144
3433959011 2 31249 3433959043 1 31145
3433970257 0 11232 3433970342 2 31252
3441243521 2 31263 3441243551 1 31248
3441312990 2 31266 3441313022 1 31249
3441447570 2 31275 3441447602 1 31250
3441794501 2 31296 3441794538 1 31254
3441830735 2 31303 3441830761 1 31255
3441888316 0 11255 3441888401 2 31309
3441993493 2 31318 3441993527 1 31257
3442054318 0 11256 3442054403 2 31328 3442054437 1 31258
3442263811 2 31351 3442263846 1 31261
3442336418 2 31356 3442336448 1 31262
3449786115 0 11287 3449786204 2 31389
3449804367 2 31390 3449804398 1 31362
3450322496 2 31435 3450322525 1 31369
3450357804 2 31441 3450357836 1 31370
3450566230 2 31472 3450566263 1 31372
3450590941 2 31474 3450590975 1 31373
3455504852 0 11310 3455504974 1 31440
3456524328 0 11314 3456524445 1 31452
3457792571 0 11317 3457792690 1 31469
3458088105 2 31497 3458088138 1 31473
3458249279 2 31507 3458249310 1 31476
3458391856 2 31518 3458391974 1 31478
3458401803 2 31519 3458401835 1 31479
3458629382 2 31539 3458629413 1 31482
3458668182 2 31542 3458668218 1 31483
3458875432 2 31563 3458875464 1 31486
3458972627 0 11321 3458972742 1 31487
3458992457 0 11322 3458992543 2 31576
3463541153 0 11335 3463541270 1 31550
3466087064 2 31588 3466087100 1 31584
3466321105 0 11348 3466321190 2 31596
3466615935 2 31612 3466615961 1 31591
3466699821 2 31619 3466699853 1 31592
3466783044 2 31625 3466783077 1 31594
3467013773 2 31651 3467013806 1 31596
3467355808 2 31678 3467355840 1 31602
3474626284 2 31690 3474626318 1 31703
3474665182 2 31693 3474665214 1 31704
3474738305 2 31696 3474738386 1 31705
3474919049 2 31711 3474919084 1 31708
3474957513 2 31714 3474957547 1 31709
3475106223 0 11373 3475106308 2 31727
3475361502 2 31746 3475361556 1 31714
3475568560 0 11377 3475568647 2 31764
3475596007 2 31767 3475596039 1 31715
3477097832 0 11380 3477097949 1 31738
3483145788 0 11397 3483145874 2 31789
3483165399 2 31792 3483165432 1 31822
3483290542 2 31800 3483290573 1 31825
3483916107 2 31873 3483916140 1 31832
3483923905 2 31874 3483923928 0 11400
3483958612 2 31878 3483958646 1 31833
3484098624 2 31886 3484098658 1 31834
3487563546 0 11414 3487563660 1 31883
3491401657 2 31900 3491401689 1 31935
3491489539 2 31906 3491489572 1 31937
3491650424 2 31918 3491650454 1 31939
3492134180 2 31958 3492134214 1 31945
3492195016 2 31962 3492195049 1 31946
3492256467 2 31968 3492256501 1 31947
3492332203 2 31975 3492332234 1 31948
3499822939 2 32001 3499822972 1 32053
3500109530 0 11454 3500109613 2 32026
3500147349 2 32029 3500147382 1 32056
3500256153 2 32040 3500256185 1 32057
3500265263 2 32042 3500265296 1 32058
3500376760 2 32056 3500376793 1 32059
3500539545 0 11457 3500539629 2 32077
3507763913 2 32101 3507763947 1 32162
3507925338 2 32106 3507925370 1 32165
3508363964 0 11482 3508364049 2 32132
3508520553 2 32147 3508520583 1 32171
3508759591 2 32165 3508759626 1 32173
3508768227 2 32167 3508768260 1 32174
3509863835 1 32188 3509863949 0 11490
3516300667 2 32210 3516300697 1 32277
3516677591 0 11515 3516677676 2 32234
3516793676 2 32247 3516793709 1 32283
3516926531 2 32263 3516926563 1 32285
3517047841 2 32279 3517047873 1 32286
3517070812 2 32283 3517070844 1 32287
3517256660 0 11518 3517256744 2 32310
3524783812 2 32340 3524783847 1 32393
3524841708 2 32341 3524841740 1 32395
3524928726 1 32396 3524928790 2 32348
3525085292 0 11544 3525085380 2 32357
3525153464 1 32398 3525153574 2 32366
3525170542 0 11545 3525170626 2 32368
3525202205 2 32372 3525202237 1 32399
3525355938 2 32388 3525355973 1 32401
3530084582 0 11562 3530084701 1 32466
3532933564 2 32430 3532933598 1 32503
3533039342 2 32436 3533039373 1 32505
3533222011 2 32448 3533222044 1 32508
3533307897 2 32452 3533307932 1 32509
3533445369 2 32464 3533445403 1 32511
3533481678 2 32466 3533481710 1 32512
3533581831 2 32475 3533581867 1 32513
3533611073 2 32481 3533611104 1 32514
3533645996 0 11575 3533646081 2 32485
3533717623 0 11576 3533717714 2 32492
3533871099 2 32510 3533871133 1 32517
3542247284 0 11607 3542247368 2 32627
3591068444 2 32644 3591068477 1 32548
3591694132 2 32664 3591694163 1 32553
3593269976 0 11784 3593270094 1 32569
3599442624 0 11799 3599442742 1 32633
3599937187 2 32699 3599937222 1 32638
3600452319 2 32749 3600452352 1 32644
3606407867 0 11821 3606407986 1 32705
3607997790 2 32765 3607997824 1 32720
3608153547 2 32776 3608153580 1 32722
3608441396 2 32795 3608441431 1 32725
3608642262 2 32817 3608642298 1 32726
3608728012 2 32829 3608728046 1 32728
3612113119 0 11829 3612113233 1 32763
3612789867 0 11833 3612789986 1 32770
3616332110 2 32852 3616332144 1 32812
3616436448 2 32858 3616436482 1 32814
3616567527 2 32869 3616567561 1 32815
3616738933 2 32879 3616738969 1 32818
3616754247 2 32880 3616754279 1 32819
3617103472 2 32924 3617103510 1 32824
3617125887 2 32927 3617125919 1 32825
3618115364 0 11846 3618115480 1 32839
3624254229 0 11861 3624254347 1 32926
3624650937 2 32949 3624650977 1 32931
3625722796 2 33034 3625722828 1 32945
3626376236 0 11868 3626376354 1 32956
3629780394 0 11881 3629780510 1 33002
3631633864 0 11889 3631633984 1 33027
3632198917 0 11890 3632199036 1 33033
3633061845 0 11891 3633061930 2 33052
3633253647 2 33063 3633253678 1 33049
3633540932 2 33085 3633540964 1 33053
3633921990 2 33125 3633922023 1 33056
3640234343 0 11918 3640234461 1 33143
3641137978 2 33146 3641138012 1 33156
3641244990 2 33148 3641245024 1 33157
3641643711 2 33163 3641643743 1 33164
3641688875 2 33167 3641688912 1 33165
3642039933 2 33209 3642039965 1 33168
3642119305 2 33214 3642119337 1 33169
3649703014 2 33250 3649703050 1 33274
3649836988 2 33256 3649837018 1 33275
3649845225 2 33257 3649845256 1 33276
3649890719 2 33259 3649890750 1 33277
3650062069 2 33271 3650062104 1 33280
3650421938 1 33283 3650421970 2 33309
3650654337 0 11948 3650654423 2 33344
3652506080 0 11957 3652506198 1 33310
3658117342 2 33377 3658117373 1 33385
3658239990 2 33383 3658240020 1 33387
3658274382 2 33385 3658274419 1 33388
3658363916 2 33391 3658363950 1 33389
3658648287 2 33419 3658648320 1 33390
3666053492 2 33459 3666053511 1 33492
3666916548 2 33500 3666916582 1 33503
3667104208 2 33524 3667104242 1 33506
3669480260 0 12009 3669480381 1 33541
3670229102 1 33549 3670229194 0 12011
3674063616 0 12025 3674063736 1 33602
3674629514 1 33611 3674629585 2 33568
3674768471 2 33573 3674768506 1 33613
3675166585 2 33598 3675166620 1 33618
3675254367 2 33606 3675254399 1 33619
3675340971 2 33616 3675341006 1 33620
3675394726 2 33623 3675394761 1 33621
3675408474 2 33624 3675408506 1 33622
3675486436 2 33636 3675486469 1 33623
3675525154 2 33640 3675525189 1 33624
3675613860 2 33652 3675613900 1 33625
3675676215 2 33658 3675676246 1 33626
3675759167 2 33665 3675759198 1 33627
3675773792 0 12028 3675773875 2 33666
3679900689 0 12045 3679900807 1 33681
3681005092 0 12049 3681005210 1 33695
3683104444 2 33679 3683104475 1 33723
3683167815 2 33683 3683167852 1 33724
3683503964 2 33704 3683503996 1 33727
3683667168 2 33712 3683667200 1 33729
3683790496 2 33722 3683790529 1 33731
3683972918 2 33740 3683972950 1 33734
3684105116 2 33753 3684105149 1 33736
3686324026 0 12070 3686324144 1 33768
3691233660 2 33767 3691233679 0 12085
3691597069 1 33837 3691597123 2 33791
3691650564 2 33796 3691650596 1 33838
3691678901 2 33799 3691678935 1 33839
3691781947 2 33810 3691781980 1 33840
3691857327 2 33817 3691857359 1 33842
3691957735 2 33829 3691957768 1 33843
3692010858 2 33837 3692010889 1 33844
3692053194 2 33842 3692053224 1 33845
3692201611 2 33856 3692201642 1 33847
3699780043 2 33890 3699780078 1 33949
3700013069 2 33905 3700013101 1 33951
3700153909 0 12114 3700153994 2 33915 3700154028 1 33953
3700244245 2 33925 3700244277 1 33954
3700326110 2 33934 3700326143 1 33955
3700408969 2 33947 3700409002 1 33956
3700658133 2 33973 3700658168 1 33960
3701849132 0 12122 3701849247 1 33974
3702045262 0 12124 3702045377 1 33976
3706813265 0 12143 3706813384 1 34041
3707222563 0 12145 3707222681 1 34045
3708008263 2 33991 3708008296 1 34056
3708298679 2 34004 3708298714 1 34059
3708382015 1 34060 3708382102 2 34012
3708486107 0 12150 3708486192 2 34024
3708493366 2 34025 3708493398 1 34062
3708656584 2 34040 3708656620 1 34064
3709169241 2 34083 3709169272 1 34072
3711595965 0 12157 3711596084 1 34106
3712578849 0 12160 3712578968 1 34121
3716417874 0 12168 3716417904 2 34095
3716691483 2 34114 3716691517 1 34176
3716863426 2 34128 3716863458 1 34179
3716998363 0 12173 3716998445 2 34144
3717160755 2 34162 3717160790 1 34182
3717420489 2 34180 3717420518 1 34186
3719338832 0 12178 3719338951 1 34212
3725130191 0 12198 3725130271 2 34216
3725675876 0 12200 3725675960 2 34269
3778363399 1 34270 3778363470 0 12369
3778699419 0 12371 3778699537 1 34274
3783213322 0 12385 3783213407 2 34369
3783360670 0 12386 3783360755 2 34380
3783368285 2 34381 3783368317 1 34322
3783719076 2 34423 3783719111 1 34326
3787820377 0 12399 3787820495 1 34366
3787911503 0 12400 3787911617 1 34367
3791312213 2 34445 3791312245 1 34402
3791396147 2 34446 3791396180 1 34403
3791495210 2 34447 3791495241 1 34404
3791554011 2 34451 3791554042 1 34405
3791922574 2 34481 3791922609 1 34409
3792025450 2 34494 3792025482 1 34410
3800014546 0 12456 3800014630 2 34552
3800108210 0 12457 3800108308 2 34557
3800468009 2 34592 3800468045 1 34496
3802847038 0 12467 3802847155 1 34521
3806544382 0 12480 3806544501 1 34570
3807806277 2 34614 3807806309 1 34587
3808271293 2 34636 3808271327 1 34594
3808656458 2 34664 3808656492 1 34597
3808720602 2 34668 3808720634 1 34598
3808935625 2 34686 3808935660 1 34601
3809097461 2 34698 3809097492 1 34603
3815486173 0 12497 3815486291 1 34695
3816648095 2 34719 3816648129 1 34714
3816731271 1 34715 3816731352 2 34723
3816795055 2 34729 3816795090 1 34716
3817069130 2 34751 3817069161 1 34720
3817164127 2 34764 3817164161 1 34722
3817363124 2 34783 3817363157 1 34725
3820084545 0 12505 3820084662 1 34763
3823912010 0 12524 3823912132 1 34814
3824845570 2 34811 3824845603 1 34824
3824939864 2 34820 3824939899 1 34826
3825070258 2 34829 3825070294 1 34828
3825138051 2 34835 3825138081 1 34829
3833373615 0 12557 3833373697 2 34917
3833406318 0 12558 3833406403 2 34918
3833719951 2 34945 3833719984 1 34942
3834008808 2 34975 3834008844 1 34947
3834103645 2 34980 3834103679 1 34948
3841391138 0 12584 3841391259 1 35047
3842023042 2 35034 3842023074 1 35054
3842055902 0 12586 3842055986 2 35037
3842096747 0 12587 3842096831 2 35046
3842314513 2 35071 3842314547 1 35059
3846097425 0 12605 3846097541 1 35109
3849874447 2 35101 3849874478 1 35158
3850259903 1 35161 3850259906 2 35132
3850273222 0 12617 3850273308 2 35134
3850439526 2 35148 3850439557 1 35163
3850526762 2 35158 3850526792 1 35164
3850553273 2 35164 3850553306 1 35165
3854168618 0 12631 3854168735 1 35210
3857248945 1 35253 3857249028 0 12643
3857962148 2 35192 3857962178 1 35263
3858184952 2 35201 3858184962 1 35266
3858723292 0 12652 3858723379 2 35249
3858833592 2 35260 3858833624 1 35272
3858931972 2 35270 3858932003 1 35273
3867096882 2 35347 3867096911 1 35383
3867152737 2 35355 3867152774 1 35384
3867359710 2 35374 3867359742 1 35387
3867464048 2 35386 3867464079 1 35388
3874939133 2 35405 3874939164 1 35487
3875034744 0 12706 3875034830 2 35410
3875406675 2 35450 3875406707 1 35491
3875412590 2 35451 3875412621 1 35492
3875783024 2 35485 3875783057 1 35499
3883327953 2 35514 3883327986 1 35601
3883611748 0 12738 3883611819 2 35536
3883694745 0 12740 3883694830 2 35543
3883839821 2 35559 3883839853 1 35607
3883983507 2 35584 3883983540 1 35609
3884041772 2 35593 3884041802 1 35610
3884044611 0 12742 3884044696 2 35594
3888965634 0 12758 3888965756 1 35678
3891659648 2 35623 3891659681 1 35714
3891847615 0 12770 3891847699 2 35639 3891847730 1 35716
3891897026 1 35717 3891897030 2 35641
3892048327 2 35654 3892048363 1 35719
3892264432 2 35677 3892264466 1 35722
3892463584 2 35691 3892463614 1 35725
3897479214 0 12786 3897479331 1 35796
3899409636 2 35698 3899409669 1 35824
3899862190 2 35707 3899862218 1 35829
3899979234 2 35714 3899979265 1 35831
3900009503 2 35716 3900009534 1 35832
3900351276 2 35740 3900351309 1 35837
3900360735 2 35741 3900360765 1 35838
3900424866 2 35750 3900424898 1 35839
3900641681 2 35769 3900641743 0 12792
3900769054 2 35781 3900769085 1 35843
3907234726 0 12806 3907234843 1 35936
3908067825 2 35790 3908067856 1 35946
3908362275 2 35803 3908362307 1 35951
3908491058 2 35811 3908491090 1 35953
3916454794 0 12834 3916454878 2 35884
3916508081 0 12835 3916508166 2 35889
3925070453 0 12883 3925070541 2 36011
3925561817 0 12885 3925561900 2 36057
3966603598 2 36085 3966603630 1 35988
3966868193 2 36101 3966868228 1 35991
3969175367 0 13022 3969175457 1 36015
3975482565 2 36177 3975482598 1 36080
3983222524 0 13070 3983222609 2 36207 3983222642 1 36160
3983478418 2 36224 3983478452 1 36163
3983490305 0 13071 3983490388 2 36226
3983833945 0 13072 3983834028 2 36257
3983938058 2 36269 3983938091 1 36168
3991537701 2 36302 3991537732 1 36253
3991549808 0 13088 3991549891 2 36303 3991549924 1 36254
3991706177 2 36309 3991706207 1 36255
3992004545 0 13089 3992004572 2 36338
3992007209 0 13090 3992007292 2 36339
3992151633 2 36351 3992151667 1 36263
3992156653 0 13092 3992156737 2 36352
4000079721 2 36402 4000079756 1 36370
4000104323 2 36404 4000104354 1 36371
4000148811 2 36407 4000148843 1 36372
4000290479 0 13118 4000290564 2 36417
4000341804 2 36419 4000341840 1 36375
4000404632 2 36426 4000404665 1 36376
4000484852 0 13119 4000484938 2 36434
4004066006 0 13136 4004066121 1 36423
4008108939 2 36486 4008108975 1 36480
4008441046 2 36508 4008441079 1 36485
4008512132 2 36514 4008512164 1 36486
4008624885 0 13150 4008624967 2 36521
4008655606 2 36525 4008655639 1 36488
4008947010 2 36560 4008947045 1 36490
4008983794 2 36563 4008983825 1 36491
4010004595 0 13156 4010004711 1 36505
4014262880 0 13172 4014262994 1 36562
4014799005 0 13175 4014799123 1 36570
4016579643 2 36589 4016579674 1 36594
4016958485 0 13183 4016958570 2 36610
4016965877 2 36611 4016965909 1 36598
4016988841 0 13184 4016988927 2 36614
4016995359 2 36615 4016995393 1 36599
4017006758 0 13185 4017006842 2 36617
4017017643 0 13186 4017017728 2 36618
4017278752 2 36646 4017278785 1 36602
4017454532 2 36669 4017454565 1 36604
4021644003 0 13208 4021644122 1 36659
4022802553 0 13210 4022802674 1 36675
4024586511 2 36678 4024586544 1 36700
4025279904 2 36716 4025279935 1 36708
4025290405 2 36718 4025290437 1 36709
4025622797 2 36747 4025622830 1 36714
4025817280 2 36764 4025817311 1 36717
4033476666 2 36810 4033476700 1 36821
4033586805 2 36818 4033586839 1 36822
4034034414 2 36864 4034034448 1 36830
4034195097 2 36883 4034195129 1 36831
4037267045 0 13254 4037267163 1 36871
4041588603 2 36897 4041588636 1 36930
4042007814 2 36931 4042007848 1 36932
4042308401 2 36971 4042308434 1 36937
4042365135 2 36978 4042365169 1 36939
4042533648 2 36989 4042533681 1 36940
4047450500 0 13295 4047450617 1 37006
4049368763 0 13302 4049368880 1 37032
4049723650 2 37000 4049723684 1 37038
4049830998 2 37004 4049831031 1 37039
4050030363 0 13304 4050030448 2 37016
4050173012 2 37025 4050173048 1 37041
4050259642 2 37029 4050259676 1 37042
4050690619 2 37062 4050690651 1 37049
4050856766 2 37074 4050856798 1 37051
4057234751 0 13331 4057234868 1 37137
4058232907 0 13334 4058232996 2 37097
4058457721 2 37119 4058457751 1 37154
4058591406 2 37130 4058591440 1 37156
4058906825 2 37156 4058906859 1 37161
4058987660 2 37169 4058987693 1 37162
4059189520 2 37186 4059189554 1 37166
4059267692 2 37190 4059267722 1 37167
4065946958 0 13359 4065947076 1 37257
4066571637 2 37205 4066571667 1 37264
4066762348 2 37215 4066762379 1 37267
4066886721 2 37221 4066886762 1 37269
4067003012 2 37230 4067003043 1 37271
4067216368 2 37247 4067216405 1 37274
4067241366 2 37249 4067241408 1 37275
4067309518 0 13362 4067309601 2 37266
4067318043 2 37268 4067318078 1 37276
4067488705 2 37290 4067488736 1 37278
4074638737 2 37300 4074638770 1 37369
4074714152 2 37302 4074714187 1 37370
4075038173 2 37317 4075038201 1 37372
4075155721 2 37325 4075155754 1 37374
4075349916 2 37341 4075349948 1 37377
4075544505 2 37357 4075544536 1 37379
4075641878 2 37368 4075641914 1 37381
4083316737 2 37403 4083316770 1 37486
4083591358 2 37420 4083591391 1 37491
4083722921 2 37427 4083722950 1 37492
4084059546 0 13420 4084059632 2 37463
4091477291 2 37489 4091477326 1 37601
4091524985 0 13443 4091525071 2 37493
4091649223 2 37501 4091649257 1 37603
4091792699 0 13446 4091792782 2 37514
4091881377 2 37524 4091881413 1 37606
4092025580 2 37538 4092025614 1 37607
4092050926 2 37542 4092050961 1 37608
4092104669 2 37549 4092104705 1 37609
4092342610 2 37572 4092342644 1 37613
4092459141 2 37583 4092459174 1 37614
4108567338 0 13493 4108567422 2 37753
4158297147 2 37788 4158297179 1 37733
4158410169 2 37798 4158410199 1 37735
4158590839 2 37814 4158590871 1 37737
4158757372 2 37823 4158757404 1 37739
4158863970 0 13650 4158864087 1 37740
4158878298 2 37836 4158878355 0 13651
4166449498 2 37862 4166449532 1 37817
4166662634 2 37872 4166662666 1 37820
4166871119 0 13685 4166871204 2 37887
4166880446 2 37888 4166880475 1 37822
4167037726 2 37900 4167037761 1 37824
4171368584 0 13702 4171368701 1 37868
4174783831 2 37947 4174783889 1 37904
4175062352 2 37966 4175062383 1 37907
4175158493 2 37975 4175158526 1 37908
4175429992 2 38008 4175430024 1 37911
4175532083 2 38020 4175532118 1 37912
4177356356 0 13716 4177356472 1 37935
4177922077 0 13718 4177922198 1 37942
4183177012 2 38036 4183177046 1 38015
4183403341 2 38046 4183403377 1 38018
4183466530 2 38050 4183466561 1 38019
4183665196 2 38064 4183665227 1 38023
4183765324 0 13735 4183765409 2 38074
4184226489 0 13737 4184226574 2 38129
4184274333 2 38135 4184274364 1 38030
4186901528 0 13749 4186901644 1 38066
4191517749 2 38145 4191517779 1 38130
4191692631 2 38152 4191692662 1 38133
4191768319 2 38154 4191768353 1 38134
4192042807 2 38177 4192042836 1 38139
4192136529 2 38182 4192136562 1 38140
4192462544 2 38219 4192462579 1 38142
4192470436 0 13765 4192470519 2 38221
4199919808 2 38238 4199919834 1 38244
4199958166 0 13790 4199958250 2 38241
4200396543 2 38275 4200396577 1 38251
4203730791 0 13804 4203730820 1 38292
4208651308 2 38388 4208651340 1 38358
4208691039 2 38392 4208691072 1 38359
4208966807 2 38422 4208966839 1 38363
4209225027 2 38439 4209225061 1 38366
4210896432 0 13830 4210896552 1 38387
4216578962 2 38457 4216578993 1 38461
4216686031 2 38464 4216686068 1 38463
4216852634 2 38478 4216852668 1 38466
4217624960 2 38549 4217624993 1 38475
4223614292 0 13872 4223614411 1 38558
4224916716 2 38563 4224916750 1 38575
4225012509 2 38570 4225012542 1 38577
4225061592 2 38575 4225061625 1 38578
4225160380 2 38583 4225160411 1 38579
4225323955 2 38597 4225323987 1 38581
4225330784 2 38598 4225330820 1 38582
4225507454 2 38613 4225507487 1 38585
4225573368 2 38620 4225573400 1 38586
4225749731 2 38642 4225749761 1 38587
4225785194 2 38646 4225785228 1 38588
4225911597 2 38657 4225911626 1 38589
4231074214 0 13892 4231074345 1 38658
4233290288 2 38672 4233290323 1 38690
4233360262 2 38677 4233360292 1 38691
4233502754 2 38694 4233502786 1 38693
4234173675 2 38766 4234173711 1 38703
4234289786 2 38780 4234289820 1 38705
4238056335 0 13909 4238056451 1 38758
4241585703 0 13921 4241585789 2 38798
4241667976 2 38802 4241668006 1 38808
4241699231 2 38803 4241699264 1 38809
4241770468 2 38807 4241770500 1 38810
4241785333 2 38808 4241785364 1 38811
4241938376 2 38818 4241938403 1 38812
4242310525 2 38845 4242310562 1 38816
4242539792 2 38871 4242539890 1 38819
4250055119 2 38898 4250055152 1 38927
4250100627 0 13944 4250100711 2 38903
4250490136 2 38945 4250490169 1 38930
4250674514 2 38963 4250674549 1 38933
4250857019 2 38977 4250857045 1 38936
4258667531 2 39025 4258667560 1 39042
4259277563 2 39086 4259277598 1 39050
4266702700 2 39108 4266702731 1 39151
4266811154 2 39114 4266811187 1 39153
4266835400 2 39117 4266835431 1 39154
4266919796 2 39122 4266919828 1 39155
4267057163 2 39132 4267057199 1 39157
4267113669 2 39137 4267113701 1 39158
4267157580 2 39144 4267157614 1 39159
4271273929 1 39214 4271273996 0 13997
4272162703 0 14002 4272162823 1 39226
4274784539 2 39208 4274784572 1 39261
4274923239 0 14008 4274923324 2 39213
4275361308 2 39240 4275361339 1 39270
4275552367 2 39255 4275552400 1 39273
4276983360 0 14013 4276983480 1 39293
4283029693 2 39296 4283029727 1 39370
4283213152 0 14043 4283213229 2 39301
4283229767 2 39304 4283229836 1 39373
4283344201 2 39315 4283344233 1 39374
