54254660 2 36 54254696 1 73
54910708 2 83 54910741 1 80
56227503 0 181 56227618 1 93
62692022 2 118 62692055 1 160
62914321 2 136 62914355 1 162
62987773 2 140 62987806 1 163
63064912 2 150 63064946 1 164
69238011 0 219 69238129 1 227
70925026 0 225 70925111 2 194
71090951 2 209 71090984 1 247
71346013 2 237 71346045 1 249
71363080 2 240 71363195 1 250
77013650 0 243 77013769 1 324
79119215 2 272 79119248 1 353
79419370 2 292 79419401 1 357
79514170 2 303 79514204 1 360
79824320 2 331 79824354 1 363
87409261 2 365 87409296 1 468
87485404 2 369 87485435 1 469
87546351 2 375 87546382 1 470
87604017 2 380 87604052 1 471
87784095 2 394 87784127 1 473
88074269 2 427 88074302 1 476
88218971 2 453 88219006 1 478
88819251 0 286 88819368 1 486
95833130 2 493 95833163 1 583
95992962 2 508 95992992 1 584
96067608 2 517 96067642 1 585
96189964 2 524 96189995 1 587
96435377 2 537 96435409 1 590
101998047 0 335 101998166 1 663
104100618 2 573 104100648 1 692
104496602 2 611 104496634 1 696
104642067 2 626 104642102 1 698
104688420 2 632 104688453 1 699
104805212 2 645 104805243 1 701
104918116 2 657 104918212 1 703
108480830 0 359 108480947 1 752
112153573 2 677 112153606 1 803
112502265 2 693 112502297 1 806
112644976 2 705 112645008 1 808
112719772 2 713 112719805 1 809
113004409 2 737 113004445 1 814
113128946 0 373 113129029 2 748
113139187 2 749 113139219 1 816
116448536 0 383 116448611 1 861
120568051 2 778 120568081 1 919
120995994 2 813 120996030 1 926
121102286 2 821 121102317 1 928
121329395 2 840 121329429 1 932
121754783 2 886 121754814 1 937
123987813 0 404 123987853 1 968
127309979 0 410 127310094 1 1015
128996481 2 894 128996511 1 1038
129092453 0 419 129092539 2 905
129256118 2 914 129256151 1 1041
129313284 2 919 129313320 1 1042
129402656 0 420 129402740 2 926
129424796 2 928 129424830 1 1044
129597662 2 943 129597694 1 1046
129666866 2 955 129666899 1 1047
129739182 2 967 129739217 1 1049
129812718 2 976 129812752 1 1050
132749717 0 425 132749835 1 1094
137312753 0 440 137312837 2 1000
137316387 2 1001 137316417 1 1156
137482235 2 1013 137482269 1 1158
137669558 2 1020 137669588 1 1159
137674189 2 1021 137674223 1 1160
137786219 2 1030 137786255 1 1162
137912041 2 1047 137912072 1 1164
138025646 0 443 138025730 2 1060
138096242 2 1070 138096274 1 1167
140622338 0 449 140622457 1 1203
145659963 2 1098 145659995 1 1268
145747788 2 1106 145747822 1 1271
145817464 2 1112 145817498 1 1272
146251935 0 475 146252019 2 1152
146295169 2 1158 146295203 1 1278
146322300 0 476 146322386 2 1163
146634662 0 478 146634729 2 1188
146716746 2 1194 146716778 1 1282
153824851 0 503 153824889 1 1380
153923187 2 1203 153923219 1 1381
154120805 2 1219 154120839 1 1384
154168431 2 1221 154168467 1 1385
154239647 2 1227 154239678 1 1386
158523082 0 519 158523199 1 1445
162298443 2 1311 162298478 1 1497
162504281 2 1319 162504312 1 1500
162542067 2 1322 162542101 1 1501
162751314 2 1337 162751347 1 1502
162908416 2 1350 162908449 1 1504
162912863 2 1351 162912893 1 1505
163075326 2 1368 163075360 1 1507
163143452 2 1376 163143484 1 1508
163230142 2 1384 163230174 1 1510
164945735 0 536 164945849 1 1535
170793072 2 1419 170793102 1 1613
171014417 2 1433 171014449 1 1616
171277444 2 1454 171277475 1 1619
171453131 2 1474 171453165 1 1622
171630057 2 1491 171630089 1 1625
176918881 0 579 176919001 1 1700
179262853 0 585 179262939 2 1528
179965478 2 1600 179965540 0 587
237359085 2 1721 237359120 1 1769
237690412 2 1745 237690446 1 1773
237832256 2 1759 237832288 1 1775
239020790 1 1786 239020810 0 794
245461570 2 1784 245461659 0 811
246085225 0 813 246085309 2 1818
246300702 2 1843 246300736 1 1861
246330211 0 814 246330293 2 1846
254290248 2 1893 254290279 1 1943
262352101 2 1963 262352135 1 2046
262534552 2 1974 262534584 1 2048
262657519 0 856 262657604 2 1984
262673941 2 1987 262673975 1 2051
262881128 2 2008 262881160 1 2052
263023747 2 2019 263023768 1 2054
263178528 2 2030 263178558 1 2056
263417872 2 2055 263417905 1 2060
270033317 0 877 270033434 1 2153
270700138 2 2067 270700169 1 2164
270774610 0 878 270774696 2 2070
271089221 2 2097 271089252 1 2167
271190062 1 2169 271190062 2 2105
271291915 2 2115 271291948 1 2170
271452369 2 2132 271452401 1 2173
271488621 0 880 271488704 2 2135
271613400 2 2149 271613428 1 2176
271764390 2 2159 271764426 1 2177
279061564 2 2171 279061598 1 2276
279244658 2 2185 279244689 1 2277
279722526 0 913 279722610 2 2225
279903963 2 2249 279903995 1 2285
282240641 0 922 282240761 1 2318
286153974 0 932 286154092 1 2373
287029277 2 2266 287029311 1 2385
287689945 2 2298 287689976 1 2394
287876405 2 2314 287876439 1 2397
288304982 2 2357 288305016 1 2403
288436544 1 2404 288436581 2 2365
296258357 2 2413 296258388 1 2509
296346886 2 2422 296347028 1 2511
296429984 2 2430 296430016 1 2512
296451812 2 2433 296451842 1 2513
296527936 2 2439 296527971 1 2514
299076489 0 976 299076608 1 2549
304256944 2 2485 304256979 1 2623
304296860 2 2487 304296892 1 2624
304299200 0 987 304299283 2 2488
304453944 2 2499 304453975 1 2626
304614186 2 2509 304614219 1 2629
304721221 2 2522 304721253 1 2630
304743442 1 2631 304743521 2 2529
304950098 2 2554 304950129 1 2634
310061318 0 1001 310061437 1 2707
312480840 2 2585 312480878 1 2739
312777857 2 2598 312777891 1 2743
312856252 2 2604 312856286 1 2745
313067207 2 2626 313067241 1 2748
313095379 2 2629 313095458 1 2749
313215655 2 2644 313215687 1 2750
319196058 0 1028 319196175 1 2834
320333172 2 2663 320333205 1 2846
320762427 2 2681 320762460 1 2853
321128912 1 2859 321128929 2 2713
321185280 2 2724 321185308 1 2860
321226332 2 2729 321226363 1 2861
321349720 2 2740 321349758 1 2862
321800722 0 1039 321800869 2 2777
328778721 2 2783 328778755 1 2961
328882140 2 2787 328882174 1 2962
329056454 0 1072 329056540 2 2795 329056573 1 2963
329431718 2 2821 329431750 1 2970
329461331 0 1073 329461416 2 2823 329461449 1 2971
329959267 0 1074 329959352 2 2853
334970043 0 1087 334970160 1 3048
337523009 0 1099 337523094 2 2885
337589923 2 2888 337589954 1 3083
337747735 2 2897 337747767 1 3085
337954708 2 2911 337954739 1 3087
338102171 2 2925 338102206 1 3088
338164289 2 2935 338164324 1 3090
338353414 2 2956 338353447 1 3092
345799695 2 2983 345799727 1 3194
346022012 2 3001 346022043 1 3197
346114372 2 3009 346114404 1 3198
346156621 2 3012 346156652 1 3199
346398844 2 3037 346398878 1 3203
346504368 2 3048 346504402 1 3205
346631739 2 3060 346631773 1 3206
349421102 1 3244 349421118 0 1141
351297984 0 1149 351298102 1 3270
353439949 0 1155 353440065 1 3300
354088197 2 3080 354088232 1 3307
354192583 2 3084 354192616 1 3308
354286679 2 3090 354286711 1 3309
354461200 2 3100 354461231 1 3313
354548827 1 3314 354548943 2 3110
354730669 2 3134 354730701 1 3317
356068291 0 1165 356068409 1 3335
363080692 0 1183 363080775 2 3261
420646640 0 1372 420646728 2 3430
420699413 2 3432 420699445 1 3469
420889724 2 3446 420889758 1 3471
420946577 0 1373 420946663 2 3451
428162693 0 1392 428162815 1 3545
428932995 2 3487 428933052 0 1395
429111401 2 3494 429111432 1 3556
429302596 0 1399 429302681 2 3510
429307322 0 1400 429307409 2 3511
429599493 2 3530 429599529 1 3560
429648944 0 1401 429649028 2 3532
429737311 2 3539 429737343 1 3562
432117165 0 1413 432117283 1 3587
434684024 0 1421 434684138 1 3613
437540292 0 1429 437540378 2 3601
437629231 2 3608 437629263 1 3643
437791646 2 3620 437791678 1 3644
437916326 2 3628 437916360 1 3646
437987399 2 3631 437987434 1 3647
438178939 2 3650 438178974 1 3649
445709985 2 3669 445710019 1 3744
445846884 2 3674 445846918 1 3745
446041258 0 1453 446041342 2 3686
446218704 2 3696 446218737 1 3749
446247963 2 3701 446247997 1 3751
446319571 2 3707 446319603 1 3753
446613706 2 3740 446613741 1 3758
446687760 2 3746 446687793 1 3759
446733538 2 3747 446733568 1 3760
454149482 2 3765 454149516 1 3863
454276795 2 3774 454276832 1 3865
454312079 2 3777 454312113 1 3866
454361516 2 3779 454361550 1 3867
454593149 0 1480 454593233 2 3799
454665296 2 3806 454665328 1 3870
454717499 2 3813 454717544 1 3871
455337720 0 1481 455337838 1 3877
462445090 2 3878 462445119 1 3979
462751288 2 3903 462751319 1 3983
462758768 2 3905 462758800 1 3984
462789691 2 3907 462789724 1 3985
462847122 2 3910 462847155 1 3986
463062460 2 3930 463062492 1 3989
463125361 2 3936 463125393 1 3990
469979462 0 1524 469979579 1 4082
470740865 2 3977 470740896 1 4094
470822365 2 3984 470822398 1 4095
470993017 2 3993 470993052 1 4098
471061419 2 3996 471061454 1 4099
471364858 0 1528 471364941 2 4024
471716818 2 4069 471716852 1 4107
471741512 0 1529 471741598 2 4071
479200450 2 4090 479200482 1 4206
479311481 2 4098 479311512 1 4208
479547989 2 4118 479548022 1 4210
479711253 2 4130 479711286 1 4214
479946557 2 4159 479946587 1 4215
480050517 2 4168 480050548 1 4217
487501909 2 4192 487501938 1 4320
487637282 2 4203 487637316 1 4322
487747172 2 4207 487747200 1 4324
487834282 2 4217 487834315 1 4325
488312625 2 4270 488312657 1 4330
495697002 2 4287 495697031 1 4436
495907621 2 4305 495907730 1 4439
495971764 2 4307 495971795 1 4440
496232228 0 1606 496232312 2 4328
496382563 2 4342 496382598 1 4443
496487647 2 4351 496487677 1 4444
496660206 2 4370 496660239 1 4447
496731004 2 4373 496731036 1 4448
504050204 2 4389 504050237 1 4553
504174762 2 4394 504174791 1 4555
504288977 2 4404 504289009 1 4557
504508921 2 4423 504508956 1 4559
504550269 2 4430 504550348 0 1627
504972527 0 1628 504972611 2 4471
505017504 2 4478 505017540 1 4566
505109866 2 4487 505109898 1 4568
512597234 0 1653 512597320 2 4511
512756106 0 1654 512756191 2 4523
513014031 2 4544 513014065 1 4671
513297885 2 4575 513297918 1 4673
513742541 0 1658 513742655 1 4681
516237606 0 1668 516237725 1 4714
520202503 0 1684 520202622 1 4766
520714077 2 4598 520714113 1 4774
520791502 2 4604 520791532 1 4775
520826793 0 1686 520826875 2 4608
520950238 2 4615 520950269 1 4777
521411943 2 4659 521411974 1 4781
521542673 2 4670 521542706 1 4784
521614905 2 4678 521614940 1 4785
521697411 2 4687 521697446 1 4786
521771245 2 4692 521771276 1 4787
529473992 0 1710 529474078 2 4722
529587321 2 4731 529587376 1 4894
529724761 2 4741 529724792 1 4897
529791495 2 4751 529791525 1 4898
529936578 2 4772 529936636 1 4900
530049310 2 4783 530049341 1 4902
531018803 0 1716 531018923 1 4915
537388239 2 4799 537388273 1 5001
537505910 2 4805 537505945 1 5003
537786111 2 4826 537786143 1 5004
537970815 2 4846 537970847 1 5006
538203868 2 4872 538203903 1 5009
538215412 2 4873 538215449 1 5010
538397873 2 4888 538397905 1 5013
538513489 0 1740 538513573 2 4896
542535726 0 1755 542535843 1 5070
545557956 2 4899 545557989 1 5111
545847736 2 4913 545847768 1 5115
546029646 2 4924 546029677 1 5116
546083909 0 1764 546083995 2 4928
546434048 0 1766 546434132 2 4962
546599400 0 1767 546599485 2 4977 546599519 1 5124
546637936 2 4983 546637970 1 5125
562441607 0 1830 562441696 2 5126
604275416 2 5154 604275448 1 5152
612353147 0 1986 612353244 2 5174
612599544 2 5188 612599577 1 5238
613022057 2 5224 613022094 1 5242
613156944 2 5234 613156975 1 5244
621002672 0 2023 621002757 2 5276
621017068 2 5277 621017103 1 5319
621180167 2 5296 621180202 1 5321
629400848 0 2056 629400932 2 5355
629542130 0 2057 629542212 2 5364
629740807 2 5379 629740841 1 5410
637630490 0 2089 637630576 2 5433
637772648 2 5440 637772681 1 5512
637969022 2 5459 637969054 1 5515
638010544 2 5464 638010550 0 2090
638309294 0 2092 638309375 2 5508
638334178 0 2093 638334261 2 5511
638339889 0 2094 638339971 2 5512
638393294 2 5519 638393325 1 5521
638468641 2 5523 638468675 1 5522
645827487 2 5537 645827518 1 5626
645909062 2 5542 645909094 1 5628
646147689 2 5559 646147722 1 5632
646307402 2 5570 646307433 1 5634
646337312 2 5574 646337346 1 5635
646556993 2 5601 646557025 1 5638
646682287 2 5612 646682318 1 5640
646733053 0 2110 646733140 2 5618 646733174 1 5641
654111753 2 5639 654111841 1 5745
654456482 2 5662 654456515 1 5750
654581626 2 5677 654581658 1 5752
654706051 2 5687 654706085 1 5753
654727177 2 5690 654727208 1 5754
654887759 2 5712 654887790 1 5757
662652432 0 2153 662652518 2 5755
662683163 2 5757 662683194 1 5863
662686423 2 5758 662686455 1 5864
662836006 2 5772 662836037 1 5865
663032803 2 5792 663032837 1 5869
665201468 0 2157 665201583 1 5900
670947764 2 5853 670947794 1 5977
671106880 2 5869 671106913 1 5979
679269556 2 5962 679269587 1 6089
679331014 2 5966 679331049 1 6090
679598745 2 5993 679598780 1 6095
679910602 2 6014 679910634 1 6097
687129566 2 6040 687129599 1 6195
687669617 2 6063 687669651 1 6203
687909269 2 6078 687909304 1 6207
688246498 2 6118 688246533 1 6210
688266712 2 6123 688266746 1 6211
688359144 2 6132 688359177 1 6212
688412407 2 6136 688412445 1 6213
688474135 1 6214 688474263 2 6143
688477279 0 2233 688477365 2 6144
688520793 2 6146 688520826 1 6215
691765916 0 2248 691766035 1 6257
695933011 2 6165 695933043 1 6318
695943507 2 6166 695943536 1 6319
695988065 0 2254 695988155 2 6169
695995120 2 6171 695995153 1 6320
696115520 2 6176 696115550 1 6322
696210820 0 2255 696210907 2 6186
696437899 2 6206 696437935 1 6324
696476566 2 6211 696476599 1 6326
697957348 0 2261 697957466 1 6346
704248405 2 6253 704248439 1 6438
704389862 2 6264 704389892 1 6439
704529138 0 2276 704529223 2 6278
704655689 2 6291 704655725 1 6442
704812686 0 2278 704812769 2 6305 704812803 1 6444
704975697 2 6321 704975729 1 6446
705114543 2 6335 705114574 1 6448
712541117 1 6549 712541148 2 6357
712990695 2 6387 712990804 1 6552
713003545 2 6389 713003676 1 6553
713058098 2 6396 713058128 1 6554
713233620 2 6416 713233656 1 6557
713415253 2 6439 713415284 1 6559
713471580 2 6444 713471614 1 6561
720683131 2 6462 720683166 1 6661
720902714 0 2326 720902814 2 6475 720902845 1 6663
720933652 2 6477 720933684 1 6664
721052588 2 6483 721052620 1 6665
721829507 2 6557 721829541 1 6675
721843089 2 6558 721843121 1 6676
726977725 0 2349 726977841 1 6745
729336065 2 6581 729336100 1 6778
729423492 2 6586 729423525 1 6780
729577958 2 6599 729577992 1 6783
729669558 0 2354 729669644 2 6606
729754009 2 6616 729754126 0 2355
730016208 2 6641 730016243 1 6789
730072094 2 6648 730072126 1 6790
730146340 2 6654 730146371 1 6791
737823855 0 2385 737823940 2 6696
738128245 0 2386 738128327 2 6722
746031726 0 2410 746031812 2 6796
746334077 0 2411 746334161 2 6825
794447931 0 2602 794448049 1 6904
795719734 2 6854 795719772 1 6916
795934639 2 6864 795934671 1 6919
796109198 2 6879 796109228 1 6921
796169507 2 6883 796169539 1 6922
796252327 0 2610 796252412 2 6890
796367565 2 6898 796367596 1 6924
796625274 2 6928 796625305 1 6927
801566882 0 2628 801567000 1 6978
804146391 2 6946 804146426 1 7004
804238867 2 6949 804238898 1 7005
804417084 1 7007 804417122 0 2642
804782834 2 6990 804782867 1 7011
809199904 0 2657 809200022 1 7056
813199645 0 2673 813199729 2 7093
820956956 0 2700 820957040 2 7125
821044304 2 7131 821044337 1 7179
821261389 0 2702 821261472 2 7146
821356429 1 7181 821356576 2 7152
821519609 2 7170 821519640 1 7183
821658151 0 2705 821658265 1 7185
822473299 0 2706 822473413 1 7197
829104130 2 7196 829104162 1 7284
829448851 2 7223 829448884 1 7287
829761636 2 7254 829761666 1 7292
829940128 2 7274 829940158 1 7294
837140052 2 7303 837140085 1 7399
837540402 2 7312 837540432 1 7403
837582877 0 2756 837582962 2 7315
837636085 2 7319 837636120 1 7405
837807967 2 7334 837808000 1 7407
837847714 2 7337 837847746 1 7408
837907604 2 7340 837907638 1 7409
838088913 2 7353 838088944 1 7412
838188782 2 7361 838188813 1 7413
838268054 2 7368 838268088 1 7415
843243610 0 2776 843243725 1 7483
844272438 0 2779 844272558 1 7496
845954490 2 7423 845954523 1 7519
845974399 2 7425 845974498 1 7520
846221719 0 2787 846221804 2 7437
846284217 2 7440 846284249 1 7524
846444078 2 7452 846444110 1 7526
846493386 2 7459 846493421 1 7527
846546547 2 7463 846546578 1 7528
846605028 2 7469 846605061 1 7529
846805869 0 2788 846805952 2 7487
847659761 0 2792 847659877 1 7543
854089915 2 7502 854089948 1 7629
854199262 0 2817 854199348 2 7509
854307404 2 7521 854307437 1 7633
854446573 2 7529 854446604 1 7634
854585984 2 7542 854586017 1 7636
854631389 2 7545 854631422 1 7637
854667218 0 2819 854667305 2 7550
854883626 2 7573 854883657 1 7641
854935576 2 7580 854935608 1 7642
855187537 2 7607 855187571 1 7644
855189704 2 7608 855189735 1 7645
863062795 2 7667 863062827 1 7756
863105082 2 7671 863105117 1 7757
863188945 2 7677 863188979 1 7758
863402033 2 7701 863402065 1 7760
869559407 0 2861 869559527 1 7845
870997691 2 7733 870997724 1 7864
871173028 2 7744 871173060 1 7866
871501626 2 7780 871501658 1 7872
871560505 2 7786 871560536 1 7873
871806620 2 7815 871806653 1 7874
871832369 2 7818 871832403 1 7875
871913019 2 7823 871913049 1 7877
874408234 1 7914 874408266 0 2874
879170199 0 2891 879170283 2 7838
879215244 2 7841 879215279 1 7979
879466968 2 7855 879467003 1 7983
879499786 0 2892 879499871 2 7861
879980641 2 7898 879980673 1 7989
886653598 0 2912 886653714 1 8083
887556080 2 7929 887556112 1 8096
887751244 2 7937 887751276 1 8099
887842587 2 7944 887842619 1 8100
887845196 2 7945 887845225 1 8101
888042289 2 7962 888042326 1 8102
888074345 2 7967 888074385 1 8103
888288710 2 7993 888288742 1 8106
888316742 2 7996 888316774 1 8107
888405064 2 8005 888405096 1 8108
888500961 2 8015 888500995 1 8110
893439856 0 2932 893439972 1 8179
895286197 0 2940 895286315 1 8203
895801021 0 2942 895801107 2 8041
896155852 2 8068 896155884 1 8213
896224617 2 8072 896224649 1 8215
896472470 2 8095 896472503 1 8218
896561210 2 8107 896561246 1 8219
896724518 2 8123 896724554 1 8222
903979373 2 8138 903979405 1 8326
904024442 2 8141 904024476 1 8327
904670533 2 8192 904670567 1 8333
904900713 2 8211 904900746 1 8336
905098700 2 8237 905098732 1 8339
910112391 0 2985 910112509 1 8410
912506718 2 8270 912506750 1 8442
912631179 2 8275 912631213 1 8444
912769029 2 8288 912769063 1 8447
912901474 2 8296 912901509 1 8448
912959393 2 8303 912959426 1 8449
913072079 0 2996 913072167 2 8311
913296108 2 8338 913296140 1 8453
913548598 2 8354 913548632 1 8456
913550983 2 8355 913551014 1 8457
914278604 0 3000 914278722 1 8465
975421654 0 3195 975421771 1 8560
978992002 0 3209 978992022 1 8597
979178880 2 8565 979178915 1 8599
979334103 2 8572 979334134 1 8601
981465897 0 3218 981466014 1 8622
983449067 0 3229 983449074 1 8642
987322279 2 8617 987322313 1 8683
987499727 2 8623 987499761 1 8685
987774152 2 8641 987774182 1 8688
988031815 2 8668 988031840 1 8689
988247041 2 8683 988247073 1 8691
988257015 2 8685 988257050 1 8692
993150838 0 3263 993150955 1 8743
994003919 0 3266 994004036 1 8752
995659595 2 8703 995659628 1 8769
996002834 2 8718 996002865 1 8772
996214446 2 8731 996214478 1 8774
996403350 2 8744 996403380 1 8775
996583079 0 3273 996583163 2 8765
996732265 0 3274 996732351 2 8782
997741491 0 3276 997741609 1 8790
1004471489 2 8817 1004471523 1 8874
1004474074 2 8818 1004474105 1 8875
1004487272 0 3291 1004487356 2 8820
1004555453 2 8825 1004555485 1 8876
1004702730 0 3293 1004702815 2 8837
1005061740 0 3294 1005061825 2 8869
1005153187 2 8878 1005153222 1 8884
1010048750 0 3310 1010048868 1 8953
1012523975 2 8898 1012524006 1 8985
1013399880 2 8974 1013399912 1 9000
1013570444 1 9002 1013570511 2 8983
1020727312 2 8995 1020727348 1 9100
1020811561 0 3343 1020811646 2 8998
1020856359 2 9000 1020856389 1 9102
1021220222 2 9023 1021220256 1 9106
1021439848 2 9043 1021439877 1 9109
1021468883 2 9045 1021468918 1 9110
1021714460 1 9114 1021714560 2 9061
1021764426 2 9065 1021764460 1 9115
1021823850 2 9070 1021823878 1 9116
1021929492 2 9078 1021929525 1 9117
1029147038 2 9086 1029147072 1 9219
1029223314 2 9091 1029223348 1 9220
1029602846 2 9122 1029602878 1 9226
1029898778 2 9146 1029898816 1 9230
1029901288 0 3367 1029901371 2 9147
1029913012 2 9149 1029913045 1 9231
1030028903 2 9161 1030028938 1 9232
1037430478 0 3388 1037430596 1 9334
1037468589 2 9185 1037468623 1 9335
1037638509 2 9195 1037638545 1 9337
1037903992 0 3389 1037904076 2 9213
1037911777 0 3390 1037911861 2 9215
1037934357 2 9218 1037934390 1 9342
1037943166 0 3391 1037943249 2 9219
1038093563 2 9234 1038093594 1 9343
1038208252 2 9248 1038208287 1 9345
1038285501 2 9255 1038285536 1 9346
1043158806 1 9410 1043158954 0 3415
1045971556 2 9297 1045971590 1 9449
1046208372 0 3424 1046208453 2 9318
1046335571 0 3425 1046335654 2 9330
1046369017 0 3427 1046369100 2 9335
1046456191 2 9344 1046456224 1 9454
1046916498 2 9383 1046916530 1 9460
1054306058 0 3450 1054306145 2 9398
1054717636 2 9433 1054717668 1 9569
1054876256 2 9452 1054876288 1 9571
1054893736 2 9455 1054893771 1 9572
1055040381 2 9471 1055040415 1 9574
1055106154 2 9476 1055106248 1 9575
1055300816 2 9492 1055300848 1 9578
1055443894 1 9580 1055443929 0 3453
1062244950 0 3475 1062245069 1 9672
1062796956 2 9523 1062796990 1 9680
1063110643 2 9552 1063110674 1 9684
1063408867 2 9579 1063408896 1 9688
1071067591 2 9615 1071067624 1 9794
1071321329 2 9635 1071321364 1 9796
1071410051 1 9797 1071410075 2 9639
1071462170 2 9644 1071462204 1 9798
1071788124 2 9672 1071788144 1 9803
1079092277 2 9689 1079092309 1 9907
1079562296 2 9715 1079562332 1 9913
1080156181 2 9766 1080156216 1 9923
1080198783 2 9770 1080198817 1 9924
1083933251 0 3535 1083933369 1 9976
1087223664 2 9778 1087223697 1 10021
1087631870 0 3549 1087631953 2 9794
1087647694 2 9797 1087647741 1 10025
1087818324 2 9809 1087818359 1 10027
1088257684 2 9852 1088257716 1 10034
1088306892 2 9857 1088306926 1 10035
1088593616 2 9883 1088593650 1 10039
1095735938 2 9889 1095735971 1 10128
1095896671 0 3595 1095896759 2 9899
1096017474 2 9905 1096017504 1 10132
1096215996 2 9919 1096216029 1 10135
1096310096 2 9925 1096310143 1 10136
1096387077 2 9932 1096387111 1 10137
1096459607 2 9936 1096459637 1 10138
1096476352 2 9938 1096476387 1 10139
1096753558 2 9962 1096753592 1 10143
1096779819 2 9963 1096779853 1 10144
1101117901 0 3609 1101118018 1 10204
1104091113 2 9977 1104091144 1 10244
1104363720 2 9994 1104363754 1 10249
1104673567 2 10014 1104673602 1 10254
1104749561 2 10025 1104749593 1 10255
1104824954 2 10034 1104824992 1 10256
1105040775 2 10061 1105040812 1 10259
1105047552 2 10063 1105047582 1 10260
1105180833 2 10081 1105180865 1 10262
1162740539 2 10290 1162740626 1 10301
1171386031 2 10365 1171386065 1 10391
1177075720 0 3862 1177075838 1 10450
1179548979 2 10430 1179549012 1 10475
1179921705 2 10463 1179921736 1 10479
1179979312 2 10471 1179979344 1 10480
1187366148 2 10490 1187366183 1 10561
1187702980 2 10517 1187703011 1 10566
1187747017 2 10521 1187747054 1 10567
1187917547 2 10532 1187917579 1 10569
1187978001 2 10539 1187978027 1 10570
1188038968 2 10542 1188038999 1 10571
1188091204 0 3901 1188091290 2 10545
1188134900 2 10549 1188134936 1 10573
1188659694 2 10581 1188659710 1 10579
1196070086 2 10603 1196070117 1 10682
1196316953 2 10622 1196316995 1 10685
1196470778 2 10634 1196470812 1 10690
1196597545 2 10647 1196597660 1 10692
1204066329 2 10674 1204066365 1 10792
1204332070 2 10684 1204332100 1 10796
1204343500 0 3956 1204343586 2 10685
1204500945 0 3957 1204501033 2 10699
1204524810 2 10700 1204524843 1 10799
1204715601 2 10719 1204715632 1 10800
1204944685 2 10742 1204944720 1 10803
1205212540 0 3961 1205212623 2 10775
1206709895 0 3966 1206710009 1 10827
1212328812 0 3991 1212328930 1 10902
1212732595 2 10800 1212732624 1 10907
1212736162 2 10801 1212736194 1 10908
1212852284 2 10806 1212852317 1 10910
1213019301 0 3993 1213019387 2 10819
1213166111 2 10831 1213166143 1 10912
1213189648 2 10833 1213189681 1 10913
1213460012 0 3995 1213460094 2 10858
1213523295 2 10864 1213523334 1 10917
1220880940 2 10884 1220880973 1 11022
1221010824 2 10890 1221010854 1 11024
1221026935 0 4012 1221027021 2 10891
1221049953 2 10893 1221049986 1 11025
1221121031 0 4014 1221121119 2 10897
1221404095 2 10921 1221404192 0 4015
1221856683 2 10976 1221856750 1 11034
1227579001 0 4031 1227579116 1 11114
1228893700 0 4034 1228893818 1 11131
1229597029 2 11015 1229597061 1 11140
1229768022 2 11025 1229768054 1 11142
1229807711 2 11028 1229807746 1 11143
1229872821 2 11034 1229872854 1 11144
1230211160 2 11071 1230211195 1 11149
1230233473 2 11074 1230233504 1 11150
1237211656 2 11084 1237211689 1 11241
1237221687 0 4060 1237221804 1 11242
1237607888 2 11097 1237607919 1 11247
1237851586 2 11117 1237851620 1 11250
1238102354 2 11138 1238102386 1 11252
1238367786 2 11174 1238367818 1 11256
1238401082 0 4066 1238401166 2 11176
1246073446 2 11222 1246073480 1 11361
1246313375 2 11242 1246313491 1 11362
1246391172 2 11249 1246391204 1 11364
1246473697 2 11257 1246473729 1 11366
1246601029 2 11267 1246601063 1 11368
1253173158 0 4112 1253173278 1 11460
1254367317 2 11307 1254367458 0 4117
1254527967 2 11319 1254527999 1 11476
1254595535 2 11325 1254595566 1 11477
1254838613 2 11349 1254838646 1 11480
1254912606 2 11359 1254912631 1 11481
1255000622 2 11370 1255000653 1 11482
1255014816 0 4121 1255014900 2 11372
1255287711 2 11397 1255287747 1 11486
1262852539 2 11426 1262852570 1 11586
1262881971 2 11430 1262882005 1 11587
1263056385 2 11446 1263056484 0 4150
1263102370 2 11455 1263102403 1 11590
1263324911 2 11476 1263324944 1 11594
1263401051 2 11486 1263401085 1 11595
1263574413 2 11503 1263574443 1 11597
1266340926 0 4159 1266341044 1 11636
1271299214 2 11546 1271299253 1 11701
1271398807 2 11556 1271398841 1 11703
1271474356 0 4175 1271474439 2 11563 1271474472 1 11704
1271687337 2 11584 1271687339 1 11707
1271994618 2 11618 1271994649 1 11711
1279651024 2 11668 1279651056 1 11810
1279756276 2 11679 1279756312 1 11811
1279989308 2 11704 1279989344 1 11815
1280042153 2 11712 1280042188 1 11816
1280142431 0 4209 1280142515 2 11722
1288110289 0 4238 1288110408 1 11921
1288212085 2 11783 1288212117 1 11922
1288411961 2 11817 1288411995 1 11926
1288546011 0 4240 1288546096 2 11831
1288588947 2 11835 1288588980 1 11928
1288679108 2 11841 1288679138 1 11930
1296886604 0 4265 1296886689 2 11935
1353342595 0 4452 1353342709 1 12040
1354157686 2 11987 1354157719 1 12048
1354494540 2 12007 1354494571 1 12051
1354623341 2 12014 1354623375 1 12053
1354786564 2 12030 1354786598 1 12055
1354879365 2 12041 1354879398 1 12056
1363293479 2 12132 1363293512 1 12141
1370989454 2 12161 1370989597 1 12219
1371596689 2 12208 1371596721 1 12227
1371665638 2 12218 1371665671 1 12228
1371761139 2 12228 1371761173 1 12229
1371857505 2 12233 1371857539 1 12230
1378089890 0 4516 1378090000 1 12316
1378992930 0 4519 1378992959 2 12236
1379212323 2 12246 1379212359 1 12331
1379299246 2 12253 1379299280 1 12332
1379340531 2 12256 1379340566 1 12333
1379445896 2 12263 1379445927 1 12334
1379467466 2 12266 1379467497 1 12335
1379711321 2 12290 1379711359 1 12338
1379731012 2 12293 1379731050 1 12339
1382905982 0 4535 1382906031 1 12380
1387849071 2 12372 1387849121 1 12445
1388022114 0 4552 1388022198 2 12388
1388178652 0 4553 1388178737 2 12399
1388182768 0 4554 1388182852 2 12400
1388185816 2 12401 1388185850 1 12449
1388375001 2 12425 1388375035 1 12451
1388408217 2 12429 1388408249 1 12452
1388581977 2 12447 1388582012 1 12453
1389685089 0 4562 1389685208 1 12468
1396217672 2 12484 1396217704 1 12557
1396405989 2 12501 1396406021 1 12560
1396602355 2 12521 1396602387 1 12564
1396866814 2 12550 1396866845 1 12566
1396975374 2 12560 1396975409 1 12568
1397018042 2 12564 1397018077 1 12569
1404420150 2 12578 1404420183 1 12670
1404643260 0 4606 1404643377 1 12673
1404884598 0 4607 1404884674 2 12619
1411744273 0 4634 1411744391 1 12768
1412990069 2 12697 1412990100 1 12783
1413521535 2 12759 1413521567 1 12788
1421049300 2 12785 1421049335 1 12890
1421094922 2 12791 1421094952 1 12891
1421260034 2 12803 1421260065 1 12894
1421297482 2 12807 1421297514 1 12895
1421625531 2 12838 1421625566 1 12899
1426172071 0 4682 1426172204 1 12961
1429180528 2 12894 1429180559 1 13002
1429250526 2 12898 1429250559 1 13003
1429608454 2 12921 1429608488 1 13007
1429676673 2 12926 1429676710 1 13009
1429755904 2 12935 1429755974 0 4692
1429848315 2 12938 1429848351 1 13012
1430207791 2 12970 1430207822 1 13013
1437975188 2 13008 1437975222 1 13122
1437992193 0 4719 1437992277 2 13011
1438098112 2 13022 1438098147 1 13123
1438429640 2 13058 1438429676 1 13125
1438599869 2 13075 1438599903 1 13127
1438647360 2 13078 1438647381 1 13129
1438722373 2 13081 1438722404 1 13130
1446453838 2 13116 1446453869 1 13240
1446481220 2 13119 1446481253 1 13241
1448729409 0 4743 1448729530 1 13272
1454291041 2 13177 1454291084 1 13348
1454482131 2 13191 1454482163 1 13351
1454692409 0 4765 1454692493 2 13215
1455017243 2 13239 1455017274 1 13357
1455171338 2 13255 1455171372 1 13360
1455192655 0 4767 1455192742 2 13258
1455350773 2 13271 1455350807 1 13362
1459546205 0 4783 1459546323 1 13419
1461652333 1 13447 1461652350 0 4788
1462499818 2 13283 1462499849 1 13460
1462877997 0 4794 1462878082 2 13299
1463335613 2 13341 1463335647 1 13469
1463527884 2 13359 1463527915 1 13472
1463595647 2 13361 1463595683 1 13473
1471090250 1 13580 1471090275 2 13381
1471247213 2 13395 1471247244 1 13582
1471333877 2 13402 1471333908 1 13584
1471441951 2 13411 1471442016 1 13585
1471450748 2 13413 1471450781 1 13586
1471603561 2 13428 1471603592 1 13588
1471739640 2 13443 1471739676 1 13589
1471806391 2 13451 1471806422 1 13591
1471845735 2 13457 1471845768 1 13592
1471923456 2 13466 1471923486 1 13593
1471943029 0 4815 1471943111 2 13468
1471956880 2 13470 1471956915 0 4816
1476302323 0 4829 1476302441 1 13650
1479861679 0 4842 1479861764 2 13527
1480124292 0 4845 1480124377 2 13556
1480184797 0 4846 1480184881 2 13564
1488022617 0 4875 1488022721 2 13620
1488408362 0 4877 1488408446 2 13671
1536113607 0 5039 1536113724 1 13716
1537476095 2 13691 1537476129 1 13730
1537764611 2 13702 1537764643 1 13733
1537951589 2 13716 1537951620 1 13735
1538174598 0 5043 1538174682 2 13730
1538212890 2 13735 1538212924 1 13738
1540219176 0 5050 1540219292 1 13758
1545930120 2 13758 1545930155 1 13817
1546548404 2 13806 1546548436 1 13823
1546569661 0 5072 1546569746 2 13808
1554158703 2 13839 1554158737 1 13902
1554404407 2 13852 1554404438 1 13905
1554737750 2 13879 1554737785 1 13907
1554870412 2 13888 1554870448 1 13909
1554943972 2 13894 1554944007 1 13910
1557720265 0 5110 1557720384 1 13939
1562683840 0 5129 1562683926 2 13933
1563150167 2 13967 1563150200 1 13996
1563230865 2 13975 1563230900 1 13997
1563290301 2 13986 1563290336 1 13998
1563347633 2 13995 1563347667 1 13999
1563548807 2 14004 1563548841 1 14001
1570738545 2 14008 1570738581 1 14095
1571157414 2 14032 1571157444 1 14102
1571227562 2 14034 1571227590 1 14103
1571311659 2 14041 1571311693 1 14105
1571804771 2 14090 1571804802 1 14109
1571987339 2 14102 1571987373 1 14112
1572022991 0 5159 1572023082 2 14107
1572068882 2 14110 1572068915 1 14113
1573133399 0 5163 1573133515 1 14129
1578986715 2 14114 1578986720 1 14203
1579358374 0 5191 1579358459 2 14129
1579605561 2 14150 1579605594 1 14208
1579618434 2 14152 1579618472 1 14209
1579634014 2 14154 1579634049 1 14211
1579798985 2 14167 1579799016 1 14214
1580230141 2 14214 1580230173 1 14219
1581330198 0 5198 1581330273 1 14235
1584728248 0 5206 1584728364 1 14283
1587566033 0 5212 1587566152 1 14323
1588305345 2 14271 1588305377 1 14331
1588545673 2 14301 1588545705 1 14337
1588734884 2 14318 1588734918 1 14339
1593813922 0 5238 1593814042 1 14405
1596042360 2 14332 1596042393 1 14438
1596407720 2 14358 1596407752 1 14441
1596520579 2 14367 1596520708 0 5251
1596765822 2 14398 1596765853 1 14445
1596805178 0 5253 1596805258 2 14402
1596920407 0 5254 1596920488 2 14407
1596934217 2 14409 1596934249 1 14446
1596948019 2 14411 1596948051 1 14447
1599900605 0 5268 1599900722 1 14481
1604354869 2 14436 1604354904 1 14542
1604844248 2 14473 1604844284 1 14546
1605259362 2 14525 1605259389 1 14551
1605267412 2 14527 1605267445 1 14552
1605329026 2 14532 1605329058 1 14553
1605382435 2 14537 1605382469 1 14554
1612473162 1 14649 1612473175 2 14545
1612864916 2 14559 1612864946 1 14654
1613194411 2 14582 1613194443 1 14657
1613285217 0 5315 1613285240 2 14588
1613434133 2 14600 1613434165 1 14661
1613530536 0 5318 1613530618 2 14607
1613587401 1 14662 1613587416 2 14612
1613599618 2 14614 1613599651 1 14663
1621013191 2 14634 1621013225 1 14766
1621110029 0 5338 1621110114 2 14638
1621141370 2 14640 1621141402 1 14768
1621447180 2 14667 1621447215 1 14770
1621631169 2 14694 1621631204 1 14773
1621685572 2 14697 1621685607 1 14774
1621690890 0 5341 1621690974 2 14698
1621957405 2 14725 1621957444 1 14777
1623768851 0 5344 1623768968 1 14805
1626538663 0 5352 1626538783 1 14841
1629093699 0 5361 1629093817 1 14877
1629311274 2 14743 1629311307 1 14880
1629379196 2 14748 1629379228 1 14881
1629481941 2 14755 1629481973 1 14883
1630342348 0 5363 1630342432 2 14839 1630342465 1 14893
1637623048 2 14855 1637623079 1 14993
1637694862 2 14860 1637694892 1 14994
1637914950 2 14874 1637914984 1 14998
1638208917 2 14894 1638208952 1 15000
1638243059 2 14897 1638243092 1 15001
1638339098 2 14910 1638339133 1 15002
1638583526 2 14935 1638583560 1 15005
1646039514 2 14959 1646039546 1 15112
1646166155 2 14965 1646166185 1 15114
1646240253 2 14973 1646240288 1 15116
1646529483 2 15003 1646529514 1 15117
1646590366 2 15010 1646590397 1 15118
1648549640 0 5403 1648549758 1 15145
1654392384 0 5428 1654392470 2 15065
1654447360 0 5429 1654447450 2 15068
1655050624 2 15111 1655050657 1 15226
1655164181 2 15124 1655164216 1 15227
1655269252 0 5436 1655269334 2 15133
1662834398 2 15158 1662834433 1 15329
1663067722 2 15174 1663067757 1 15332
1663294239 2 15198 1663294271 1 15334
1663473468 2 15220 1663473500 1 15337
1663640035 0 5468 1663640119 2 15237
1663656037 2 15239 1663656071 1 15338
1679578498 0 5519 1679578584 2 15352
1726614785 0 5659 1726614904 1 15431
1727161709 0 5661 1727161829 1 15436
1729565229 2 15424 1729565262 1 15462
1729581251 0 5672 1729581336 2 15426
1736950594 0 5689 1736950709 1 15536
1738045235 2 15521 1738045268 1 15548
1738162685 2 15529 1738162719 1 15549
1746091871 2 15573 1746091905 1 15632
1746185170 2 15579 1746185310 1 15634
1746297481 2 15588 1746297511 1 15636
1746729561 2 15640 1746729591 1 15640
1747487762 0 5716 1747487879 1 15653
1754696706 0 5733 1754696791 2 15674
1754985833 2 15700 1754985866 1 15758
1755067945 2 15708 1755067979 1 15759
1755154860 2 15717 1755154895 1 15760
1755276612 2 15734 1755276646 1 15762
1755432795 2 15746 1755432826 1 15765
1763113595 2 15789 1763113630 1 15869
1763226258 2 15796 1763226293 1 15870
1763242290 2 15799 1763242323 1 15871
1763453610 2 15818 1763453642 1 15874
1763614623 2 15836 1763614655 1 15877
1763725928 2 15844 1763725957 1 15879
1765032267 0 5769 1765032387 1 15897
1771899753 2 15942 1771899788 1 15993
1772114726 2 15960 1772114757 1 15996
1776449936 0 5798 1776450056 1 16059
1778812528 0 5808 1778812644 1 16091
1779636545 2 15982 1779636577 1 16101
1779673792 2 15986 1779673827 1 16102
1779861733 0 5812 1779861824 2 15998
1779957751 1 16106 1779957895 2 16005
1779987689 2 16011 1779987723 1 16107
1786077769 0 5839 1786077888 1 16188
1787900401 2 16078 1787900435 1 16211
1787916669 2 16080 1787916699 1 16212
1788111608 2 16099 1788111641 1 16215
1788149009 1 16216 1788149013 2 16106
1788338010 2 16127 1788338042 1 16219
1788450821 2 16140 1788450856 1 16220
1788545770 2 16152 1788545804 1 16221
1795922138 2 16179 1795922172 1 16326
1796485848 2 16221 1796485879 1 16334
1796573361 2 16228 1796573390 1 16335
1800505784 0 5884 1800505900 1 16387
1804387766 1 16443 1804387841 2 16286
1804758232 0 5896 1804758316 2 16310 1804758350 1 16448
1804798921 2 16314 1804798955 1 16449
1805170826 2 16358 1805170861 1 16451
1812840954 2 16391 1812840987 1 16559
1813396264 2 16436 1813396301 1 16565
1820954458 0 5950 1820954543 2 16488
1821192959 0 5951 1821193044 2 16501
1821322420 2 16511 1821322454 1 16675
1821431502 2 16522 1821431533 1 16677
1821528466 2 16532 1821528500 1 16678
1821642991 2 16546 1821643023 1 16680
1821895357 2 16568 1821895390 1 16684
1821921367 2 16571 1821921402 1 16685
1822058580 2 16581 1822058612 1 16686
1822089726 0 5954 1822089811 2 16584
1829104257 0 5983 1829104376 1 16782
1829471610 2 16607 1829471644 1 16785
1829840863 2 16635 1829840897 1 16790
1829918504 2 16640 1829918536 1 16791
1829989162 0 5987 1829989245 2 16647
1830034967 2 16653 1830035001 1 16793
1830205345 0 5988 1830205429 2 16673
1833181735 0 6000 1833181854 1 16835
1836595998 0 6010 1836596117 1 16883
1837659793 2 16697 1837659827 1 16898
1837696586 2 16700 1837696617 1 16899
1837815770 2 16704 1837815799 1 16901
1837938794 0 6011 1837938835 2 16717 1837938867 1 16903
1838221621 0 6013 1838221705 2 16747
1841681751 0 6024 1841681865 1 16954
1846159043 2 16828 1846159076 1 17017
1846287068 2 16833 1846287098 1 17019
1846365282 2 16839 1846365313 1 17020
1846458891 0 6038 1846458973 2 16847
1846522647 0 6039 1846522735 2 16854
1851324162 0 6057 1851324281 1 17087
1854720388 0 6070 1854720475 2 16950
1854807315 0 6071 1854807400 2 16957
1855311700 0 6073 1855311785 2 17011
1862860906 0 6103 1862860990 2 17044
1912526976 2 17114 1912527009 1 17176
1912976785 2 17131 1912976819 1 17180
1913354374 2 17160 1913354405 1 17184
1913686675 2 17185 1913686708 1 17188
1913697875 2 17187 1913697999 0 6257
1921013058 2 17196 1921013092 1 17263
1921368375 2 17222 1921368415 1 17267
1921668674 2 17258 1921668704 1 17270
1929689926 0 6314 1929690011 2 17301
1929701691 2 17303 1929701722 1 17352
1929997740 2 17327 1929997773 1 17355
1933561736 0 6321 1933561853 1 17401
1937935583 0 6336 1937935664 2 17383
1938185559 2 17399 1938185590 1 17464
1938299083 2 17414 1938299114 1 17465
1938630391 2 17456 1938630426 1 17471
1938721377 2 17466 1938721409 1 17473
1940303486 0 6340 1940303605 1 17496
1945926344 2 17482 1945926375 1 17573
1946524932 2 17520 1946524961 1 17581
1946617178 2 17530 1946617213 1 17583
1946720635 2 17537 1946720666 1 17585
1946843206 2 17553 1946843242 1 17586
1947082639 2 17569 1947082672 1 17588
1954410518 2 17582 1954410549 1 17691
1954667110 2 17597 1954667142 1 17696
1954808650 2 17612 1954808681 1 17698
1955206874 2 17652 1955206910 1 17702
1955322580 2 17661 1955322612 1 17703
1955440385 2 17670 1955440416 1 17705
1962269428 2 17675 1962269462 1 17799
1963019251 2 17711 1963019283 1 17810
1963083907 2 17718 1963083940 1 17811
1963445385 2 17752 1963445418 1 17815
1963689958 2 17773 1963689992 1 17818
1970922452 2 17783 1970922482 1 17922
1971061425 2 17789 1971061551 1 17924
1971217476 2 17800 1971217508 1 17927
1971354145 2 17809 1971354175 1 17929
1971532878 2 17828 1971532911 1 17930
1971597890 0 6431 1971598006 1 17931
1971673759 2 17838 1971673792 1 17932
1971859553 2 17862 1971859585 1 17935
1971984434 0 6433 1971984519 2 17872
1972094443 2 17881 1972094475 1 17938
1976949528 0 6449 1976949648 1 18001
1979512117 2 17897 1979512149 1 18037
1979548485 2 17901 1979548519 1 18038
1979669555 0 6459 1979669644 2 17909
1979962155 2 17933 1979962188 1 18042
1980091837 2 17944 1980091869 1 18043
1980121717 2 17949 1980121753 1 18044
1980179177 2 17956 1980179229 1 18045
1980353468 2 17970 1980353500 1 18048
1980367694 0 6461 1980367781 2 17972
1986957157 0 6485 1986957276 1 18133
1987594782 2 17988 1987594816 1 18142
1987636612 2 17991 1987636646 1 18143
1987961484 2 18010 1987961516 1 18148
1988123598 2 18023 1988123627 1 18150
1988334084 2 18043 1988334115 1 18152
1988432844 2 18052 1988432877 1 18153
1988670073 2 18083 1988670109 1 18155
1988673869 2 18084 1988673901 1 18156
1996231021 2 18113 1996231052 1 18257
1996361311 2 18124 1996361341 1 18259
1996837783 2 18179 1996837817 1 18263
1996868547 2 18181 1996868584 1 18264
2004197580 1 18358 2004197621 0 6554
2004584916 0 6557 2004585002 2 18231
2004610412 2 18235 2004610446 1 18364
2004784905 2 18251 2004784936 1 18366
2004852676 2 18257 2004852707 1 18367
2005052490 2 18281 2005052521 1 18369
2005217306 2 18296 2005217342 1 18371
2005299852 2 18303 2005299997 1 18373
2005364174 2 18308 2005364204 1 18374
2005452882 2 18318 2005452915 1 18375
2007725436 0 6568 2007725551 1 18407
2012907322 2 18340 2012907352 1 18481
2012942697 2 18343 2012942731 1 18482
2013200974 2 18361 2013201006 1 18483
2013219827 2 18363 2013219862 1 18484
2013242111 0 6580 2013242198 2 18365
2013247670 2 18366 2013247703 1 18485
2013424660 2 18384 2013424691 1 18488
2013513557 2 18401 2013513589 1 18489
2013559092 2 18407 2013559126 1 18490
2013640811 2 18415 2013640842 1 18491
2013769410 0 6582 2013769525 1 18492
2015423559 0 6589 2015423678 1 18514
2021059807 2 18439 2021059837 1 18595
2021257476 1 18596 2021257497 2 18454
2021436323 2 18466 2021436358 1 18598
2021517674 2 18471 2021517708 1 18599
2021553713 0 6607 2021553796 2 18474
2021731624 0 6609 2021731708 2 18499
2021794260 2 18505 2021794296 1 18603
2021881104 2 18514 2021881141 1 18604
2021962451 2 18523 2021962487 1 18605
2022122151 2 18537 2022122179 1 18606
2024286487 0 6618 2024286604 1 18638
2029501856 0 6631 2029501941 2 18553
2029632108 0 6632 2029632192 2 18562
2029831245 2 18579 2029831277 1 18712
2029916367 2 18585 2029916414 0 6633
2029971039 2 18588 2029971068 1 18715
2030074869 2 18593 2030074904 1 18716
2030349714 0 6634 2030349796 2 18606
2030355815 2 18607 2030355847 1 18721
2033848109 0 6643 2033848227 1 18770
2038149074 2 18644 2038149106 1 18819
2038334053 0 6665 2038334139 2 18658
2046083164 0 6691 2046083249 2 18721
2094369295 0 6836 2094369412 1 18834
2096094188 2 18828 2096094223 1 18852
2096280961 2 18838 2096280996 1 18854
2096954541 2 18863 2096954573 1 18860
2097042625 2 18864 2097042658 1 18861
2104454286 2 18873 2104454315 1 18937
2104504829 0 6870 2104504914 2 18877
2105146997 2 18921 2105147030 1 18943
2110424989 0 6888 2110425103 1 18998
2112676344 2 18956 2112676374 1 19021
2112971647 2 18973 2112971681 1 19023
2113091821 2 18980 2113091855 1 19025
2113192187 2 18986 2113192265 1 19026
2113360795 2 19004 2113360830 1 19028
2113439902 2 19014 2113439938 1 19029
2113447040 0 6895 2113447125 2 19015
2121076389 2 19048 2121076421 1 19120
2121136225 2 19051 2121136257 1 19122
2121260112 2 19059 2121260147 1 19124
2121830924 0 6914 2121831009 2 19116
2128645737 0 6940 2128645856 1 19220
2128976831 2 19138 2128976864 1 19225
2129003481 0 6942 2129003594 1 19226
2129177327 2 19145 2129177361 1 19228
2129529946 2 19162 2129529981 1 19232
2129790363 2 19179 2129790394 1 19234
2129942324 2 19193 2129942354 1 19236
2130147422 2 19213 2130147456 1 19238
2130243821 2 19223 2130243855 1 19239
2130395945 2 19243 2130395975 1 19242
2133633215 0 6964 2133633334 1 19285
2137512211 2 19251 2137512246 1 19339
2137617019 2 19257 2137617051 1 19340
2137845881 2 19270 2137845914 1 19342
2138051436 2 19284 2138051470 1 19344
2138199132 2 19292 2138199163 1 19345
2138303034 2 19299 2138303066 1 19346
2138595304 2 19329 2138595338 1 19352
2138627850 2 19336 2138627883 1 19353
2138689739 0 6984 2138689829 2 19347
2138715001 2 19349 2138715033 1 19355
2146133941 2 19374 2146133972 1 19450
2146214412 0 7014 2146214494 2 19382
2146396181 2 19391 2146396210 1 19453
2146760829 2 19426 2146760861 1 19459
2146898951 2 19436 2146898983 1 19461
2146977263 2 19443 2146977297 1 19462
2147041182 2 19450 2147041217 1 19463
2147076081 2 19455 2147076113 1 19464
2152205233 0 7031 2152205350 1 19536
2154456707 2 19473 2154456742 1 19565
2154588373 2 19481 2154588402 1 19567
2154647323 2 19484 2154647354 1 19568
2155028348 2 19517 2155028380 1 19574
2155146635 2 19534 2155146668 1 19576
2155207959 2 19540 2155207994 1 19577
2155292381 2 19551 2155292416 1 19578
2155316623 0 7042 2155316712 2 19553
2155400639 2 19563 2155400672 1 19580
2162840405 0 7073 2162840491 2 19585
2162873617 0 7074 2162873698 2 19588
2163301314 2 19617 2163301345 1 19678
2163510055 2 19640 2163510091 1 19681
2163654759 2 19657 2163654789 1 19684
2163719643 2 19663 2163719676 1 19685
2165537152 0 7082 2165537269 1 19711
2171553967 1 19793 2171554017 2 19712
2171637829 2 19721 2171637862 1 19795
2171693237 2 19729 2171693272 1 19796
2171765110 2 19740 2171765143 1 19797
2171983851 2 19762 2171983884 1 19801
2172080003 2 19768 2172080035 1 19802
2172101814 2 19769 2172101845 1 19803
2172779318 0 7105 2172779438 1 19810
2173533180 1 19820 2173533324 0 7106
2179635136 0 7130 2179635217 2 19804
2179638914 2 19805 2179638944 1 19898
2179749685 0 7131 2179749770 2 19813
2179752933 2 19814 2179752969 1 19900
2180264361 2 19851 2180264396 1 19906
2188184303 0 7158 2188184421 1 20014
2188204824 2 19899 2188204857 1 20015
2188296882 2 19907 2188296917 1 20016
2188474381 0 7160 2188474466 2 19930
2188806953 0 7162 2188807039 2 19970
2190053458 0 7167 2190053577 1 20037
2196552821 2 20021 2196552855 1 20120
2196714790 2 20035 2196714823 1 20122
2196777216 2 20038 2196777248 1 20123
2196871566 2 20047 2196871597 1 20124
2197019656 2 20060 2197019690 1 20126
2197034763 2 20061 2197034795 1 20127
2204737882 2 20101 2204737916 1 20231
2204794191 2 20107 2204794221 1 20232
2204891668 0 7216 2204891750 2 20113
2205036811 2 20131 2205036843 1 20236
2205179240 2 20145 2205179275 1 20237
2205343044 2 20162 2205343076 1 20239
2205437613 2 20167 2205437644 1 20240
2208634710 0 7231 2208634749 1 20283
2209827503 0 7236 2209827620 1 20296
2212672462 2 20181 2212672495 1 20335
2212819954 2 20191 2212819987 1 20338
2213250297 0 7248 2213250382 2 20217 2213250415 1 20340
2213254111 2 20218 2213254148 1 20341
2213304554 2 20219 2213304586 1 20342
2213588094 2 20250 2213588127 1 20345
2213649950 2 20254 2213649987 1 20346
2213686629 2 20258 2213686661 1 20347
2220088498 0 7267 2220088614 1 20439
2220983981 2 20272 2220984015 1 20451
2221037281 2 20275 2221037312 1 20452
2221194056 2 20286 2221194087 1 20453
2221383077 2 20303 2221383108 1 20454
2221424946 2 20307 2221424978 1 20455
2221508653 2 20314 2221508686 1 20456
2221896020 2 20351 2221896053 1 20462
2221960700 2 20361 2221960736 1 20464
2222087859 2 20374 2222087892 1 20466
2223838739 0 7273 2223838759 1 20491
2287286815 0 7477 2287286933 1 20586
2287786683 2 20539 2287786710 1 20591
2287905026 2 20550 2287905059 1 20593
2287978131 2 20553 2287978167 1 20594
2290666063 0 7484 2290666181 1 20621
2291608777 0 7487 2291608896 1 20631
2296008420 1 20676 2296008533 0 7500
2296470976 2 20637 2296471002 1 20682
2296768218 2 20671 2296768251 1 20684
2296896518 2 20686 2296896552 1 20685
2304502385 2 20704 2304502415 1 20763
2304965564 0 7532 2304965651 2 20739
2305057164 2 20747 2305057196 1 20768
2305159874 2 20758 2305159906 1 20769
2312888655 2 20792 2312888687 1 20871
2313138841 2 20809 2313138874 1 20873
2313186071 0 7558 2313186156 2 20814
2313362842 2 20825 2313362878 1 20876
2313425243 2 20832 2313425277 1 20877
2313668297 2 20848 2313668329 1 20881
2317189854 0 7568 2317189973 1 20931
2321102246 1 20985 2321102378 2 20874
2321263424 1 20986 2321263572 2 20882
2321314601 1 20987 2321314743 2 20888
2321392701 0 7583 2321392789 2 20896
2321577152 2 20913 2321577185 1 20990
2321617238 2 20919 2321617271 1 20991
2321977747 2 20961 2321977780 1 20995
2321979911 2 20962 2321979943 1 20996
2322145969 2 20978 2322146005 1 20999
2329532079 2 21002 2329532112 1 21099
2329535736 2 21003 2329535771 1 21100
2329650242 2 21015 2329650336 0 7612
2329777042 2 21027 2329777071 1 21103
2329957739 0 7614 2329957823 2 21045
2329967661 2 21046 2329967695 1 21105
2329976008 2 21048 2329976039 1 21106
2330026184 0 7615 2330026269 2 21057
2330336198 2 21074 2330336232 1 21110
2330450317 2 21083 2330450346 1 21112
2334601333 0 7632 2334601368 1 21168
2337923244 2 21103 2337923272 1 21216
2338182226 2 21118 2338182264 1 21219
2338303532 2 21130 2338303566 1 21221
2338422425 2 21142 2338422452 1 21223
2338513135 2 21147 2338513166 1 21225
2338662259 2 21166 2338662290 1 21227
2338757527 2 21178 2338757556 1 21228
2338832696 2 21188 2338832729 1 21230
2344750680 0 7656 2344750797 1 21311
2346021234 1 21329 2346021305 2 21201
2346186704 2 21207 2346186737 1 21332
2346456924 2 21226 2346456955 1 21336
2346627242 2 21236 2346627271 1 21338
2346946422 2 21273 2346946455 1 21343
2347021747 2 21279 2347021782 1 21344
2347160777 0 7662 2347160860 2 21289
2353472733 0 7690 2353472853 1 21426
2354918493 0 7697 2354918611 1 21444
2355077734 2 21338 2355077766 1 21445
2355207231 2 21355 2355207264 1 21447
2355478176 2 21384 2355478210 1 21452
2355563483 2 21392 2355563519 1 21453
2356119113 0 7700 2356119231 1 21459
2362892132 2 21407 2362892163 1 21556
2362976902 2 21412 2362976931 1 21557
2362987538 2 21413 2362987571 1 21558
2363087066 2 21418 2363087100 1 21559
2363116521 2 21421 2363116555 1 21560
2363157383 2 21426 2363157414 1 21561
2363220212 2 21434 2363220244 1 21562
2363420648 2 21451 2363420678 1 21565
2363776249 2 21480 2363776279 1 21570
2363829676 2 21485 2363829714 1 21571
2365665629 0 7721 2365665747 1 21596
2370824809 1 21670 2370824846 2 21490
2371104749 2 21502 2371104790 1 21674
2371266406 2 21505 2371266441 1 21675
2371328566 2 21507 2371328600 1 21676
2371511577 2 21530 2371511611 1 21679
2371709747 2 21549 2371709783 1 21682
2371955595 2 21583 2371955629 1 21686
2373519437 0 7740 2373519554 1 21708
2379653589 2 21632 2379653620 1 21791
2379740226 2 21639 2379740261 1 21792
2379994412 2 21662 2379994446 1 21796
2380433453 2 21694 2380433487 1 21799
2387689208 2 21703 2387689238 1 21905
2387800278 1 21906 2387800420 2 21711
2388042255 2 21729 2388042285 1 21911
2388547461 2 21784 2388547492 1 21917
2392677788 0 7793 2392677906 1 21975
2396661729 2 21879 2396661761 1 22029
2396823192 2 21892 2396823226 1 22031
2397087586 2 21911 2397087617 1 22035
2398741113 0 7818 2398741227 1 22056
2404454057 2 21935 2404454091 1 22135
2404570562 2 21939 2404570595 1 22137
2404888732 2 21967 2404888766 1 22140
2405115723 2 21991 2405115756 1 22142
2405125311 2 21992 2405125343 1 22143
2405260796 0 7838 2405260880 2 22008
2405481410 2 22031 2405481441 1 22148
2406138710 0 7841 2406138827 1 22159
2409073683 0 7847 2409073802 1 22201
2413208283 0 7858 2413208368 2 22068
2413221942 0 7859 2413222025 2 22069
2421374605 0 7888 2421374688 2 22155
2421784506 0 7891 2421784591 2 22192
2471203636 0 8021 2471203723 2 22259
2471464287 2 22277 2471464318 1 22303
2471522136 2 22280 2471522169 1 22304
2471739556 2 22305 2471739590 1 22306
2473035020 0 8027 2473035138 1 22319
2476593884 0 8046 2476594005 1 22356
2477471333 0 8049 2477471449 1 22363
2479538354 2 22325 2479538384 1 22385
2479673817 2 22333 2479673850 1 22386
2479909000 2 22350 2479909033 1 22389
2480010762 2 22356 2480010821 1 22390
2480268707 2 22382 2480268746 1 22393
2487658468 2 22402 2487658606 1 22466
2488063478 2 22427 2488063512 1 22470
2488501531 2 22468 2488501562 1 22475
2495523634 0 8112 2495523751 1 22570
2496027700 0 8114 2496027784 2 22487
2496225419 2 22491 2496225453 1 22579
2496333527 2 22497 2496333559 1 22580
2496406105 2 22504 2496406136 1 22581
2496616247 0 8118 2496616332 2 22525 2496616366 1 22583
2496812951 2 22544 2496812985 1 22585
2497637039 0 8120 2497637184 1 22596
2504469815 2 22594 2504469847 1 22689
2504728978 2 22616 2504729012 1 22692
2504835706 0 8145 2504835791 2 22624
2504946516 2 22632 2504946658 1 22696
2505044510 2 22642 2505044542 1 22697
2505064101 0 8146 2505064188 2 22644
2505079333 2 22646 2505079368 1 22698
2505281691 2 22673 2505281724 1 22701
2506666057 0 8153 2506666177 1 22718
2512883272 2 22715 2512883302 1 22797
2513452336 0 8180 2513452454 1 22805
2513726234 2 22776 2513726267 1 22809
2514161561 0 8185 2514161678 1 22813
2516898384 0 8191 2516898505 1 22852
2521221753 2 22800 2521221786 1 22910
2521443544 2 22816 2521443578 1 22913
2521466014 2 22819 2521466048 1 22914
2521709962 2 22843 2521709995 1 22917
2521923919 2 22872 2521923951 1 22921
2522100471 2 22890 2522100505 1 22923
2523697218 0 8210 2523697337 1 22944
2524631861 0 8215 2524631982 1 22957
2529458049 2 22905 2529458083 1 23020
2529714046 2 22919 2529714072 1 23023
2529936898 2 22936 2529936933 1 23027
2530155162 2 22961 2530155194 1 23030
2530313588 2 22976 2530313622 1 23032
2530375108 2 22983 2530375140 1 23033
2535751928 0 8245 2535752048 1 23107
2536951446 0 8249 2536951561 1 23125
2537656433 2 23004 2537656467 1 23131
2537930952 0 8255 2537931035 2 23015
2537938632 2 23016 2537938668 1 23136
2538254443 2 23045 2538254473 1 23140
2538533713 2 23069 2538533745 1 23144
2538537331 2 23070 2538537435 1 23145
2538627588 2 23077 2538627619 1 23146
2544972314 0 8273 2544972434 1 23230
2546448582 2 23125 2546448616 1 23250
2546568460 2 23133 2546568494 1 23251
2546606715 2 23139 2546606749 1 23253
2546759712 2 23152 2546759746 1 23254
2547090843 2 23184 2547090876 1 23259
2547128672 2 23188 2547128705 1 23260
2554782585 2 23222 2554782616 1 23365
2554969634 2 23235 2554969668 1 23368
2555032302 2 23242 2555032335 1 23369
2555121423 2 23255 2555121458 1 23370
2555167931 0 8300 2555168014 2 23260
2555197917 2 23264 2555197949 1 23371
2555301383 0 8301 2555301470 2 23279
2555321340 2 23282 2555321371 1 23373
2558080232 0 8307 2558080348 1 23412
2562800445 2 23319 2562800479 1 23474
2562805643 2 23320 2562805676 1 23475
2563352634 2 23363 2563352666 1 23482
2563428492 2 23372 2563428527 1 23483
2563494206 2 23379 2563494237 1 23484
2563574627 0 8331 2563574709 2 23390
2563760711 2 23411 2563760744 1 23487
2570022473 0 8355 2570022592 1 23568
2571260583 0 8363 2571260666 2 23435
2571349024 0 8364 2571349110 2 23439
2571606702 2 23457 2571606734 1 23586
2571672686 2 23465 2571672718 1 23587
2571918204 2 23493 2571918239 1 23591
2571966952 2 23501 2571966991 1 23592
2572131678 2 23518 2572131711 1 23595
2572231880 2 23528 2572231913 1 23596
2577913998 0 8383 2577914116 1 23670
2579430449 2 23540 2579430522 1 23689
2579840495 1 23696 2579840604 2 23571
2579928015 2 23576 2579928047 1 23697
2580077208 2 23585 2580077240 1 23700
2580169372 0 8388 2580169457 2 23597
2580184974 2 23599 2580185009 1 23701
2580215095 2 23602 2580215122 1 23702
2580357846 2 23615 2580357878 1 23704
2581870488 0 8394 2581870606 1 23724
2581888815 0 8395 2581888933 1 23725
2587772974 2 23642 2587773008 1 23801
2587853439 2 23645 2587853474 1 23802
2587963754 2 23648 2587963758 1 23804
2587972055 2 23649 2587972089 1 23805
2588093405 2 23658 2588093438 1 23806
2588268838 0 8418 2588268920 2 23674
2588455879 2 23686 2588455913 1 23811
2588713906 2 23718 2588713938 1 23816
2588782300 2 23725 2588782334 1 23817
2591773601 0 8425 2591773718 1 23860
2594994681 0 8432 2594994800 1 23905
2596277923 2 23755 2596277956 1 23921
2596724488 2 23792 2596724522 1 23928
2597082205 2 23830 2597082237 1 23933
2597205326 2 23838 2597205360 1 23935
2605272071 2 23910 2605272207 0 8460
2654660578 2 23968 2654660607 1 23969
2654747339 1 23970 2654747346 2 23972
2663165938 2 24005 2663165968 1 24056
2663265395 2 24013 2663265429 1 24057
2663667881 2 24056 2663667915 1 24061
2670116676 0 8684 2670116796 1 24128
2671407265 2 24095 2671407292 1 24141
2671892864 2 24141 2671892897 1 24146
2671957082 2 24147 2671957113 1 24147
2674337372 0 8701 2674337492 1 24172
2679196308 2 24155 2679196342 1 24222
2679585929 0 8721 2679586014 2 24166
2679732699 2 24174 2679732731 1 24227
2679828968 2 24181 2679828994 1 24228
2680089656 2 24202 2680089688 1 24231
2680280931 2 24222 2680280963 1 24233
2680355192 2 24229 2680355225 1 24234
2687842225 0 8742 2687842343 1 24339
2688085484 2 24263 2688085511 1 24341
2688103151 2 24264 2688103184 1 24342
2688157691 2 24268 2688157724 1 24343
2688471701 2 24297 2688471732 1 24347
2688578967 2 24307 2688578999 1 24349
2688808496 2 24333 2688808529 1 24353
2688901641 2 24340 2688901677 1 24354
2691881785 1 24393 2691881933 0 8757
2696251274 2 24352 2696251304 1 24456
2696436769 2 24364 2696436803 1 24459
2696506876 2 24367 2696506904 1 24460
2696596900 2 24373 2696596933 1 24461
2696606106 2 24374 2696606134 1 24462
2704563011 2 24448 2704563044 1 24573
2704847696 2 24474 2704847725 1 24577
2704974993 0 8793 2704975077 2 24485
2705196248 0 8794 2705196334 2 24508
2705425016 0 8796 2705425101 2 24530
2712644217 2 24546 2712644253 1 24684
2712849865 0 8818 2712849948 2 24558
2712902722 2 24563 2712902757 1 24688
2713051881 2 24570 2713051905 0 8821
2713148413 2 24574 2713148445 1 24691
2713283703 2 24586 2713283738 1 24693
2713496658 2 24605 2713496694 1 24695
2713577426 2 24617 2713577458 1 24696
2713896713 2 24644 2713896746 1 24701
2721215006 2 24657 2721215040 1 24802
2721914395 2 24724 2721914426 1 24812
2721965467 2 24734 2721965504 1 24813
2722129122 2 24747 2722129154 1 24816
2729996369 0 8880 2729996454 2 24796
2730101133 2 24810 2730101164 1 24920
2737719982 2 24861 2737720017 1 25026
2738294008 2 24892 2738294039 1 25033
2738371823 0 8905 2738371906 2 24899
2738487566 2 24907 2738487606 1 25035
2738565493 2 24919 2738565526 1 25036
2738652662 0 8907 2738652748 2 24929
2738825483 1 25039 2738825501 2 24951
2738915855 2 24956 2738915889 1 25041
2746579238 2 24996 2746579269 1 25145
2746664167 2 25006 2746664201 1 25146
2746953114 2 25027 2746953138 1 25150
2747112292 2 25046 2747112324 1 25153
2747187529 2 25049 2747187554 1 25154
2754675834 2 25075 2754675868 1 25260
2754791019 2 25084 2754791050 1 25261
2754866576 2 25088 2754866606 1 25262
2754991440 2 25095 2754991476 1 25264
2755081426 2 25110 2755081458 1 25266
2755433993 2 25153 2755434024 1 25271
2759129937 0 8964 2759130056 1 25320
2762926068 2 25182 2762926099 1 25370
2763131796 2 25195 2763131825 1 25372
2763248473 2 25205 2763248503 1 25374
2763433480 2 25223 2763433512 1 25377
2763685400 2 25252 2763685435 1 25381
2763799162 2 25260 2763799194 1 25383
2771398265 2 25286 2771398299 1 25483
2771535298 2 25296 2771535333 1 25485
2771632266 2 25302 2771632298 1 25486
2771814268 2 25322 2771814306 1 25489
2771832366 0 9018 2771832450 2 25324
2771882144 2 25330 2771882176 1 25490
2771963819 2 25336 2771963854 1 25491
2771972893 2 25337 2771972953 0 9020
2772034290 2 25346 2772034324 1 25492
2772116918 0 9021 2772117001 2 25358
2772316793 2 25370 2772316826 1 25495
2779231783 2 25374 2779231817 1 25590
2779613051 2 25385 2779613085 1 25596
2779673683 2 25389 2779673714 1 25597
2779757456 2 25393 2779757489 1 25598
2779817554 2 25395 2779817585 1 25599
2780045438 2 25421 2780045472 1 25603
2780121690 2 25426 2780121721 1 25604
2780369853 0 9047 2780369937 2 25458
2780446694 2 25467 2780446729 1 25609
2787759276 0 9070 2787759357 2 25487
2787845838 0 9071 2787845871 2 25491
2788853939 0 9075 2788854025 2 25568
2846423352 2 25692 2846423383 1 25733
2846535747 2 25700 2846535778 1 25734
2846894489 2 25730 2846894520 1 25738
2854521776 0 9290 2854521860 2 25754
2854962833 2 25789 2854962864 1 25820
2855243627 2 25818 2855243658 1 25823
2857021490 1 25841 2857021567 0 9299
2862920248 2 25843 2862920281 1 25902
2863465656 2 25884 2863465689 1 25908
2863606711 0 9323 2863606796 2 25901
2870286231 0 9344 2870286350 1 25992
2871556666 2 25944 2871556700 1 26005
2871578656 2 25945 2871578690 1 26006
2871894365 2 25972 2871894399 1 26012
2871943535 2 25978 2871943562 1 26013
2872284091 0 9352 2872284175 2 26013
2872330404 2 26015 2872330434 1 26016
2875553406 0 9365 2875553519 1 26056
2879452522 0 9380 2879452638 1 26109
2879535723 2 26026 2879535755 1 26110
2879904717 2 26048 2879904750 1 26115
2880425063 2 26092 2880425095 1 26123
2888015055 2 26117 2888015085 1 26225
2888179678 2 26131 2888179710 1 26228
2888203416 2 26134 2888203453 1 26229
2888336043 2 26143 2888336076 1 26230
2888463897 2 26156 2888463929 1 26232
2888625108 2 26173 2888625142 1 26235
2888757291 2 26187 2888757327 1 26237
2888838740 2 26194 2888838774 1 26238
2888885522 2 26195 2888885555 1 26239
2888935157 2 26201 2888935187 1 26240
2890241449 0 9410 2890241566 1 26257
2896140349 2 26216 2896140381 1 26336
2896144894 1 26337 2896144954 2 26217
2896303357 2 26225 2896303391 1 26339
2896424773 2 26235 2896424803 1 26341
2896451663 2 26240 2896451697 1 26342
2896620395 2 26250 2896620427 1 26344
2896639918 2 26252 2896639948 1 26345
2896757340 0 9434 2896757458 1 26347
2896890300 2 26270 2896890331 1 26348
2897114151 2 26288 2897114186 1 26351
2897252226 2 26301 2897252260 1 26352
2897317780 2 26304 2897317815 1 26354
2897980360 0 9440 2897980478 1 26362
2900907003 0 9450 2900907119 1 26400
2904355472 1 26443 2904355539 2 26308
2904611597 2 26320 2904611629 1 26446
2904745651 2 26328 2904745682 1 26448
2904891991 0 9466 2904892077 2 26341
2904924433 0 9467 2904924516 2 26343
2905022986 2 26349 2905023020 1 26451
2905469883 2 26400 2905469918 1 26458
2905599956 2 26410 2905599986 1 26460
2906610011 0 9471 2906610129 1 26470
2913014666 2 26426 2913014698 1 26558
2913498797 2 26471 2913498829 1 26565
2913527181 1 26566 2913527203 2 26473
2913579023 2 26484 2913579056 1 26567
2913700911 2 26493 2913700946 1 26569
2913949853 2 26515 2913949886 1 26572
2921445599 2 26540 2921445629 1 26670
2921718153 0 9523 2921718236 2 26561
2921873841 2 26574 2921873871 1 26676
2922075909 2 26598 2922075941 1 26679
2922190688 2 26611 2922190722 1 26681
2922276337 2 26623 2922276372 1 26682
2928879596 0 9545 2928879712 1 26768
2929345197 2 26628 2929345230 1 26775
2929460217 2 26635 2929460249 1 26777
2929693427 2 26644 2929693461 1 26778
2929965561 2 26665 2929965593 1 26782
2930044003 2 26674 2930044034 1 26784
2930135027 2 26681 2930135059 1 26785
2930229419 2 26692 2930229453 1 26786
2930338772 2 26703 2930338806 1 26787
2930397504 2 26711 2930397536 1 26789
2930533088 2 26723 2930533124 1 26791
2932289261 0 9560 2932289377 1 26813
2937997493 2 26744 2937997527 1 26885
2938104533 2 26752 2938104562 1 26887
2938365456 2 26771 2938365491 1 26891
2938576672 2 26790 2938576705 1 26893
2938808090 2 26821 2938808165 0 9589
2938943965 2 26836 2938943997 1 26899
2945957670 2 26844 2945957802 1 26992
2946624496 2 26872 2946624529 1 26999
2946699563 2 26881 2946699596 1 27000
2952380056 0 9640 2952380174 1 27074
2952583481 0 9641 2952583598 1 27077
2954457869 2 26940 2954457905 1 27101
2955036094 2 26971 2955036129 1 27109
2963435453 2 27104 2963435484 1 27219
2963494808 2 27110 2963494840 1 27220
2963570758 2 27119 2963570789 1 27221
2963636264 2 27127 2963636296 1 27222
2963821595 2 27144 2963821625 1 27225
2963952523 2 27150 2963952554 1 27227
2964017964 2 27154 2964017997 1 27228
2970931435 2 27157 2970931545 1 27317
2971435727 2 27177 2971435761 1 27325
2971552959 2 27198 2971552990 1 27327
2971558063 0 9728 2971558150 2 27199
2971672267 2 27202 2971672300 1 27328
2971722667 0 9729 2971722783 1 27329
2972014940 2 27243 2972014972 1 27333
2972078168 0 9732 2972078253 2 27250
2972106228 2 27254 2972106262 1 27334
2979886934 0 9763 2979887018 2 27307
2979996456 0 9764 2979996540 2 27317
3035412643 1 27423 3035412729 0 9951
3038168029 2 27410 3038168063 1 27451
3038256659 0 9962 3038256743 2 27413
3038384661 0 9963 3038384745 2 27424
3038561702 0 9964 3038561785 2 27439
3038565995 2 27440 3038566027 1 27455
3038634765 0 9965 3038634846 2 27449
3045556001 0 9992 3045556119 1 27526
3046305922 2 27481 3046305952 1 27533
3046758357 2 27517 3046758391 1 27538
3046935352 0 10000 3046935473 1 27540
3054743426 2 27556 3054743455 1 27621
3054854294 2 27565 3054854328 1 27622
3054962094 2 27575 3054962127 1 27623
3055097675 2 27587 3055097708 1 27625
3055337702 2 27610 3055337734 1 27627
3055400795 0 10025 3055400876 2 27616
3055438015 0 10026 3055438100 2 27621
3055631265 2 27632 3055631297 1 27629
3062893504 2 27647 3062893537 1 27720
3062970775 2 27649 3062970806 1 27721
3063355908 2 27678 3063355940 1 27727
3063416420 2 27684 3063416452 1 27728
3063565206 0 10044 3063565290 2 27703
3063583409 2 27705 3063583441 1 27729
3063738025 2 27717 3063738059 1 27730
3063943185 2 27734 3063943216 1 27734
3071284932 2 27748 3071284960 1 27838
3071475294 2 27763 3071475328 1 27841
3071559506 2 27769 3071559538 1 27842
3072007407 2 27820 3072007439 1 27848
3072088709 2 27829 3072088742 1 27849
3079830097 2 27865 3079830128 1 27959
3080097085 2 27890 3080097115 1 27960
3080116081 2 27893 3080116114 1 27961
3080196892 2 27901 3080196927 1 27963
3080263755 2 27904 3080263784 1 27964
3080476849 2 27928 3080476950 1 27967
3080602276 2 27936 3080602310 1 27969
3080642063 2 27940 3080642116 1 27970
3082412135 0 10093 3082412249 1 27995
3083937900 0 10101 3083937915 1 28014
3088138763 2 27961 3088138795 1 28071
3088243545 2 27966 3088243575 1 28073
3088353462 2 27982 3088353496 1 28074
3088474793 2 27993 3088474827 1 28076
3088817870 2 28038 3088817902 1 28081
3089065041 2 28053 3089065073 1 28085
3096375807 2 28065 3096375839 1 28187
3096541442 2 28075 3096541472 1 28189
3096559474 2 28079 3096559507 1 28190
3096702969 2 28089 3096702998 1 28191
3096853647 2 28100 3096853681 1 28194
3096981988 2 28109 3096982023 1 28195
3103577890 0 10157 3103578007 1 28288
3104738751 2 28162 3104738789 1 28306
3104789249 2 28166 3104789282 1 28307
3104991292 2 28178 3104991326 1 28310
3105022327 2 28179 3105022362 1 28311
3105199413 2 28197 3105199447 1 28314
3105535475 2 28236 3105535509 1 28319
3105554713 2 28237 3105554743 1 28320
3105578180 0 10158 3105578263 2 28239
3111573790 0 10181 3111573907 1 28402
3113158606 2 28261 3113158642 1 28422
3113217225 2 28266 3113217261 1 28423
3113276174 2 28275 3113276204 1 28424
3113405349 2 28287 3113405383 1 28425
3113480445 2 28296 3113480479 1 28427
3113593540 2 28310 3113593571 1 28429
3113717860 2 28319 3113717892 1 28430
3113866809 2 28334 3113866839 1 28433
3114352643 0 10190 3114352761 1 28438
3121413585 2 28362 3121413616 1 28537
3121622044 2 28375 3121622074 1 28540
3121787704 2 28386 3121787735 1 28543
3121875689 2 28399 3121875725 1 28544
3121898791 0 10214 3121898873 2 28403
3122014257 2 28417 3122014289 1 28546
3129519758 2 28467 3129519791 1 28643
3129633708 2 28472 3129633738 1 28646
3129788796 2 28484 3129788829 1 28648
3129986401 2 28493 3129986432 1 28650
3130051601 2 28499 3130051634 1 28651
3130082471 2 28503 3130082504 1 28652
3130233440 2 28518 3130233473 1 28654
3130488469 2 28540 3130488501 1 28656
3138087650 2 28577 3138087676 1 28763
3138465237 2 28619 3138465271 1 28769
3138778700 2 28643 3138778731 1 28771
3139096118 2 28664 3139096151 1 28776
3146294109 0 10306 3146294188 2 28677
3146336576 2 28679 3146336610 1 28874
3146771877 2 28715 3146771910 1 28878
3146985986 2 28731 3146986018 1 28881
3147064590 0 10311 3147064675 2 28737
3147281414 2 28756 3147281448 1 28885
3154344303 2 28762 3154344335 1 28983
3154683468 0 10336 3154683552 2 28777
3155017979 2 28798 3155018006 1 28992
3155141295 2 28807 3155141388 1 28993
3155278477 2 28817 3155278508 1 28995
3155301052 2 28821 3155301085 1 28996
3155321402 2 28826 3155321436 1 28997
3155439102 2 28845 3155439134 1 28999
3160769634 0 10349 3160769652 1 29076
3221248471 2 29096 3221248507 1 29146
3221427711 2 29109 3221427742 1 29148
3221536291 2 29114 3221536324 1 29149
3221600357 2 29119 3221600392 1 29150
3221663465 0 10545 3221663550 2 29124
3221954220 2 29149 3221954252 1 29154
3229582982 0 10568 3229583068 2 29167
3230164384 2 29205 3230164415 1 29237
3236667821 0 10597 3236667940 1 29303
3238131919 2 29278 3238131953 1 29318
3238307792 2 29293 3238307824 1 29320
3238367560 0 10602 3238367645 2 29300
3238420544 2 29306 3238420578 1 29321
3243150438 0 10618 3243150557 1 29375
3246227039 0 10630 3246227125 2 29338
3246677226 2 29358 3246677261 1 29423
3246820574 2 29371 3246820610 1 29425
3246845473 2 29374 3246845504 1 29426
3247080734 0 10631 3247080820 2 29404
3247154591 2 29411 3247154626 1 29429
3247378669 2 29430 3247378704 1 29431
3254791880 0 10657 3254791962 2 29450
3255147689 2 29474 3255147722 1 29537
3255443721 2 29505 3255443753 1 29540
3255671839 2 29532 3255671873 1 29543
3256594657 0 10660 3256594775 1 29558
3262740509 0 10680 3262740627 1 29638
3263342872 2 29571 3263342907 1 29646
3263630417 0 10687 3263630500 2 29603
3263781011 2 29617 3263781044 1 29650
3264151521 0 10690 3264151640 1 29655
3271107868 2 29640 3271107902 1 29742
3271297248 2 29646 3271297282 1 29745
3271621674 2 29665 3271621704 1 29750
3271905001 2 29691 3271905033 1 29754
3272075737 2 29717 3272075771 1 29757
3279578521 2 29761 3279578553 1 29857
3280060366 2 29789 3280060396 1 29864
3280639831 2 29849 3280639865 1 29870
3280694796 2 29855 3280694829 1 29871
3286117583 0 10760 3286117701 1 29951
3287960876 2 29868 3287961004 0 10766
3288294503 0 10767 3288294588 2 29884
3288399534 2 29896 3288399567 1 29982
3288618958 2 29915 3288618990 1 29984
3288981211 2 29946 3288981242 1 29986
3289067883 2 29951 3289067914 1 29987
3296421310 2 29971 3296421338 1 30087
3296467728 2 29975 3296467766 1 30088
3296538220 2 29982 3296538253 1 30089
3296736327 2 29998 3296736362 1 30091
3296761086 2 30000 3296761118 1 30092
3296842022 1 30094 3296842066 2 30010
3296978610 2 30023 3296978648 1 30095
3302457747 0 10813 3302457865 1 30170
3302718725 0 10814 3302718842 1 30173
3305302463 2 30123 3305302495 1 30209
3305366970 2 30129 3305367001 1 30210
3305510796 2 30141 3305510830 0 10821
3312958790 2 30162 3312958819 1 30308
3313040063 2 30167 3313040095 1 30310
3313046536 0 10854 3313046621 2 30168
3313214232 2 30180 3313214264 1 30312
3313365360 2 30189 3313365390 1 30314
3313482988 2 30203 3313483017 1 30316
3313579857 2 30211 3313579889 1 30317
3313790567 2 30230 3313790600 1 30319
3321419553 2 30270 3321419583 1 30420
3321696223 2 30288 3321696257 1 30424
3321985700 2 30313 3321985731 1 30429
3326697501 0 10898 3326697619 1 30490
3329438214 2 30355 3329438249 1 30524
3329494798 2 30357 3329494832 1 30525
3329674609 0 10909 3329674693 2 30364
3329875938 2 30376 3329875967 1 30530
3330360205 2 30419 3330360235 1 30537
3330430773 2 30427 3330430805 1 30538
3330470948 2 30432 3330470983 1 30539
3330587075 2 30439 3330587107 1 30541
3330761211 2 30455 3330761245 1 30542
3330852448 0 10914 3330852566 1 30543
3338065329 0 10947 3338065415 2 30469
3338171487 2 30479 3338171517 1 30638 3338171521 0 10948
3338415665 2 30499 3338415695 1 30642
3338538006 0 10949 3338538089 2 30515
3338699086 2 30532 3338699119 1 30646
3346258452 2 30578 3346258487 1 30743
3346389756 2 30584 3346389787 1 30744
3346411698 2 30586 3346411729 1 30745
3346610666 0 10975 3346610751 2 30597
3346714698 2 30606 3346714729 1 30749
3346742866 2 30608 3346742901 1 30750
3346809030 2 30615 3346809064 1 30751
3347009509 2 30631 3347009542 1 30754
3347064977 2 30638 3347065008 1 30755
3347159436 2 30651 3347159466 1 30757
3349884421 0 10979 3349884540 1 30794
3354926956 0 10993 3354927043 2 30698
3355213454 0 10994 3355213539 2 30718
3355782225 0 10997 3355782230 2 30771
3405080894 2 30805 3405080928 1 30802
3413211325 2 30835 3413211355 1 30886
3413476520 0 11176 3413476605 2 30854
3413498001 2 30856 3413498036 1 30889
3413700995 2 30874 3413701028 1 30891
3413800676 0 11179 3413800761 2 30886
3421249017 0 11199 3421249138 1 30969
3421396667 0 11201 3421396753 2 30913
3421426106 2 30915 3421426138 1 30971
3421524454 2 30924 3421524485 1 30972
3421705075 2 30941 3421705106 1 30974
3421796667 2 30952 3421796695 1 30975
3422062796 2 30980 3422062831 1 30978
3429878632 0 11227 3429878717 2 31000
3430012158 2 31008 3430012186 1 31063
3430504866 2 31055 3430504899 1 31069
3430551336 0 11232 3430551419 2 31059
3437597013 0 11255 3437597132 1 31163
3438065456 2 31084 3438065491 1 31167
3438325769 2 31095 3438325803 1 31170
3438364242 2 31100 3438364274 1 31171
3438556487 2 31116 3438556633 1 31173
3438565619 2 31118 3438565653 1 31174
3438707534 0 11257 3438707653 1 31177
3446717118 2 31194 3446717149 1 31278
3446755228 2 31195 3446755259 1 31279
3446826551 2 31200 3446826583 1 31280
3447006797 2 31216 3447006829 1 31283
3447081753 2 31223 3447081784 1 31284
3447355191 2 31253 3447355226 1 31288
3447402926 2 31257 3447402961 1 31289
3451996123 0 11308 3451996243 1 31346
3454929383 2 31280 3454929414 1 31386
3455066842 2 31290 3455066876 1 31387
3455157268 0 11321 3455157349 2 31301
3455178824 2 31302 3455178858 1 31389
3455432353 2 31338 3455432384 1 31393
3455532311 2 31353 3455532345 1 31395
3455598690 2 31363 3455598720 1 31396
3458345428 0 11328 3458345547 1 31435
3460900806 0 11335 3460900924 1 31472
3463398395 2 31405 3463398428 1 31504
3463480878 0 11347 3463480961 2 31415
3463541838 2 31419 3463541870 1 31506
3463815419 2 31457 3463815452 1 31510
3468597379 0 11357 3468597494 1 31577
3471557243 2 31494 3471557282 1 31619
3471675435 2 31500 3471675469 1 31620
3471843360 2 31517 3471843391 1 31623
3471952912 0 11366 3471952996 2 31528
3471965783 2 31530 3471965816 1 31625
3472062984 0 11367 3472063068 2 31539
3472156788 2 31551 3472156824 1 31627
3472314965 2 31565 3472314997 1 31629
3472392943 2 31567 3472392973 1 31631
3472481035 2 31570 3472481071 1 31632
3473855439 0 11373 3473855555 1 31652
3474712513 0 11376 3474712631 1 31660
3478815096 0 11390 3478815217 1 31716
3479637939 2 31582 3479637974 1 31727
3479716501 2 31585 3479716544 1 31728
3479872813 0 11396 3479872898 2 31598
3480009374 2 31604 3480009404 1 31731
3480095743 2 31611 3480095774 1 31733
3480169824 2 31619 3480169857 1 31734
3480273867 2 31631 3480273902 1 31736
3480334604 2 31635 3480334638 1 31737
3480456429 2 31648 3480456463 1 31739
3480552488 2 31659 3480552520 1 31740
3480563689 2 31661 3480563721 1 31741
3480631760 2 31670 3480631795 1 31742
3483562318 0 11408 3483562435 1 31779
3488027235 2 31690 3488027269 1 31841
3488158426 2 31698 3488158457 1 31844
3488203988 2 31703 3488204023 1 31845
3488284933 2 31711 3488284964 1 31846
3488435240 2 31728 3488435275 1 31848
3488576533 2 31743 3488576565 1 31850
3488595853 2 31746 3488595963 1 31851
3488820356 2 31764 3488820498 0 11422
3488901022 2 31776 3488901056 1 31855
3489046323 2 31788 3489046357 1 31856
3496469016 0 11448 3496469100 2 31811
3496600485 0 11451 3496600566 2 31817
3496628354 2 31819 3496628388 1 31961
3496800036 2 31835 3496800067 1 31963
3496943241 2 31847 3496943273 1 31965
3497210414 2 31870 3497210445 1 31969
3502877842 0 11468 3502877957 1 32048
3504668221 2 31897 3504668254 1 32069
3504804227 2 31909 3504804256 1 32071
3504963579 0 11482 3504963666 2 31920
3505062610 2 31927 3505062644 1 32074
3505074545 2 31928 3505074577 1 32075
3505106154 0 11485 3505106243 2 31932
3505207821 2 31939 3505207855 1 32076
3505686607 0 11487 3505686693 2 31985
3513130204 2 32009 3513130233 1 32185
3513168104 1 32186 3513168114 2 32012
3513392036 2 32031 3513392070 1 32190
3513442041 2 32034 3513442075 1 32191
3513551072 2 32042 3513551106 1 32192
3513680422 2 32055 3513680456 1 32195
3513756016 0 11502 3513756100 2 32065
3513837621 0 11503 3513837706 2 32072
3513927745 0 11505 3513927830 2 32082
3514097009 0 11508 3514097092 2 32092
3521566546 2 32116 3521566579 1 32297
3521784256 2 32137 3521784290 1 32300
3521993501 2 32157 3521993533 1 32304
3522083511 2 32167 3522083543 1 32305
3522499429 2 32201 3522499460 1 32307
3522901511 0 11535 3522901631 1 32311
3523567256 0 11537 3523567375 1 32323
3526309979 0 11550 3526310096 1 32355
3530129028 2 32245 3530129058 1 32408
3530181602 2 32251 3530181635 1 32409
3530270707 2 32265 3530270739 1 32410
3530376754 2 32274 3530376790 1 32412
3531149196 0 11565 3531149314 1 32423
3533396384 0 11570 3533396502 1 32455
3538986970 0 11584 3538987053 2 32394
3596464434 0 11757 3596464472 2 32525
3596628488 2 32540 3596628518 1 32549
3599483059 0 11773 3599483178 1 32578
3604786697 2 32573 3604786731 1 32633
3604966166 2 32585 3604966198 1 32634
3605090005 2 32596 3605090037 1 32636
3605263894 2 32610 3605263929 1 32638
3605360877 2 32628 3605360913 1 32639
3613162793 2 32658 3613162824 1 32718
3613336515 2 32665 3613336546 1 32720
3613552513 2 32686 3613552542 1 32722
3613742482 0 11826 3613742568 2 32706 3613742601 1 32724
3613865816 2 32718 3613865851 1 32726
3613943330 2 32726 3613943364 1 32727
3615722821 0 11838 3615722938 1 32744
3619862359 0 11854 3619862478 1 32791
3621514498 2 32742 3621514529 1 32811
3621752040 2 32758 3621752070 1 32815
3621839821 0 11862 3621839906 2 32766
3622001623 2 32783 3622001659 1 32819
3622336183 2 32825 3622336218 1 32822
3626772899 0 11889 3626773015 1 32880
3629935032 2 32848 3629935062 1 32919
3630054842 2 32863 3630054873 1 32921
3630585505 2 32904 3630585540 1 32928
3630598730 2 32906 3630598765 1 32929
3633223669 0 11917 3633223680 1 32965
3635496538 0 11928 3635496657 1 32994
3637891404 2 32932 3637891437 1 33028
3638084504 0 11934 3638084590 2 32942
3638427054 2 32966 3638427089 1 33036
3638445724 2 32969 3638445755 1 33037
3638680449 1 33039 3638680529 2 32990
3639147242 2 33025 3639147276 1 33046
3639575380 0 11939 3639575500 1 33053
3646547436 2 33047 3646547471 1 33147
3647171696 2 33084 3647171732 1 33155
3647208867 2 33087 3647208901 1 33156
3647243320 2 33090 3647243354 1 33157
3650171803 0 11979 3650171920 1 33195
3654546119 0 11994 3654546204 2 33112
3654878187 2 33123 3654878217 1 33259
3654911996 0 11998 3654912081 2 33127
3654975331 2 33130 3654975365 1 33260
3655038553 2 33137 3655038584 1 33261
3655135381 0 11999 3655135464 2 33143
3655181486 2 33149 3655181516 1 33263
3655308028 2 33160 3655308061 1 33264
3655332013 0 12001 3655332096 2 33166
3655368498 2 33168 3655368530 1 33265
3655427243 2 33176 3655427278 1 33266
3655665490 0 12003 3655665495 2 33201
3660840208 0 12021 3660840324 1 33341
3662711605 2 33220 3662711637 1 33364
3663187525 2 33235 3663187558 1 33370
3663261006 2 33240 3663261037 1 33372
3663370547 2 33249 3663370580 1 33373
3663433797 2 33252 3663433831 1 33374
3663476192 0 12032 3663476277 2 33257
3663534365 2 33262 3663534398 1 33375
3663556775 0 12033 3663556859 2 33263
3663664202 0 12034 3663664286 2 33281
3664155114 2 33318 3664155148 1 33384
3669186047 0 12059 3669186164 1 33451
3671216403 2 33323 3671216436 1 33476
3671339158 2 33329 3671339185 1 33478
3671821027 2 33356 3671821052 1 33485
3671847643 2 33359 3671847685 1 33486
3671915371 1 33487 3671915419 2 33367
3672089448 2 33387 3672089480 1 33490
3672226143 2 33402 3672226179 1 33492
3672287160 0 12069 3672287252 2 33409
3673933285 0 12073 3673933403 1 33516
3674875006 0 12078 3674875119 1 33528
3677457910 0 12090 3677458027 1 33564
3679855649 2 33436 3679855683 1 33596
3679897736 2 33440 3679897768 1 33597
3679960077 2 33444 3679960110 1 33598
3680276777 2 33470 3680276808 1 33603
3680341306 2 33476 3680341338 1 33604
3680509942 2 33492 3680509974 1 33606
3683822712 0 12108 3683822829 1 33652
3688356491 0 12123 3688356573 2 33554
3688535520 2 33564 3688535552 1 33715
3688899509 2 33602 3688899541 1 33721
3688906213 0 12124 3688906297 2 33603
3689247261 2 33631 3689247296 1 33724
3691250226 0 12130 3691250342 1 33753
3696317761 2 33637 3696317793 1 33825
3696543816 0 12144 3696543901 2 33646
3696547237 2 33647 3696547268 1 33828
3696596454 2 33648 3696596492 1 33829
3696680847 2 33654 3696680883 1 33830
3696786700 0 12146 3696786785 2 33662
3696808154 2 33664 3696808185 1 33831
3696964499 2 33677 3696964532 1 33833
3697384638 2 33712 3697384672 1 33838
3698181032 0 12152 3698181148 1 33850
3698349382 0 12153 3698349500 1 33852
3698890947 0 12156 3698891068 1 33858
3701109642 0 12163 3701109763 1 33889
3705247371 0 12173 3705247457 2 33766
3705321426 2 33775 3705321460 1 33949
3705370855 2 33781 3705371004 0 12174
3705531634 2 33802 3705531667 1 33951
3705604563 2 33810 3705604596 1 33952
3705652776 2 33816 3705652811 1 33953
3712206018 0 12204 3712206034 1 34040
3713193048 2 33849 3713193078 1 34054
3713294310 2 33853 3713294343 1 34056
3713483236 2 33870 3713483266 1 34057
3713690795 2 33891 3713690828 1 34060
3713694299 2 33892 3713694331 1 34061
3713762461 0 12208 3713762544 2 33900
3713825088 2 33907 3713825123 1 34062
3713917486 2 33915 3713917517 1 34064
3715751109 0 12214 3715751226 1 34090
3716065331 0 12216 3716065445 1 34095
3721648584 2 33956 3721648617 1 34166
3721809436 2 33967 3721809469 1 34169
3722092009 2 33997 3722092044 1 34172
3722126036 2 34002 3722126070 1 34174
3722281869 2 34022 3722281902 1 34176
3722321019 2 34029 3722321051 1 34177
3722387347 0 12244 3722387432 2 34040
3722447050 2 34048 3722447081 1 34179
3724647721 0 12248 3724647837 1 34211
3729854970 0 12262 3729855056 2 34070
3787699090 0 12427 3787699206 1 34288
3788084219 2 34227 3788084254 1 34293
3788262413 0 12428 3788262496 2 34237
3788313722 2 34241 3788313752 1 34295
3788639739 2 34265 3788639772 1 34299
3788724282 2 34279 3788724337 1 34300
3788846122 2 34290 3788846157 1 34301
3788996127 2 34304 3788996160 1 34303
3796532234 0 12463 3796532320 2 34321
3796640340 2 34331 3796640374 1 34380
3796779691 0 12465 3796779723 2 34345
3796971139 2 34360 3796971174 1 34383
3796999674 2 34364 3796999708 1 34384
3797096613 2 34376 3797096653 1 34385
3797765438 0 12470 3797765555 1 34391
3800089735 0 12479 3800089853 1 34416
3804825569 2 34405 3804825602 1 34465
3804920536 2 34411 3804920566 1 34466
3805170262 2 34423 3805170296 1 34470
3805277725 0 12493 3805277810 2 34433
3805308811 2 34437 3805308849 1 34472
3805360654 2 34443 3805360755 0 12494
3805867204 2 34481 3805867236 1 34478
3808106653 0 12501 3808106772 1 34512
3813176219 2 34499 3813176251 1 34581
3813296709 2 34514 3813296743 1 34582
3813438455 2 34524 3813438490 1 34584
3813523024 2 34531 3813523057 1 34585
3813787463 0 12522 3813787546 2 34552
3821412756 2 34589 3821412786 1 34690
3821443482 2 34591 3821443513 1 34691
3821863201 0 12558 3821863287 2 34627
3822027537 2 34640 3822027568 1 34696
3822201690 2 34662 3822201723 1 34700
3829621370 2 34695 3829621404 1 34806
3829762935 2 34702 3829762970 1 34809
3830096163 2 34722 3830096194 1 34812
3830171322 2 34728 3830171355 1 34813
3830244850 2 34733 3830244885 1 34814
3830288673 2 34736 3830288705 1 34815
3830302461 0 12579 3830302544 2 34738
3830327638 2 34741 3830327671 1 34816
3830487630 2 34760 3830487654 1 34817
3830514231 2 34766 3830514264 1 34818
3830585585 2 34774 3830585616 1 34819
3830689199 2 34784 3830689231 1 34821
3838290922 2 34810 3838290955 1 34927
3838355459 2 34813 3838355489 1 34928
3838429920 2 34816 3838430047 0 12604
3838726859 2 34842 3838726891 1 34933
3838786083 0 12606 3838786171 2 34850
3838828161 2 34853 3838828197 1 34934
3838874479 2 34856 3838874510 1 34935
3839002121 2 34869 3839002150 1 34936
3839033337 2 34874 3839033370 1 34937
3839140576 2 34878 3839140610 1 34939
3846408481 2 34892 3846408514 1 35033
3846616176 2 34907 3846616213 1 35036
3846781836 2 34920 3846781867 1 35037
3846839683 2 34927 3846839718 1 35040
3847329467 2 34976 3847329499 1 35047
3847374042 1 35048 3847374069 0 12642 3847374124 2 34980
3850856457 0 12651 3850856574 1 35098
3855097827 2 35017 3855097858 1 35154
3855104665 2 35018 3855104699 1 35155
3855211497 2 35027 3855211505 1 35157
3855501124 2 35059 3855501157 1 35160
3855577210 2 35069 3855577244 1 35162
3855691173 2 35084 3855691208 1 35164
3855762582 2 35091 3855762617 1 35165
3855850059 2 35097 3855850089 1 35166
3863166318 2 35113 3863166349 1 35268
3863237542 2 35118 3863237576 1 35269
3863388385 2 35125 3863388419 1 35271
3863436019 2 35127 3863436053 1 35272
3863473708 2 35129 3863473741 1 35273
3863575769 2 35138 3863575803 1 35274
3863724214 2 35153 3863724238 1 35276
3863830948 2 35159 3863830982 1 35277
3863893986 2 35169 3863894021 1 35278
3863926554 2 35172 3863926588 1 35279
3864144208 2 35184 3864144240 1 35280
3867858995 0 12704 3867859112 1 35333
3871629087 2 35207 3871629121 1 35390
3871720615 2 35217 3871720647 1 35391
3871942302 2 35240 3871942338 1 35395
3872314853 2 35285 3872314885 1 35399
3872370144 2 35290 3872370177 1 35400
3872411080 2 35293 3872411109 1 35401
3872534041 2 35299 3872534076 1 35403
3877824125 0 12730 3877824243 1 35475
3879879328 2 35318 3879879360 1 35502
3880072570 2 35332 3880072605 1 35504
3880097963 2 35335 3880097994 1 35506
3880401920 2 35357 3880401951 1 35509
3880710285 2 35386 3880710316 1 35514
3880800527 2 35394 3880800555 1 35515
3888184768 2 35414 3888184801 1 35616
3888270818 2 35420 3888270849 1 35617
3888467782 2 35435 3888467818 1 35619
3888750643 2 35464 3888750674 1 35623
3888914665 2 35478 3888914695 1 35625
3889245422 2 35502 3889245456 1 35630
3890320341 0 12774 3890320463 1 35646
3892341064 0 12782 3892341190 1 35673
3896706356 2 35532 3896706390 1 35733
3896861425 0 12796 3896861509 2 35547
3896995501 2 35558 3896995535 1 35737
3904845375 2 35619 3904845407 1 35846
3904852563 2 35620 3904852596 1 35847
3905089034 2 35637 3905089066 1 35851
3905269951 2 35653 3905269982 1 35854
3905325571 2 35656 3905325603 1 35855
3905413886 2 35668 3905413917 1 35856
3905633075 2 35689 3905633106 1 35859
3905731403 0 12822 3905731488 2 35697
3905794928 2 35706 3905794962 1 35861
3913680021 0 12855 3913680021 2 35752
3914197499 0 12857 3914197583 2 35807
3921377979 0 12887 3921378033 2 35821
3971550562 2 35946 3971550595 1 36003
3971683546 2 35952 3971683580 1 36004
3971744948 2 35955 3971744981 1 36005
3971942489 2 35972 3971942520 1 36007
3972013017 2 35980 3972013047 1 36008
3972182855 2 36002 3972182887 1 36010
3979606938 0 13055 3979607056 1 36084
3979870402 2 36028 3979870433 1 36087
3979990205 2 36034 3979990236 1 36089
3980354288 2 36060 3980354323 1 36093
3980653852 2 36089 3980653882 1 36096
3988541347 2 36132 3988541379 1 36179
3988852142 2 36166 3988852179 1 36184
3989063162 2 36184 3989063193 1 36187
3989070784 2 36185 3989070818 1 36188
3996526660 2 36208 3996526689 1 36280
3996603118 2 36213 3996603153 1 36281
3996903890 2 36239 3996903923 1 36285
3997056126 2 36248 3997056161 1 36287
3997470516 2 36283 3997470546 1 36293
4001078288 0 13117 4001078406 1 36342
4005058162 2 36313 4005058195 1 36389
4005200696 2 36324 4005200726 1 36391
4005267035 0 13136 4005267120 2 36331
4005466591 2 36345 4005466626 1 36395
4009687410 0 13148 4009687527 1 36452
4013120012 2 36400 4013120044 1 36496
4013147098 2 36403 4013147192 1 36498
4013326914 2 36416 4013326946 1 36501
4013970448 2 36489 4013970478 1 36507
4020698310 0 13181 4020698429 1 36597
4021541873 2 36523 4021541903 1 36608
4021707736 2 36536 4021707767 1 36611
4021887612 2 36551 4021887647 1 36613
4022262995 2 36593 4022263029 1 36618
4022293294 0 13187 4022293379 2 36597
4022346234 2 36602 4022346267 1 36619
4022526388 2 36621 4022526423 1 36622
4023052855 0 13190 4023052976 1 36630
4029592262 2 36626 4029592296 1 36717
4029939630 2 36652 4029939664 1 36721
4029976149 0 13212 4029976236 2 36654
4030040246 2 36659 4030040281 1 36723
4030134751 2 36666 4030134784 1 36724
4030636139 2 36713 4030636174 1 36729
4038280957 2 36753 4038280990 1 36833
4038383215 2 36761 4038383248 1 36835
4038474603 2 36766 4038474633 1 36836
4038805385 2 36796 4038805421 1 36840
4038825784 0 13230 4038825868 2 36799
4038980885 2 36821 4038980919 1 36843
4039075375 2 36834 4039075407 1 36844
4039119790 2 36836 4039119820 1 36845
4039183557 2 36839 4039183569 1 36846
4046506468 2 36850 4046506503 1 36946
4046741653 2 36864 4046741687 1 36950
4046889662 2 36873 4046889693 1 36952
4047149431 0 13255 4047149515 2 36894
4050800048 0 13267 4050800170 1 37002
4054601223 0 13278 4054601305 2 36937
4054885144 2 36945 4054885176 1 37056
4054892405 2 36946 4054892435 1 37057
4054907347 2 36947 4054907377 1 37058
4054962744 2 36952 4054962777 1 37059
4055197221 2 36970 4055197255 1 37061
4055219748 2 36972 4055219783 1 37062
4055400818 2 36983 4055400850 1 37065
4055484946 2 36992 4055484978 1 37067
4055633950 0 13280 4055634034 2 37010
4055706550 0 13281 4055706636 2 37018
4055818684 2 37027 4055818736 1 37070
4056687543 0 13286 4056687657 1 37082
4059912974 0 13294 4059913090 1 37124
4063092932 0 13305 4063093050 1 37165
4063257665 0 13306 4063257751 2 37046
4063323390 0 13307 4063323506 1 37168
4063362122 2 37052 4063362157 1 37169
4063570407 2 37066 4063570430 1 37171
4063624471 2 37070 4063624503 1 37172
4063902146 0 13311 4063902263 1 37176
4065276008 0 13318 4065276127 1 37192
4071628300 2 37139 4071628336 1 37275
4071806662 2 37152 4071806694 1 37278
4071882841 2 37156 4071882873 1 37279
4072011733 2 37175 4072011765 1 37282
4072357290 2 37215 4072357324 1 37287
4072420047 0 13344 4072420133 2 37222
4076945032 0 13357 4076945151 1 37351
4079910409 2 37253 4079910441 1 37387
4079960957 2 37259 4079960989 1 37388
4080042694 2 37266 4080042726 1 37389
4080116715 2 37274 4080116750 1 37390
4080180129 0 13376 4080180218 2 37277 4080180251 1 37391
4080508917 1 37395 4080508918 2 37307
4087089231 0 13396 4087089349 1 37486
4088217423 2 37360 4088217457 1 37501
4088335479 2 37368 4088335511 1 37502
4088572132 2 37382 4088572166 1 37507
4088779575 2 37410 4088779608 1 37510
4088808164 2 37413 4088808194 1 37511
4089188028 0 13401 4089188113 2 37459
4096706712 2 37488 4096706745 1 37615
4096966889 0 13437 4096966964 2 37510
4097160690 0 13438 4097160776 2 37530
4097325521 2 37550 4097325548 1 37620
4097388637 2 37553 4097388670 1 37621
4163443152 2 37683 4163443185 1 37732
4163595578 2 37691 4163595610 1 37733
4163681694 0 13648 4163681813 1 37734
4163903440 2 37720 4163903474 1 37737
4164088224 2 37739 4164088258 1 37739
4171464608 2 37754 4171464642 1 37814
4171871222 2 37785 4171871257 1 37818
4172058013 2 37808 4172058043 1 37820
4172134581 2 37814 4172134616 1 37821
4173576894 0 13677 4173576967 1 37836
4175418483 0 13682 4175418603 1 37855
4180006088 2 37850 4180006119 1 37907
4180226390 2 37863 4180226424 1 37910
4180293093 2 37867 4180293124 1 37911
4180403005 1 37912 4180403116 2 37880
4180459072 2 37886 4180459105 1 37913
4180540369 2 37893 4180540401 1 37914
4180570107 2 37896 4180570141 1 37915
4180646229 0 13699 4180646310 2 37905
4182354974 0 13703 4182355090 1 37941
4185223968 0 13712 4185224088 1 37981
4188256253 0 13725 4188256336 2 37939
4188309402 1 38020 4188309526 2 37946
4188527569 0 13727 4188527653 2 37957
4188708637 2 37975 4188708672 1 38025
4189233570 2 38027 4189233601 1 38031
4195557092 0 13755 4195557210 1 38114
4196554647 2 38041 4196554680 1 38123
4197036911 2 38081 4197036945 1 38132
4197284915 2 38107 4197284948 1 38136
4197406807 2 38121 4197406838 1 38138
4197494068 2 38128 4197494099 1 38139
4201234177 0 13770 4201234297 1 38191
4204982924 2 38153 4204982957 1 38244
4205065034 2 38163 4205065061 1 38245
4205092466 2 38164 4205092500 1 38246
4205162786 2 38171 4205162818 1 38247
4205179772 0 13781 4205179856 2 38172
4205357398 2 38185 4205357528 1 38249
4205406364 0 13782 4205406452 2 38192
4205428558 2 38195 4205428590 1 38251
4205521463 2 38209 4205521495 1 38252
4205869969 2 38248 4205870002 1 38254
4213088239 0 13811 4213088322 2 38255
4213342782 2 38273 4213342813 1 38352
4213401882 2 38276 4213401914 1 38353
4213548797 2 38285 4213548832 1 38355
4213675617 2 38295 4213675652 1 38357
4213917145 2 38323 4213917178 1 38361
4213974018 2 38332 4213974053 1 38362
4214069074 2 38342 4214069107 1 38363
4220896060 0 13840 4220896177 1 38454
4221644688 2 38370 4221644721 1 38464
4221688953 0 13844 4221689071 1 38465
4221742564 2 38379 4221742596 1 38466
4222012923 2 38391 4222012958 1 38467
4222020462 0 13846 4222020582 1 38468
4222157515 0 13848 4222157634 1 38470
4222440684 2 38437 4222440713 0 13850
4222629813 2 38448 4222629847 1 38473
4224713915 0 13861 4224714032 1 38499
4227286526 0 13872 4227286643 1 38534
4227917915 0 13874 4227918032 1 38539
4229897202 2 38469 4229897233 1 38569
4230008012 2 38475 4230008044 1 38570
4230123615 2 38481 4230123650 1 38572
4230376089 2 38501 4230376122 1 38574
4230383487 2 38503 4230383520 1 38575
4230699231 2 38525 4230699265 1 38580
4233613425 0 13886 4233613543 1 38621
4235475698 0 13893 4235475816 1 38644
4238827449 0 13910 4238827539 2 38608
4238980732 2 38622 4238980766 1 38688
4239215430 2 38648 4239215522 1 38691
4242620941 0 13927 4242621060 1 38734
4246440945 0 13943 4246441028 2 38657
4246767206 2 38679 4246767237 1 38789
4246911154 2 38689 4246911189 1 38791
4247035153 2 38700 4247035185 1 38793
4247070886 2 38706 4247070918 1 38794
4247135339 2 38713 4247135372 1 38795
4254937899 2 38763 4254937932 1 38905
4254973348 2 38766 4254973383 1 38906
4255214666 2 38786 4255214700 1 38910
4255274682 2 38788 4255274714 1 38911
4255317385 0 13959 4255317467 2 38792
4255490986 2 38806 4255491018 1 38914
4255671637 1 38917 4255671678 2 38828
4255770997 0 13961 4255771080 2 38842
4263388427 2 38875 4263388462 1 39015
4263407920 2 38876 4263407949 1 39016
4263513779 2 38883 4263513813 1 39018
4263748823 2 38902 4263748856 1 39021
4263807400 2 38910 4263807432 1 39023
4263909236 2 38923 4263909271 1 39024
4264161203 0 13984 4264161287 2 38952
4266785989 0 13997 4266785989 1 39060
4271497824 2 38971 4271497856 1 39122
4271563564 0 14017 4271563649 2 38977
4271703217 2 38989 4271703245 1 39126
4271795626 2 38995 4271795657 1 39127
4271916575 0 14018 4271916658 2 39004
4272074234 0 14019 4272074318 2 39014
4272106816 2 39019 4272106848 1 39131
4272201769 2 39028 4272201803 1 39133
4272450297 2 39057 4272450330 1 39136
4280080195 2 39101 4280080226 1 39236
4280139459 2 39107 4280139501 1 39237
4280268160 2 39117 4280268190 1 39239
4280304843 2 39122 4280304874 1 39240
4280638642 2 39157 4280638676 1 39244
4284000930 0 14055 4284001050 1 39290
4288273667 2 39181 4288273698 1 39345
4288414001 2 39191 4288414041 1 39347
4288590163 2 39204 4288590195 1 39351
