39227181 1 71 39227200 2 1
39359277 2 8 39359309 1 73
39563356 2 18 39563388 1 75
39622894 2 22 39622925 1 76
39732204 0 109 39732289 2 28 39732321 1 77
39842712 0 111 39842797 2 35
39941315 0 113 39941402 2 42
39990005 2 48 39990045 1 80
40096346 2 63 40096380 1 81
40189067 2 76 40189101 1 82
47963847 2 106 47963879 1 162
48222504 0 138 48222588 2 132
48532499 0 141 48532585 2 167
56121390 1 246 56121407 0 182
56209557 2 188 56209583 1 247
56308596 2 195 56308629 1 248
57107252 1 255 57107360 2 255
64561766 2 278 64561797 1 352
64650512 2 284 64650548 1 353
65109134 2 323 65109168 1 359
65251857 2 341 65251900 1 360
65309360 2 346 65309394 1 362
65912894 0 208 65913012 1 371
66817531 0 215 66817650 1 381
71299279 0 227 71299397 1 445
72454977 2 365 72455011 1 463
72793705 0 229 72793789 2 374
72824281 2 377 72824314 1 468
73063536 2 394 73063571 1 470
73188939 2 402 73188971 1 471
73238812 2 405 73238844 1 472
73406135 2 424 73406170 1 475
73523404 2 434 73523433 1 477
80809340 1 580 80809402 0 252
80857361 2 458 80857395 1 581
81158074 2 470 81158103 1 583
81182303 2 473 81182334 1 584
81339471 2 487 81339515 1 586
81500740 2 504 81500771 1 589
81855680 2 553 81855715 1 594
81919072 0 254 81919154 2 561
81927142 0 255 81927227 2 563
81932911 2 564 81932948 0 256
81948819 2 565 81948854 1 596
82017585 2 570 82017616 1 597
87410023 0 274 87410142 1 672
89490811 2 594 89490847 1 700
89660462 2 608 89660491 1 702
89905555 2 630 89905590 1 706
90087585 2 653 90087617 1 709
90283428 2 668 90283460 1 712
90327434 0 280 90327552 1 713
97746946 2 696 97746978 1 815
97908942 2 702 97908973 1 818
97935077 2 704 97935108 1 819
97976478 2 707 97976624 1 820
98052189 2 715 98052220 1 821
98112488 2 720 98112520 1 822
98221079 2 729 98221112 1 823
98669074 2 776 98669105 1 830
98698387 2 778 98698418 1 831
102028345 0 319 102028464 1 872
105345555 0 333 105345673 1 915
106286598 2 816 106286631 1 926
106622869 2 845 106622898 1 933
106708583 0 335 106708666 2 852
106854556 2 867 106854589 1 936
107074606 2 886 107074640 1 940
111036362 0 348 111036481 1 992
113069042 1 1020 113069138 0 356
114119456 2 889 114119489 1 1033
114441357 2 896 114441388 1 1038
114677758 2 907 114677792 1 1041
114690295 2 909 114690326 1 1042
114731974 2 915 114732004 1 1043
114837407 2 925 114837441 1 1044
115030000 2 948 115030036 1 1047
115066389 2 955 115066421 1 1048
115099105 2 961 115099139 1 1049
115282902 2 986 115282937 1 1052
115348101 2 991 115348136 1 1053
115455091 2 1002 115455125 1 1055
117391140 0 367 117391260 1 1080
122949396 2 1025 122949427 1 1159
123124170 2 1036 123124201 1 1161
123134578 2 1037 123134609 1 1162
123277259 0 379 123277348 2 1048 123277381 1 1164
123493179 2 1071 123493211 1 1167
123691913 2 1089 123691940 1 1170
123708401 2 1090 123708435 1 1171
126955216 0 391 126955336 1 1213
129129175 0 402 129129292 1 1239
129702046 0 404 129702163 1 1247
131095788 2 1112 131095819 1 1266
131257329 2 1121 131257362 1 1268
131307759 2 1125 131307794 1 1269
131644836 2 1152 131644868 1 1274
131860881 2 1178 131860914 1 1278
131972143 2 1194 131972175 1 1279
131987814 0 411 131987896 2 1197
134736779 0 425 134736898 1 1313
139486223 2 1224 139486253 1 1378
139494513 2 1225 139494543 1 1379
139718459 2 1240 139718490 1 1382
139739586 2 1242 139739616 1 1383
139937183 2 1251 139937221 1 1386
143033803 0 452 143033846 1 1428
147368971 2 1290 147369004 1 1483
147833801 2 1302 147833831 1 1491
148252342 2 1327 148252371 1 1497
148323589 2 1336 148323623 1 1498
148667539 2 1388 148667571 1 1503
156334667 2 1439 156334700 1 1604
156650846 2 1458 156650875 1 1609
156800317 0 494 156800402 2 1471
161054540 0 510 161054659 1 1666
221472564 0 717 221472681 1 1716
222910037 2 1722 222910070 1 1731
222998301 2 1730 222998334 1 1732
223135913 2 1733 223135947 1 1733
228654574 0 742 228654692 1 1791
230870953 2 1744 230871082 1 1813
231215711 2 1760 231215767 1 1817
231484771 2 1778 231484801 1 1820
231753882 2 1802 231753917 1 1823
231846948 2 1816 231846980 1 1824
240015261 2 1880 240015293 1 1908
240156579 2 1889 240156611 1 1910
247750922 2 1918 247750955 1 1988
247871473 2 1924 247871503 1 1989
248003370 2 1928 248003406 1 1991
248275648 2 1950 248275682 1 1994
253079280 0 840 253079394 1 2050
256235440 2 2011 256235576 1 2092
256333206 2 2019 256333238 1 2094
256418273 2 2023 256418307 1 2095
256457816 2 2027 256457852 1 2096
256819890 2 2055 256819921 1 2100
256958621 2 2073 256958653 1 2102
257049310 2 2081 257049344 1 2104
261045108 1 2159 261045166 0 867
262704887 0 875 262705005 1 2181
264327229 2 2093 264327264 1 2204
264506294 2 2100 264506325 1 2207
264578410 2 2107 264578442 1 2208
264815532 2 2125 264815566 1 2210
264940764 2 2138 264940798 1 2212
265000923 2 2146 265000955 1 2213
265092635 2 2155 265092643 1 2215
265222067 2 2168 265222096 1 2216
273204669 0 906 273204758 2 2234
273249877 2 2238 273249909 1 2327
273450791 2 2259 273450825 1 2330
273834484 0 911 273834566 2 2292
275915972 0 916 275916090 1 2365
278418414 0 926 278418531 1 2397
280810484 2 2298 280810518 1 2431
281363637 2 2321 281363667 1 2436
281472542 2 2326 281472577 1 2437
281541993 2 2331 281542027 1 2439
281793750 2 2364 281793784 1 2443
282055563 2 2402 282055597 1 2447
282078410 2 2404 282078445 1 2448
282150424 2 2408 282150455 1 2449
289153292 2 2415 289153325 1 2539
289236884 2 2417 289236917 1 2540
289928942 0 970 289929027 2 2464
290056390 2 2474 290056424 1 2550
290072665 2 2475 290072698 1 2551
290151081 2 2482 290151115 1 2552
290223494 2 2488 290223521 1 2553
290423934 2 2509 290423968 1 2556
290484532 2 2514 290484567 1 2557
293137849 0 981 293137966 1 2594
298109522 1 2658 298109622 2 2540
298172384 0 1001 298172467 2 2543
298204041 2 2548 298204076 1 2660
298344096 2 2564 298344129 1 2662
298574487 1 2665 298574634 2 2596
298662938 2 2608 298662972 1 2666
304324254 0 1019 304324375 1 2745
306278255 2 2650 306278290 1 2773
306423463 2 2660 306423496 1 2775
306504517 2 2665 306504551 1 2776
306530454 2 2669 306530485 1 2777
306644248 0 1025 306644334 2 2678
306860159 1 2781 306860280 2 2702
306863586 2 2703 306863621 1 2782
306991504 2 2719 306991540 1 2784
307188789 1 2787 307188922 2 2734
309501906 0 1036 309502024 1 2817
314431186 0 1051 314431271 2 2750
314732486 2 2774 314732513 1 2890
314934633 2 2790 314934666 1 2892
315061948 2 2803 315061981 1 2894
315501253 2 2842 315501287 1 2900
322430249 2 2846 322430283 1 2991
322986253 2 2863 322986292 1 2999
323309681 2 2886 323309716 1 3004
323338663 2 2887 323338694 1 3005
323591245 2 2913 323591277 1 3008
325032150 0 1099 325032268 1 3025
331309231 2 2962 331309266 1 3107
331400428 2 2974 331400460 1 3109
331842872 2 2997 331842899 1 3115
334925592 0 1134 334925708 1 3160
339756510 2 3064 339756544 1 3224
339819993 2 3071 339820025 1 3225
339991960 2 3087 339991991 1 3227
340066209 0 1152 340066294 2 3097
340482267 2 3123 340482298 1 3232
340485614 2 3124 340485649 1 3233
340896523 0 1155 340896640 1 3239
342677119 0 1161 342677120 1 3264
347796011 2 3134 347796035 1 3334
347958873 2 3144 347958907 1 3337
348046165 2 3148 348046199 1 3338
348156144 2 3156 348156175 1 3340
348228297 2 3161 348228330 1 3342
348667780 2 3209 348667815 1 3347
348726326 2 3217 348726359 1 3348
348864654 2 3231 348864685 1 3350
364383220 0 1241 364383306 2 3347
364799617 0 1246 364799703 2 3379
365133873 0 1247 365133968 2 3409
414635905 2 3439 414635936 1 3456
414816209 0 1408 414816295 2 3455
423112919 2 3504 423112951 1 3542
423189025 0 1434 423189110 2 3512
423432375 2 3530 423432410 1 3545
423587484 0 1435 423587598 1 3547
431203586 2 3567 431203619 1 3624
431438988 0 1463 431439072 2 3585
433361952 0 1471 433362071 1 3647
436136884 0 1480 436136998 1 3675
437921196 0 1489 437921311 1 3693
439450474 2 3639 439450505 1 3709
439671598 2 3652 439671629 1 3712
439858255 2 3666 439858290 1 3714
440152875 2 3694 440152908 1 3717
440203765 2 3700 440203799 1 3718
440299798 0 1501 440299882 2 3709
440369742 0 1502 440369828 2 3714
447715566 0 1522 447715658 2 3733
447957836 0 1523 447957921 2 3746
448453636 2 3792 448453670 1 3828
448484162 2 3797 448484194 1 3829
448617959 2 3812 448617992 1 3831
448687845 2 3821 448687878 1 3833
448884653 2 3835 448884688 1 3836
450008075 0 1532 450008193 1 3850
455273667 0 1556 455273784 1 3919
455620395 0 1558 455620516 1 3922
455838660 2 3836 455838693 1 3924
456239853 0 1561 456239872 2 3850
456284929 2 3855 456284962 1 3932
456466688 2 3871 456466721 1 3934
456537612 2 3879 456537646 1 3935
456656115 2 3887 456656156 1 3937
456758354 2 3897 456758386 1 3939
456975976 2 3914 456976012 1 3941
457022191 2 3919 457022225 1 3942
457161542 0 1563 457161624 2 3925
457205864 2 3927 457205897 1 3944
457225907 0 1564 457225991 2 3929
457238318 0 1565 457238405 2 3930
463852327 1 4029 463852435 0 1595
464795939 2 3961 464795970 1 4043
464978096 2 3976 464978127 1 4046
465019329 2 3983 465019404 1 4047
465085879 2 3991 465085912 1 4048
465109052 0 1598 465109138 2 3994
465191318 2 4002 465191330 1 4049
465471865 2 4044 465471897 1 4051
465557291 0 1600 465557377 2 4052
473036321 2 4068 473036354 1 4152
473085586 2 4069 473085617 1 4153
473182749 2 4072 473182781 1 4154
473306496 2 4082 473306530 1 4156
473511474 2 4099 473511508 1 4159
473581171 2 4107 473581200 1 4160
474077978 0 1629 474078097 1 4167
481344688 0 1655 481344774 2 4167
481602990 2 4182 481603024 1 4270
481727484 2 4194 481727517 1 4271
482004795 2 4218 482004828 1 4274
482095230 2 4229 482095264 1 4275
482275392 2 4245 482275427 1 4277
488613809 0 1682 488613926 1 4365
489564382 0 1687 489564466 2 4261
489573525 2 4262 489573560 1 4377
489845168 0 1689 489845253 2 4286
490035886 0 1690 490035969 2 4302
490175139 2 4319 490175168 1 4384
490572159 0 1692 490572245 2 4362 490572278 1 4390
497138999 0 1709 497139116 1 4483
497981604 2 4378 497981637 1 4496
498291515 0 1711 498291600 2 4406
498667623 2 4445 498667654 1 4505
498708764 2 4449 498708795 1 4506
498954633 2 4469 498954669 1 4509
502794940 0 1722 502795058 1 4563
506169641 2 4485 506169675 1 4606
506408081 2 4495 506408113 1 4609
506577338 2 4510 506577372 1 4610
506689636 2 4518 506689668 1 4612
506753900 2 4523 506753934 1 4614
506828259 2 4528 506828293 1 4615
506994182 2 4546 506994213 1 4617
507005239 2 4548 507005270 1 4618
507111756 2 4560 507111787 1 4620
507792767 0 1740 507792884 1 4629
514576045 2 4582 514576079 1 4720
514619572 2 4585 514619608 1 4721
514725218 2 4594 514725249 1 4722
514966599 0 1762 514966684 2 4613
514989690 0 1763 514989776 2 4616
515038524 0 1764 515038608 2 4621
515379104 2 4659 515379140 1 4729
515427455 2 4666 515427487 1 4730
515534595 2 4673 515534628 1 4731
515548058 2 4674 515548093 1 4732
515749246 1 4735 515749363 0 1765
519006845 0 1775 519006964 1 4780
522647363 2 4683 522647396 1 4829
522836169 2 4690 522836201 1 4833
523097885 1 4836 523098017 2 4705
523238921 2 4712 523238952 1 4838
523481149 2 4737 523481191 1 4842
523713463 2 4760 523713495 1 4845
523820896 2 4768 523820930 1 4847
526421080 0 1803 526421198 1 4880
530783607 2 4780 530783639 1 4937
531122023 2 4790 531122058 1 4942
531525719 2 4815 531525752 1 4945
531681443 2 4828 531681477 1 4947
531827852 0 1826 531827936 2 4844 531827970 1 4949
531859368 2 4848 531859404 1 4950
532044686 0 1827 532044771 2 4883
532062496 2 4885 532062529 1 4952
532090680 2 4888 532090714 1 4953
537889704 0 1854 537889824 1 5028
538652743 0 1860 538652864 1 5034
539496604 2 4907 539496638 1 5046
539648179 2 4918 539648213 1 5047
540048776 2 4956 540048812 1 5052
540391830 2 4990 540391864 1 5056
540404230 2 4992 540404263 1 5057
540449814 2 4996 540449845 1 5058
548937013 0 1901 548937098 2 5115
606346009 2 5151 606346044 1 5164
606464594 2 5160 606464623 1 5165
614433722 0 2122 614433841 1 5247
614606214 2 5177 614606247 1 5249
614931910 2 5201 614931939 1 5251
615346148 2 5238 615346174 1 5256
615441466 2 5249 615441499 1 5257
621384291 0 2139 621384408 1 5318
623597585 2 5329 623597619 1 5340
629734277 0 2170 629734394 1 5402
631437187 2 5365 631437221 1 5421
632159508 2 5432 632159539 1 5432
639626096 0 2199 639626213 1 5534
639663284 2 5449 639663318 1 5535
639762227 2 5456 639762259 1 5536
639949350 2 5469 639949384 1 5538
639952245 2 5470 639952276 1 5539
640190895 2 5488 640190927 1 5543
640267950 2 5500 640267983 1 5544
641371617 0 2204 641371734 1 5559
642843679 0 2209 642843798 1 5579
644987880 0 2218 644987997 1 5605
647655620 2 5530 647655661 1 5643
647979954 2 5541 647979985 1 5646
648023396 2 5543 648023432 1 5647
648040148 0 2230 648040235 2 5545
648122206 1 5648 648122333 2 5553
648251157 2 5559 648251189 1 5649
648771901 2 5628 648771935 1 5657
656262367 2 5666 656262402 1 5757
656451778 2 5681 656451809 1 5759
656684994 2 5698 656685028 1 5764
656705352 2 5701 656705384 1 5765
656804749 2 5714 656804780 1 5766
656824333 2 5717 656824368 1 5767
656836476 0 2263 656836559 2 5718
656925153 2 5723 656925185 1 5768
657006878 2 5730 657006911 1 5769
657145315 2 5745 657145349 1 5771
657267997 2 5755 657268027 1 5773
660541757 0 2276 660541874 1 5818
664777331 2 5778 664777417 1 5877
664928073 1 5879 664928123 2 5785
664995505 0 2288 664995591 2 5789 664995624 1 5880
665068079 2 5798 665068112 1 5881
665600023 2 5857 665600055 1 5889
671098828 0 2309 671098947 1 5964
673084273 2 5882 673084306 1 5992
673107138 2 5885 673107169 1 5993
673170792 2 5894 673170825 1 5994
673226692 0 2314 673226776 2 5901
673513634 0 2315 673513718 2 5925
673722784 2 5945 673722817 1 6002
674534573 0 2320 674534688 1 6013
675647133 0 2327 675647248 1 6026
677334464 0 2333 677334551 1 6048
681209699 2 5976 681209729 1 6102
681292653 2 5984 681292686 1 6103
681312245 2 5985 681312276 1 6104
681368132 0 2348 681368216 2 5989
681655474 2 6011 681655506 1 6108
681695271 2 6013 681695302 1 6109
681825818 2 6025 681825850 1 6111
682033438 2 6053 682033474 1 6112
682056467 2 6055 682056496 1 6113
688157440 0 2364 688157558 1 6200
689106501 0 2369 689106621 1 6212
689604481 2 6096 689604516 1 6218
689853641 2 6113 689853675 1 6222
690325953 2 6163 690325981 1 6226
690368857 0 2375 690368939 2 6168 690368971 1 6227
697052309 0 2403 697052428 1 6315
698017932 2 6204 698017964 1 6330
698151232 2 6216 698151263 1 6332
698202964 2 6220 698203000 1 6333
698794312 2 6277 698794347 1 6341
698810950 0 2407 698811030 2 6278
700082946 0 2415 700083071 1 6357
702344349 0 2420 702344466 1 6390
705902356 2 6297 705902392 1 6441
706302358 0 2427 706302442 2 6308
706526608 0 2428 706526694 2 6329
706604736 2 6334 706604769 1 6450
706662156 2 6336 706662190 1 6451
706708117 2 6342 706708151 1 6452
706800976 0 2429 706801061 2 6349
706804557 2 6350 706804591 1 6453
706819831 2 6352 706819863 1 6454
707041872 2 6375 707041907 1 6457
707083924 2 6378 707083960 1 6458
707209413 2 6390 707209445 1 6460
714349141 2 6404 714349174 1 6562
714656550 2 6418 714656584 1 6565
714815151 2 6427 714815183 1 6567
715150055 2 6453 715150088 1 6572
715169300 2 6455 715169333 1 6573
715229055 2 6465 715229086 1 6574
715300208 2 6475 715300241 1 6575
715384234 2 6484 715384262 1 6576
715499602 1 6577 715499660 2 6501
715634138 2 6518 715634219 1 6579
719257966 0 2462 719258083 1 6630
722903829 0 2468 722903948 1 6683
723118109 2 6548 723118144 1 6686
723255406 2 6560 723255440 1 6688
723308424 0 2470 723308510 2 6564
723388280 2 6570 723388311 1 6689
723423108 0 2472 723423193 2 6573
723830940 0 2475 723831023 2 6612
724005657 2 6622 724005687 1 6697
731571301 2 6658 731571336 1 6800
731583564 2 6660 731583595 1 6801
731606134 2 6663 731606164 1 6802
731745554 2 6676 731745587 1 6804
731911709 2 6699 731911742 1 6807
732104657 2 6728 732104691 1 6809
733096316 0 2502 733096436 1 6822
797688720 2 6853 797688755 1 6924
797799102 0 2718 797799187 2 6856
798299235 2 6892 798299269 1 6930
798402853 0 2720 798402964 2 6903
798451071 2 6907 798451102 1 6931
798603834 2 6924 798603863 1 6933
806474706 0 2756 806474792 2 6967
806538410 2 6973 806538443 1 7015
806661718 0 2757 806661802 2 6982
806852040 2 7000 806852077 1 7018
806972780 1 7020 806972897 2 7012
809629125 1 7046 809629182 0 2765
814233839 0 2785 814233956 1 7095
814639904 2 7030 814639937 1 7098
815121039 2 7065 815121070 1 7104
815141139 0 2788 815141223 2 7068
815315319 2 7095 815315354 1 7106
815397275 2 7104 815397302 1 7107
822950934 2 7120 822950968 1 7196
822967747 2 7121 822967778 1 7197
823156450 2 7129 823156506 1 7200
823218528 2 7138 823218559 1 7201
823887163 2 7196 823887196 1 7211
823915696 2 7199 823915730 1 7212
826174541 0 2828 826174656 1 7244
831347045 0 2849 831347156 2 7219
831516013 2 7232 831516053 1 7315
831617487 2 7237 831617521 1 7317
831625705 2 7238 831625737 1 7318
831879041 2 7264 831879072 1 7321
832267915 2 7303 832267946 1 7326
832333231 2 7309 832333281 0 2852
832378199 2 7311 832378229 1 7327
839467086 2 7323 839467117 1 7427
839775058 2 7333 839775091 1 7432
839977799 2 7346 839977832 1 7434
840161478 2 7365 840161509 1 7437
840213190 2 7370 840213224 1 7438
840485668 2 7408 840485702 1 7439
840488846 2 7409 840488882 1 7440
840655618 2 7424 840655650 1 7442
847694806 2 7427 847694953 1 7540
847937254 2 7436 847937285 1 7544
848055329 0 2901 848055412 2 7444
848080974 2 7447 848081012 1 7546
848089314 2 7448 848089341 1 7547
848209470 2 7451 848209504 1 7548
848628369 2 7485 848628405 1 7553
848642411 0 2904 848642498 2 7486
848870012 2 7501 848870043 1 7555
848983496 2 7513 848983532 1 7557
856605410 2 7552 856605444 1 7665
856754094 2 7564 856754124 1 7666
856779800 0 2926 856779884 2 7565 856779917 1 7667
856924493 2 7584 856924527 1 7669
857079063 2 7605 857079098 1 7672
858021764 0 2931 858021882 1 7685
864544248 2 7631 864544286 1 7775
864870207 2 7650 864870240 1 7777
865080261 0 2957 865080345 2 7670
865246502 2 7683 865246535 1 7783
865326907 2 7694 865326939 1 7784
865425155 2 7711 865425187 1 7785
865552223 2 7726 865552257 1 7787
865638650 2 7732 865638685 1 7788
873267688 2 7768 873267718 1 7896
873312374 2 7769 873312408 1 7897
873463981 2 7781 873464015 1 7899
873690044 2 7799 873690076 1 7903
873712789 2 7801 873712821 1 7904
873809206 2 7813 873809240 1 7905
881378558 1 8010 881378632 2 7844
881458139 0 3001 881458265 1 8011
881478680 2 7851 881478711 1 8012
881612998 0 3002 881613081 2 7861 881613113 1 8014
882021975 2 7896 882022008 1 8020
882323474 2 7925 882323507 1 8024
882327875 0 3005 882327962 2 7926
882346762 2 7928 882346795 1 8025
889511780 1 8116 889511847 2 7939
889535057 2 7940 889535090 1 8117
889865575 2 7966 889865610 1 8122
890381116 0 3038 890381202 2 8004
890385278 0 3039 890385361 2 8005
890565332 2 8017 890565364 1 8132
890602431 2 8021 890602524 1 8133
897932132 2 8039 897932164 1 8234
897986320 2 8040 897986352 1 8235
898325926 2 8063 898325956 1 8240
898416008 2 8076 898416040 1 8241
898838463 2 8117 898838498 1 8247
898923544 2 8129 898923576 1 8248
906547582 2 8161 906547618 1 8354
906633147 2 8169 906633252 1 8355
906682728 2 8171 906682762 1 8356
906811148 0 3086 906811264 1 8358
906957846 2 8194 906957877 1 8360
907060966 2 8206 907060996 1 8362
911817793 0 3098 911817913 1 8429
914698597 2 8243 914698609 0 3114
914712874 0 3115 914712957 2 8245
914895688 2 8256 914895722 1 8468
914965790 2 8261 914965823 1 8469
915024841 0 3117 915024925 2 8265
915102910 2 8273 915102945 1 8470
915135258 2 8276 915135291 1 8471
915187894 2 8281 915187928 1 8472
915249751 0 3118 915249834 2 8286
915380771 2 8300 915380803 1 8473
915479711 2 8312 915479743 1 8474
915645508 2 8326 915645542 1 8477
923580017 0 3152 923580103 2 8386
923975759 0 3154 923975843 2 8424
939585065 0 3211 939585121 2 8549
981373528 2 8573 981373563 1 8604
985307813 0 3364 985307930 1 8644
990090913 2 8639 990090944 1 8691
998084368 2 8718 998084400 1 8769
998285586 2 8728 998285618 1 8772
998362684 2 8736 998362715 1 8773
998668771 2 8770 998668806 1 8775
1001348551 0 3414 1001348674 1 8804
1001465497 0 3415 1001465614 1 8805
1006556224 0 3439 1006556311 2 8802
1006701226 0 3441 1006701312 2 8810
1006753373 2 8816 1006753453 1 8861
1006901831 0 3442 1006901916 2 8836
1007005683 2 8848 1007005714 1 8864
1007049712 2 8852 1007049746 1 8865
1007130489 0 3445 1007130575 2 8860
1009531671 0 3454 1009531788 1 8897
1014771871 2 8884 1014771902 1 8971
1014848802 2 8890 1014848834 1 8972
1015115551 0 3469 1015115636 2 8909
1015128563 2 8910 1015128597 1 8975
1015353423 2 8935 1015353455 1 8979
1015394157 2 8941 1015394188 1 8980
1015567326 2 8969 1015567357 1 8982
1015623907 2 8973 1015623942 1 8984
1018705709 0 3477 1018705834 1 9027
1023167178 0 3487 1023167244 1 9086
1023209857 2 9007 1023209891 1 9087
1023308054 2 9011 1023308086 1 9088
1023865111 2 9062 1023865142 1 9096
1023970342 2 9075 1023970374 1 9098
1031693359 2 9117 1031693392 1 9197
1031795614 2 9123 1031795645 1 9199
1032112524 2 9155 1032112560 1 9204
1032192051 2 9166 1032192087 1 9205
1032247108 2 9171 1032247143 1 9206
1032301953 2 9174 1032301985 1 9207
1036728920 0 3532 1036729039 1 9268
1037191269 0 3535 1037191385 1 9273
1039577030 2 9191 1039577065 1 9306
1039640626 0 3545 1039640711 2 9194
1040186631 2 9221 1040186665 1 9311
1040537436 0 3550 1040537524 2 9258
1041721327 0 3556 1041721449 1 9329
1043040823 0 3561 1043040936 1 9348
1047984493 2 9291 1047984529 1 9412
1048057427 0 3583 1048057513 2 9294
1048522249 0 3585 1048522332 2 9336
1048571883 2 9343 1048571918 1 9418
1048589140 2 9346 1048589175 1 9419
1056161911 2 9404 1056161927 1 9521
1056338732 2 9407 1056338767 1 9524
1056659124 2 9427 1056659157 1 9527
1056834142 0 3615 1056834230 2 9440
1057033846 0 3617 1057033932 2 9456
1057095477 2 9465 1057095510 1 9532
1057110358 2 9467 1057110394 1 9533
1057335112 2 9485 1057335142 1 9536
1064813006 2 9510 1064813037 1 9634
1064944502 2 9516 1064944536 1 9636
1064987424 2 9522 1064987460 1 9637
1065321959 2 9550 1065321992 1 9642
1065410500 1 9643 1065410567 2 9561
1065562044 2 9585 1065562077 1 9645
1065564346 2 9586 1065564378 1 9646
1065733771 2 9604 1065733808 1 9647
1065745808 2 9605 1065745844 1 9648
1073238446 2 9634 1073238478 1 9752
1073275512 2 9638 1073275546 1 9753
1073436091 2 9649 1073436122 1 9756
1073465870 0 3673 1073465954 2 9652
1073609574 2 9666 1073609609 1 9758
1073861575 2 9701 1073861607 1 9762
1073941042 2 9707 1073941073 1 9763
1074976700 0 3678 1074976820 1 9776
1074991501 0 3679 1074991616 1 9777
1076004166 0 3681 1076004238 1 9792
1076469160 0 3684 1076469279 1 9795
1078865572 0 3695 1078865694 1 9826
1081350057 2 9729 1081350090 1 9857
1081567605 0 3708 1081567688 2 9745
1081626547 0 3709 1081626630 2 9749
1081771443 2 9756 1081771477 1 9862
1081822316 2 9759 1081822345 1 9863
1081925664 2 9771 1081925761 1 9864
1081994615 2 9780 1081994649 1 9865
1082182909 2 9805 1082182942 1 9868
1082267400 2 9814 1082267434 1 9869
1082429512 2 9827 1082429545 1 9871
1086204199 0 3721 1086204317 1 9924
1087175336 0 3727 1087175453 1 9938
1089608100 2 9835 1089608135 1 9969
1089776399 2 9847 1089776453 1 9972
1089865649 2 9852 1089865680 1 9974
1089961955 1 9976 1089961989 2 9856
1090317632 0 3735 1090317715 2 9886
1090353158 0 3736 1090353251 2 9890
1090590420 2 9911 1090590453 1 9985
1090611878 0 3737 1090611962 2 9912
1090618691 2 9913 1090618724 1 9986
1098087915 2 9932 1098087949 1 10083
1098271417 0 3764 1098271502 2 9939
1098280542 2 9940 1098280577 1 10085
1098310046 2 9944 1098310083 1 10086
1098343255 2 9948 1098343286 1 10087
1098418864 2 9959 1098418895 1 10088
1098582614 2 9971 1098582715 1 10090
1106833189 2 10074 1106833225 1 10204
1106891556 1 10206 1106891590 2 10076
1107259315 2 10111 1107259345 1 10211
1107348628 2 10121 1107348659 1 10213
1123141794 0 3858 1123141879 2 10260
1172949235 0 4043 1172949319 2 10273
1173153695 2 10280 1173153729 1 10320
1173259693 2 10283 1173259724 1 10321
1179676481 0 4069 1179676597 1 10387
1181602384 2 10360 1181602417 1 10407
1181677217 2 10365 1181677233 1 10408
1181777776 2 10373 1181777811 1 10409
1182171079 0 4077 1182171164 2 10412
1187361833 0 4094 1187361953 1 10467
1189698285 0 4103 1189698405 1 10491
1189925553 2 10444 1189925586 1 10493
1189987675 2 10450 1189987708 1 10494
1190237839 2 10473 1190237867 1 10497
1190383464 2 10485 1190383499 1 10498
1194633259 0 4118 1194633375 1 10541
1198202484 0 4129 1198202569 2 10525
1198230098 0 4130 1198230180 2 10530
1200638838 0 4135 1200638955 1 10610
1202480751 0 4140 1202480871 1 10636
1206365547 2 10595 1206365580 1 10687
1206527132 2 10603 1206527164 1 10689
1206532309 2 10604 1206532342 1 10690
1206711093 2 10618 1206711128 1 10692
1207088994 2 10646 1207089026 1 10697
1207332351 2 10671 1207332384 1 10701
1209410033 0 4165 1209410147 1 10731
1214819293 2 10694 1214819326 1 10807
1214954475 0 4183 1214954559 2 10703
1215178851 2 10725 1215178885 1 10810
1215271365 2 10732 1215271399 1 10811
1215335393 2 10741 1215335431 1 10813
1215497840 2 10769 1215497872 1 10815
1215547301 2 10777 1215547334 1 10816
1215683442 2 10792 1215683473 1 10818
1215729685 2 10796 1215729716 1 10819
1222888941 0 4211 1222889060 1 10917
1223292174 0 4212 1223292257 2 10823 1223292312 1 10921
1223500344 2 10841 1223500377 1 10924
1223619035 2 10854 1223619066 1 10926
1223853743 2 10879 1223853772 1 10930
1223937989 2 10889 1223938020 1 10931
1231030142 2 10905 1231030177 1 11032
1231341986 2 10917 1231342024 1 11035
1231610016 2 10929 1231610049 1 11038
1231622669 2 10931 1231622701 1 11039
1231968841 2 10963 1231968876 1 11043
1232071199 0 4239 1232071284 2 10978
1232106777 2 10981 1232106809 1 11045
1232177437 2 10987 1232177472 1 11046
1232469818 2 11018 1232469849 1 11050
1232562434 0 4242 1232562557 1 11052
1232827389 1 11055 1232827510 0 4244
1239362082 2 11021 1239362116 1 11146
1239943853 0 4265 1239943938 2 11046 1239943972 1 11153
1240096647 2 11058 1240096678 1 11155
1240210372 0 4267 1240210455 2 11068
1240245634 2 11070 1240245768 1 11157
1240345140 2 11083 1240345171 1 11158
1240695500 2 11119 1240695532 1 11162
1247769296 0 4293 1247769412 1 11259
1247795083 0 4294 1247795205 1 11260
1248096182 2 11141 1248096214 1 11263
1248161623 2 11146 1248161658 1 11265
1248216424 2 11150 1248216505 1 11266
1248324733 2 11156 1248324768 1 11268
1248402579 2 11159 1248402613 1 11269
1248588216 2 11171 1248588247 1 11272
1248658529 2 11175 1248658563 1 11273
1248760994 2 11185 1248761029 1 11274
1248773879 2 11188 1248773910 1 11275
1248821595 2 11192 1248821628 1 11276
1248911780 2 11202 1248911815 1 11277
1248947394 2 11206 1248947427 1 11278
1249105449 2 11216 1249105482 1 11280
1253378039 0 4306 1253378157 1 11340
1256549824 2 11242 1256549854 1 11384
1256619250 0 4319 1256619335 2 11246
1256858377 0 4320 1256858465 2 11270
1256939855 2 11279 1256939889 1 11389
1257062881 2 11290 1257062914 1 11390
1257086683 2 11293 1257086717 1 11391
1257150165 2 11301 1257150199 1 11392
1257201244 2 11305 1257201275 1 11393
1264676823 0 4345 1264676909 2 11332
1264844544 0 4347 1264844631 2 11347
1264995327 2 11356 1264995358 1 11499
1265301643 2 11381 1265301674 1 11504
1265644389 1 11508 1265644471 2 11425
1265710793 0 4348 1265710854 1 11509
1273341944 2 11460 1273341973 1 11612
1273354115 2 11462 1273354149 1 11613
1273605667 2 11481 1273605702 1 11617
1273804096 2 11501 1273804125 1 11619
1274255416 0 4369 1274255525 1 11625
1281585287 0 4388 1281585373 2 11558
1281847604 2 11576 1281847636 1 11728
1282030339 2 11592 1282030373 1 11729
1282052286 1 11730 1282052292 2 11594
1282079254 2 11600 1282079288 1 11731
1282103267 2 11603 1282103301 1 11732
1282203873 0 4392 1282203959 2 11612
1282351241 0 4394 1282351328 2 11636
1285624371 0 4406 1285624489 1 11777
1289776290 0 4414 1289776376 2 11664
1289825909 2 11667 1289825941 1 11835
1290128154 2 11697 1290128192 1 11839
1290440953 2 11722 1290440987 1 11844
1290578583 0 4418 1290578668 2 11736
1294047257 0 4425 1294047373 1 11893
1295195985 1 11906 1295195992 0 4432
1298143534 2 11771 1298143568 1 11943
1298240380 2 11778 1298240407 1 11945
1298327198 2 11781 1298327229 1 11946
1298357841 2 11783 1298357874 1 11947
1298433462 2 11792 1298433494 1 11948
1298618031 2 11805 1298618064 1 11950
1298675311 2 11809 1298675345 1 11951
1298930004 0 4441 1298930088 2 11841
1298939600 2 11843 1298939715 1 11954
1299022334 2 11849 1299022365 1 11955
1299060246 2 11852 1299060281 1 11957
1307059946 0 4467 1307060030 2 11921
1364919123 2 12017 1364919152 1 12070
1365002338 2 12026 1365002372 1 12071
1365062542 0 4694 1365062628 2 12032
1365206718 2 12041 1365206748 1 12073
1365241941 2 12045 1365241973 1 12074
1367522423 0 4703 1367522544 1 12096
1373166237 0 4715 1373166322 2 12096 1373166355 1 12155
1373325287 2 12105 1373325318 1 12157
1373512005 2 12114 1373512037 1 12159
1373610270 2 12124 1373610305 1 12160
1373712175 2 12137 1373712207 1 12161
1377951193 0 4731 1377951310 1 12204
1381113460 2 12166 1381113492 1 12237
1381511669 2 12180 1381511700 1 12241
1381562350 2 12185 1381562383 1 12242
1382044664 2 12221 1382044697 1 12246
1382099854 2 12229 1382099887 1 12247
1382111264 0 4742 1382111344 2 12231
1382204397 0 4743 1382204481 2 12245
1389812845 2 12263 1389812877 1 12337
1390046718 0 4778 1390046802 2 12278
1390177321 2 12288 1390177352 1 12340
1390312738 1 12342 1390312853 2 12296
1390448253 2 12307 1390448288 1 12344
1390474247 2 12312 1390474282 1 12345
1397867560 0 4805 1397867683 1 12445
1398168719 2 12365 1398168753 1 12449
1398390772 0 4807 1398390857 2 12382
1398396840 2 12383 1398396873 1 12451
1398489070 2 12390 1398489101 1 12452
1398784781 2 12424 1398784816 1 12456
1398817898 0 4808 1398817982 2 12428
1398981019 2 12445 1398981054 1 12459
1406732703 2 12488 1406732734 1 12560
1406920142 2 12504 1406920173 1 12564
1414599340 2 12553 1414599371 1 12673
1414812288 0 4864 1414812372 2 12561
1415223813 2 12594 1415223847 1 12682
1415490947 2 12620 1415490983 1 12684
1415496884 2 12622 1415496916 1 12685
1415501983 2 12623 1415502015 1 12686
1415746254 2 12654 1415746284 1 12689
1423472962 2 12693 1423472994 1 12794
1423615322 2 12704 1423615354 1 12796
1423710372 2 12712 1423710406 1 12798
1431384766 0 4918 1431384892 1 12904
1431628163 2 12778 1431628194 1 12907
1431761730 2 12786 1431761761 1 12909
1431794639 0 4921 1431794729 2 12789
1431842796 2 12794 1431842828 1 12910
1431920725 2 12803 1431920758 1 12911
1431976990 2 12807 1431977022 1 12912
1432199605 2 12829 1432199636 1 12914
1432225449 0 4924 1432225531 2 12831
1432447020 2 12856 1432447051 1 12918
1435270643 0 4941 1435270760 1 12953
1436359257 0 4948 1436359377 1 12966
1439880434 0 4960 1439880522 2 12872
1439907268 2 12874 1439907299 1 13015
1440767676 0 4966 1440767761 2 12940
1448181011 2 12963 1448181043 1 13125
1448288286 0 4996 1448288370 2 12969
1448441740 2 12979 1448441771 1 13129
1448507723 1 13130 1448507782 2 12984
1448592659 2 12995 1448592695 1 13131
1448998888 2 13045 1448998926 1 13135
1456517482 2 13072 1456517513 1 13240
1457036281 2 13105 1457036313 1 13246
1457100478 2 13110 1457100513 1 13247
1457341449 2 13127 1457341485 1 13251
1459583917 0 5032 1459584034 1 13284
1461409918 0 5037 1461410037 1 13309
1464762523 2 13150 1464762557 1 13355
1465449297 0 5053 1465449382 2 13213
1465482402 2 13218 1465482436 1 13360
1465591587 2 13233 1465591620 1 13361
1465680479 2 13245 1465680512 1 13363
1465884881 2 13261 1465884912 1 13366
1469488193 0 5064 1469488310 1 13416
1471110834 0 5070 1471110948 1 13437
1473237505 2 13275 1473237539 1 13465
1473303629 2 13278 1473303661 1 13466
1473373423 0 5086 1473373508 2 13286
1473586418 2 13304 1473586455 1 13468
1473736296 0 5088 1473736381 2 13319
1473847724 2 13330 1473847757 1 13471
1481540872 2 13367 1481540906 1 13579
1481619557 2 13374 1481619591 1 13580
1481843234 2 13391 1481843264 1 13583
1482190542 2 13424 1482190576 1 13589
1487214868 1 13659 1487214909 0 5126
1490768163 0 5141 1490768248 2 13549
1498907187 0 5169 1498907271 2 13633
1506438507 0 5191 1506438591 2 13666
1545103072 0 5326 1545103189 1 13688
1548006788 2 13688 1548006819 1 13717
1548152082 0 5333 1548152169 2 13696
1548280753 2 13709 1548280786 1 13721
1548962156 0 5334 1548962277 1 13727
1553751171 0 5353 1553751285 1 13776
1556526504 0 5363 1556526602 2 13740
1556862766 2 13766 1556862796 1 13808
1557030315 2 13775 1557030350 1 13810
1557448917 0 5367 1557449036 1 13814
1557463748 2 13812 1557463780 1 13815
1561689467 0 5389 1561689589 1 13858
1565220194 1 13894 1565220330 2 13852
1565415932 2 13880 1565415966 1 13897
1565529099 2 13895 1565529134 1 13898
1566918957 0 5411 1566919074 1 13912
1573253904 2 13909 1573253936 1 13976
1573420743 2 13921 1573420772 1 13978
1573480362 2 13925 1573480393 1 13979
1573939612 2 13959 1573939646 1 13983
1573949758 2 13960 1573949793 1 13984
1574071202 2 13968 1574071237 1 13985
1580616064 0 5456 1580616181 1 14076
1581319610 0 5459 1581319693 2 13982
1581860996 2 14015 1581861029 1 14090
1581879992 2 14016 1581880026 1 14091
1581887331 0 5461 1581887469 2 14018
1581989306 0 5462 1581989390 2 14027
1582046176 2 14033 1582046211 1 14093
1582155905 2 14050 1582155936 1 14094
1582236646 2 14058 1582236676 1 14095
1582293571 2 14067 1582293602 1 14096
1582434383 2 14075 1582434417 1 14098
1582501364 2 14080 1582501395 1 14099
1583861257 0 5469 1583861379 1 14118
1587025040 0 5478 1587025156 1 14162
1588735432 0 5485 1588735552 1 14185
1589706026 2 14091 1589706057 1 14195
1589863926 2 14097 1589863961 1 14197
1589975072 2 14100 1589975105 1 14198
1590063705 2 14109 1590063736 1 14200
1590100918 2 14110 1590100953 1 14201
1590196206 2 14113 1590196238 1 14202
1590557032 0 5493 1590557117 2 14152 1590557149 1 14207
1590576671 2 14155 1590576706 1 14208
1590625871 2 14167 1590625907 1 14209
1590732051 2 14184 1590732086 1 14210
1590820373 2 14194 1590820406 1 14211
1593787571 0 5500 1593787689 1 14254
1598190806 2 14208 1598190839 1 14315
1598348685 2 14219 1598348717 1 14317
1598398655 2 14223 1598398687 1 14318
1598522733 2 14236 1598522767 1 14320
1598771909 2 14257 1598772046 1 14324
1598844893 2 14267 1598844925 1 14325
1598899670 2 14275 1598899701 1 14326
1599100047 2 14302 1599100080 1 14328
1599211270 0 5518 1599211355 2 14308
1606523104 2 14326 1606523135 1 14428
1606584715 2 14333 1606584746 1 14429
1606698124 2 14341 1606698157 1 14431
1606791502 2 14351 1606791537 1 14432
1606812662 2 14354 1606812694 1 14433
1606903868 2 14360 1606903898 1 14434
1607010454 2 14369 1607010489 1 14436
1607203540 2 14387 1607203573 1 14439
1607415793 2 14405 1607415825 1 14440
1607436982 2 14407 1607437015 1 14441
1615038227 0 5578 1615038312 2 14437
1615055461 2 14438 1615055493 1 14543
1615253256 2 14449 1615253287 1 14545
1615268126 2 14450 1615268158 1 14546
1615291552 2 14452 1615291584 1 14547
1615339362 0 5580 1615339443 2 14457
1615490238 0 5582 1615490284 2 14472
1615700281 0 5584 1615700370 2 14503
1616646000 0 5586 1616646118 1 14564
1620429899 0 5601 1620430019 1 14614
1623467441 0 5613 1623467524 2 14544
1623595562 0 5614 1623595644 2 14554
1623777513 2 14572 1623777545 1 14659
1623890916 2 14583 1623890950 1 14661
1623976676 2 14592 1623976706 1 14662
1624521569 0 5617 1624521688 1 14670
1631224601 2 14621 1631224634 1 14765
1631521838 2 14629 1631521871 1 14769
1631970373 2 14655 1631970407 1 14774
1632086306 2 14664 1632086341 1 14775
1632333162 2 14696 1632333193 1 14779
1632456219 2 14712 1632456249 1 14781
1632463799 0 5637 1632463884 2 14714
1632527081 2 14720 1632527115 1 14782
1632646714 2 14727 1632646746 1 14783
1638038761 1 14856 1638038873 0 5656
1639612223 2 14731 1639612257 1 14878
1639623100 2 14732 1639623133 1 14879
1639864316 1 14882 1639864408 2 14739
1640478890 2 14780 1640478922 1 14890
1640531799 2 14788 1640531833 1 14891
1640560698 2 14793 1640560733 1 14892
1648571969 2 14852 1648572001 1 15004
1648669942 2 14863 1648669972 1 15006
1648905959 0 5684 1648906043 2 14894
1648926898 2 14899 1648926935 1 15009
1648935650 2 14901 1648935685 1 15010
1649053792 2 14915 1649053825 1 15011
1649079646 2 14916 1649079681 1 15012
1655428192 0 5703 1655428307 1 15099
1656807413 2 14958 1656807445 1 15119
1656832154 2 14959 1656832188 1 15120
1656956093 2 14971 1656956126 1 15121
1657005898 0 5704 1657005980 2 14978
1657216390 2 14994 1657216422 1 15125
1657319092 2 15004 1657319132 1 15126
1657450891 2 15012 1657450924 1 15129
1657802429 0 5707 1657802547 1 15134
1660967196 0 5717 1660967314 1 15176
1664838567 2 15032 1664838596 1 15229
1665147912 2 15053 1665147945 1 15234
1665195473 2 15055 1665195505 1 15235
1665237480 2 15060 1665237510 1 15236
1665483549 2 15087 1665483581 1 15240
1665719441 0 5729 1665719523 2 15109
1665728825 2 15110 1665728857 1 15244
1665847769 2 15119 1665847802 1 15245
1673157066 2 15139 1673157098 1 15342
1673542950 2 15168 1673542982 1 15347
1673686457 0 5760 1673686576 1 15349
1673764728 0 5761 1673764838 1 15350
1673923654 2 15197 1673923691 1 15352
1673966581 0 5762 1673966665 2 15202
1675722756 0 5769 1675722870 1 15376
1690572324 0 5804 1690572411 2 15392
1739706027 2 15415 1739706057 1 15484
1739981615 0 5973 1739981702 2 15432
1740514442 2 15473 1740514479 1 15493
1740617421 2 15486 1740617453 1 15494
1748303503 2 15510 1748303533 1 15573
1748675870 2 15536 1748675905 1 15577
1752826962 0 6014 1752827079 1 15620
1755701259 0 6025 1755701379 1 15650
1756512859 2 15596 1756512890 1 15658
1756571481 2 15598 1756571511 1 15660
1756617395 2 15601 1756617429 1 15661
1756676841 0 6028 1756676926 2 15605
1756864604 2 15613 1756864638 1 15664
1757019754 2 15622 1757019788 1 15666
1757178029 0 6031 1757178114 2 15637
1757309325 2 15650 1757309360 1 15670
1757365336 0 6033 1757365427 2 15655
1761362424 0 6047 1761362542 1 15725
1764931738 1 15774 1764931818 2 15682
1765049685 2 15690 1765049717 1 15776
1765146833 2 15699 1765146864 1 15777
1765264765 2 15708 1765264796 1 15779
1765363963 2 15715 1765363998 1 15780
1765415668 2 15721 1765415700 1 15781
1765476907 2 15726 1765476941 1 15782
1765721835 2 15758 1765721868 1 15783
1765731817 2 15760 1765731848 1 15784
1768767719 0 6075 1768767838 1 15826
1773405883 2 15793 1773405917 1 15889
1773553854 2 15805 1773553885 1 15890
1773653861 2 15816 1773653893 1 15893
1773938048 2 15844 1773938081 1 15894
1773964111 0 6092 1773964197 2 15846
1774037789 2 15856 1774037824 1 15895
1777747557 0 6106 1777747676 1 15946
1781922097 2 15919 1781922129 1 16004
1782103962 0 6117 1782104046 2 15941
1782264375 2 15954 1782264409 1 16007
1782271801 2 15955 1782271831 1 16008
1782327209 2 15964 1782327242 1 16009
1782430742 2 15975 1782430773 1 16010
1782544928 2 15987 1782544960 1 16012
1789232730 1 16105 1789232792 0 6140
1789812841 2 15998 1789812874 1 16113
1789873487 2 16003 1789873518 1 16114
1789942718 0 6144 1789942746 2 16005
1789995892 2 16009 1789995923 1 16115
1790007417 2 16011 1790007449 1 16116
1790660445 2 16073 1790660478 1 16123
1790838166 2 16090 1790838196 1 16126
1798246176 2 16112 1798246209 1 16226
1798431278 2 16120 1798431309 1 16228
1798473054 2 16123 1798473086 1 16229
1798777531 2 16149 1798777564 1 16234
1798822688 2 16152 1798822723 1 16235
1799227447 2 16195 1799227480 1 16239
1806762708 0 6207 1806762792 2 16226
1806908185 2 16230 1806908216 1 16344
1807290301 2 16271 1807290334 1 16349
1807299288 2 16273 1807299321 1 16350
1807458470 2 16289 1807458504 1 16353
1807515740 2 16291 1807515793 1 16354
1807644198 2 16295 1807644234 1 16355
1814977973 2 16314 1814978005 1 16455
1814980472 2 16315 1814980502 1 16456
1815095357 0 6231 1815095476 1 16458
1815390148 2 16349 1815390182 1 16463
1815873607 2 16404 1815873642 1 16470
1815900870 2 16406 1815900905 1 16471
1823534183 2 16436 1823534213 1 16576
1823597354 2 16442 1823597388 1 16578
1823851104 2 16465 1823851136 1 16581
1823907972 0 6256 1823908059 2 16470
1824142397 2 16491 1824142429 1 16584
1830356620 0 6285 1830356738 1 16663
1831381943 2 16510 1831381978 1 16674
1831475002 2 16514 1831475036 1 16675
1831669729 2 16522 1831669764 1 16677
1831682941 2 16523 1831682971 1 16678
1832259540 2 16576 1832259572 1 16686
1832398177 2 16590 1832398212 1 16689
1832545945 0 6298 1832546029 2 16609
1839842446 2 16625 1839842481 1 16787
1840069029 2 16636 1840069057 1 16791
1840170439 2 16643 1840170474 1 16793
1840289753 2 16656 1840289787 1 16795
1840353346 2 16659 1840353381 1 16796
1840496582 2 16666 1840496617 1 16797
1840531700 2 16671 1840531732 1 16798
1840577528 2 16678 1840577560 1 16799
1840677347 2 16687 1840677379 1 16800
1840759333 2 16692 1840759365 1 16801
1840783458 2 16694 1840783494 1 16802
1840824386 2 16700 1840824420 1 16803
1840916105 0 6329 1840916189 2 16710
1848471647 2 16742 1848471681 1 16912
1848479213 0 6347 1848479299 2 16743
1848586346 2 16752 1848586378 1 16913
1848637711 2 16759 1848637744 1 16914
1848804925 2 16776 1848804960 1 16916
1848811728 2 16777 1848811762 1 16917
1848873710 2 16784 1848873744 1 16918
1849097884 2 16814 1849097914 1 16920
1856925801 2 16867 1856925836 1 17029
1857095540 2 16880 1857095571 1 17031
1857121275 2 16882 1857121310 1 17032
1857172035 0 6372 1857172119 2 16886
1857202782 2 16891 1857202817 1 17033
1857480092 2 16931 1857480125 1 17035
1857554303 2 16939 1857554333 1 17036
1857645073 1 17037 1857645187 2 16943
1860397194 0 6379 1860397313 1 17078
1865103360 0 6395 1865103445 2 16970
1865158816 0 6396 1865158901 2 16973
1873602270 0 6418 1873602356 2 17101
1923311932 2 17116 1923311960 1 17175
1923322820 0 6582 1923322905 2 17117
1923369996 2 17121 1923370030 1 17176
1923966350 2 17167 1923966385 1 17181
1924120411 2 17180 1924120444 1 17182
1925335486 1 17195 1925335563 0 6588
1931547968 2 17194 1931547999 1 17259
1932058399 2 17227 1932058432 1 17263
1932102648 0 6612 1932102731 2 17233
1932229387 2 17244 1932229422 1 17265
1932276111 2 17254 1932276148 1 17266
1939964840 2 17280 1939964870 1 17345
1940054375 2 17285 1940054410 1 17346
1940244325 2 17305 1940244358 1 17348
1940354779 0 6637 1940354866 2 17314
1940409097 2 17322 1940409132 1 17350
1940516825 2 17334 1940516860 1 17351
1940611174 2 17345 1940611207 1 17352
1941772644 0 6642 1941772762 1 17364
1947937618 2 17356 1947937653 1 17452
1948379223 2 17373 1948379258 1 17455
1948515381 0 6662 1948515381 2 17382
1948600036 2 17390 1948600073 1 17459
1948761566 2 17407 1948761597 1 17461
1949053256 2 17431 1949053288 1 17466
1949084852 2 17434 1949084884 1 17467
1949188749 2 17450 1949188781 1 17469
1949194359 0 6663 1949194445 2 17451
1953860529 0 6681 1953860648 1 17529
1953945724 0 6683 1953945841 1 17531
1956681031 2 17471 1956681062 1 17568
1956785644 2 17481 1956785677 1 17569
1956865300 2 17491 1956865338 1 17570
1956917675 0 6693 1956917762 2 17496
1956944524 0 6694 1956944617 2 17500
1957172390 2 17511 1957172422 1 17574
1957258248 0 6696 1957258332 2 17525
1957406471 2 17546 1957406505 1 17577
1957553338 2 17557 1957553370 1 17579
1958786869 0 6704 1958786988 1 17595
1960663923 0 6715 1960663994 1 17618
1965096250 0 6730 1965096335 2 17581
1965101622 2 17582 1965101653 1 17677
1965648525 2 17642 1965648561 1 17684
1965697201 2 17649 1965697236 1 17685
1965836965 2 17666 1965836996 1 17687
1973509593 2 17702 1973509626 1 17790
1973537702 2 17705 1973537735 1 17792
1973551665 2 17708 1973551699 1 17793
1973632354 2 17711 1973632388 1 17794
1973687264 2 17716 1973687297 1 17795
1973924891 2 17741 1973924924 1 17798
1974183128 2 17764 1974183162 1 17802
1974203454 2 17766 1974203483 1 17803
1981598658 2 17788 1981598691 1 17908
1981732973 2 17794 1981733007 1 17910
1981989784 2 17809 1981989814 1 17913
1982032606 0 6782 1982032691 2 17814
1982186598 2 17826 1982186630 1 17915
1982238877 2 17834 1982238907 1 17916
1982386515 2 17854 1982386551 1 17917
1982640070 2 17879 1982640099 1 17919
1985983488 0 6792 1985983608 1 17969
1986663412 0 6794 1986663528 1 17979
1987546918 0 6800 1987547033 1 17989
1990355325 2 17916 1990355359 1 18026
1990484736 2 17928 1990484768 1 18028
1990644622 2 17948 1990644653 1 18029
1990767813 2 17960 1990767844 1 18031
1997965298 2 17979 1997965332 1 18130
1998153962 0 6838 1998154005 2 17983
1998364555 2 17995 1998364587 1 18137
1998445806 2 17998 1998445841 1 18139
1998941337 2 18048 1998941371 1 18144
1999012399 2 18058 1999012433 1 18145
1999359588 0 6842 1999359674 2 18095
2006712923 0 6871 2006713006 2 18112
2007013895 2 18141 2007013929 1 18252
2007071916 2 18143 2007071951 1 18253
2007093136 2 18145 2007093167 1 18254
2007305528 2 18165 2007305560 1 18257
2007613299 2 18194 2007613329 1 18262
2015078152 2 18216 2015078185 1 18364
2015137918 0 6900 2015138004 2 18222
2015284528 2 18230 2015284558 1 18367
2015411622 2 18239 2015411655 1 18369
2015529924 2 18244 2015529957 1 18371
2015603949 2 18253 2015603983 1 18372
2015841269 2 18279 2015841300 1 18376
2015925856 2 18293 2015925889 1 18377
2015976521 2 18294 2015976551 1 18378
2016031017 0 6902 2016031103 2 18298
2016036766 2 18299 2016036893 1 18379
2022983059 2 18306 2022983098 1 18475
2023505275 2 18318 2023505307 1 18479
2023833108 2 18352 2023833137 1 18484
2023977173 2 18371 2023977206 1 18486
2024141285 0 6930 2024141371 2 18385
2024204769 2 18391 2024204802 1 18489
2028194714 0 6945 2028194834 1 18540
2031872508 2 18435 2031872542 1 18588
2032057815 2 18449 2032057849 1 18592
2032125844 2 18454 2032125874 1 18593
2032154772 0 6954 2032154855 2 18457
2032215731 2 18461 2032215765 1 18594
2032270663 0 6957 2032270748 2 18465
2032439460 2 18480 2032439496 1 18596
2032751061 2 18501 2032751095 1 18601
2040017618 2 18514 2040017649 1 18702
2040305377 2 18530 2040305410 1 18706
2040470608 2 18542 2040470644 1 18709
2040565514 2 18548 2040565549 1 18710
2040569327 2 18549 2040569361 1 18711
2040716019 2 18564 2040716050 1 18713
2040776125 0 6977 2040776194 2 18571
2040884879 2 18585 2040884913 1 18715
2040957544 0 6979 2040957630 2 18592
2041019126 2 18597 2041019161 1 18717
2048540986 2 18628 2048541018 1 18818
2048579626 2 18631 2048579661 1 18819
2048729321 2 18643 2048729353 1 18820
2048732499 0 7008 2048732584 2 18644
2048753530 0 7009 2048753615 2 18646
2049076816 0 7012 2049076900 2 18678
2106767130 2 18838 2106767162 1 18850
2106846395 2 18844 2106846426 1 18851
2106896222 2 18849 2106896253 1 18852
2115195639 2 18882 2115195672 1 18938
2123406441 0 7253 2123406528 2 18961
2123570354 2 18969 2123570389 1 19023
2123878154 2 18995 2123878221 1 19026
2124005912 1 19028 2124005975 2 19014
2124120449 2 19028 2124120502 1 19029
2131861407 0 7289 2131861494 2 19050
2131890634 2 19052 2131890669 1 19113
2131998145 2 19057 2131998174 1 19114
2132218423 2 19085 2132218456 1 19118
2132283620 2 19094 2132283651 1 19119
2132397698 2 19111 2132397731 1 19121
2132552696 0 7290 2132552782 2 19123
2139798246 2 19127 2139798282 1 19220
2140035577 2 19132 2140035607 1 19222
2140045074 2 19133 2140045105 1 19223
2140310249 2 19149 2140310350 1 19226
2140515803 2 19166 2140515834 1 19230
2140796065 2 19203 2140796098 1 19234
2140842144 2 19208 2140842175 1 19235
2140916204 2 19218 2140916236 1 19236
2148059278 2 19231 2148059311 1 19333
2148226443 0 7347 2148226532 2 19234
2148456469 2 19248 2148456505 1 19339
2148580425 2 19258 2148580458 1 19341
2148686519 2 19263 2148686553 1 19342
2148808454 2 19276 2148808486 1 19344
2148849862 2 19282 2148849892 1 19345
2149081835 2 19316 2149081863 1 19348
2149169698 2 19330 2149169727 1 19350
2149268727 2 19342 2149268759 1 19351
2149360809 2 19348 2149360843 1 19352
2155509773 0 7383 2155509892 1 19431
2156707394 2 19363 2156707427 1 19443
2157110707 2 19397 2157110741 1 19449
2157356846 2 19424 2157356880 1 19453
2157426839 2 19432 2157426872 1 19454
2157516331 2 19439 2157516362 1 19455
2164967461 1 19553 2164967542 0 7427
2165311264 1 19558 2165311296 2 19482
2165371810 2 19488 2165371843 1 19560
2165560704 0 7428 2165560789 2 19507
2170304150 0 7450 2170304266 1 19625
2171416298 0 7454 2171416415 1 19640
2173629428 2 19596 2173629459 1 19673
2173745591 2 19606 2173745625 1 19674
2173784656 2 19608 2173784690 1 19675
2173960769 2 19631 2173960802 1 19676
2174105638 2 19646 2174105674 1 19678
2174259909 2 19661 2174259945 1 19681
2177690152 0 7468 2177690272 1 19730
2181864692 2 19689 2181864722 1 19789
2181972377 2 19700 2181972406 1 19790
2182203458 2 19719 2182203492 1 19793
2182391443 0 7481 2182391530 2 19745
2182641285 2 19776 2182641318 1 19798
2182656759 2 19778 2182656793 1 19799
2182712363 2 19781 2182712398 1 19800
2183398001 0 7484 2183398118 1 19810
2189982044 2 19789 2189982081 1 19901
2190041447 2 19791 2190041478 1 19903
2190663652 2 19835 2190663686 1 19911
2190873142 2 19856 2190873175 1 19914
2190905891 2 19858 2190905922 1 19915
2190935929 0 7506 2190936014 2 19862
2190954345 2 19864 2190954379 1 19916
2191055788 2 19874 2191055822 1 19917
2198007861 2 19875 2198007893 1 20013
2198166154 2 19881 2198166187 1 20015
2198484188 2 19900 2198484222 1 20018
2198513950 2 19903 2198514099 0 7533
2198591441 2 19909 2198591477 1 20019
2198642127 2 19914 2198642161 1 20020
2198737188 2 19919 2198737214 1 20021
2198819927 2 19924 2198819961 1 20023
2198960379 2 19940 2198960412 1 20025
2199045041 2 19948 2199045074 1 20026
2199066385 2 19952 2199066419 1 20027
2199164871 2 19963 2199164902 1 20028
2199343502 2 19979 2199343533 1 20031
2206509899 2 19983 2206509919 1 20128
2206751540 0 7561 2206751623 2 19998
2206757924 2 20000 2206757957 1 20132
2207003357 2 20019 2207003396 1 20135
2207180545 2 20035 2207180576 1 20139
2207260329 2 20041 2207260362 1 20140
2207492010 2 20063 2207492045 1 20144
2215128070 0 7595 2215128152 2 20098
2215234723 2 20104 2215234754 1 20247
2215470285 0 7596 2215470368 2 20114
2215741337 1 20253 2215741486 2 20139
2215745112 2 20140 2215745238 1 20254
2215809168 2 20150 2215809211 1 20255
2215984721 2 20171 2215984753 1 20258
2216129571 2 20183 2216129605 1 20259
2223281718 2 20192 2223281751 1 20352
2223515426 2 20203 2223515460 1 20355
2223539184 2 20204 2223539216 1 20357
2223665857 2 20212 2223665892 1 20358
2223814770 2 20228 2223814801 1 20360
2223837361 0 7628 2223837446 2 20232
2223852443 2 20233 2223852474 1 20361
2223980391 2 20250 2223980423 1 20363
2224105519 2 20264 2224105554 1 20364
2224148463 2 20269 2224148494 1 20365
2230669204 0 7653 2230669324 1 20453
2231960021 2 20316 2231960055 1 20470
2232106647 2 20327 2232106662 1 20472
2232139837 2 20329 2232139869 1 20473
2232304118 2 20342 2232304150 1 20476
2232502175 2 20370 2232502211 1 20479
2248495712 0 7729 2248495799 2 20510
2291997250 0 7863 2291997368 1 20542
2294245686 0 7866 2294245805 1 20565
2298554040 2 20554 2298554073 1 20610
2298640197 2 20562 2298640228 1 20611
2299006773 2 20600 2299006803 1 20615
2299330147 2 20617 2299330178 1 20617
2307214481 2 20670 2307214512 1 20697
2307289449 2 20677 2307289484 1 20699
2307468125 0 7912 2307468207 2 20698
2315192867 2 20719 2315192898 1 20780
2315244102 2 20722 2315244136 1 20781
2315387245 2 20736 2315387278 1 20782
2315410353 2 20740 2315410387 1 20783
2315613762 2 20760 2315613798 1 20784
2323543783 2 20806 2323543819 1 20892
2323600811 2 20810 2323600844 1 20893
2323726416 0 7957 2323726500 2 20819
2323862762 2 20830 2323862795 1 20894
2323962249 2 20840 2323962278 1 20895
2324027061 2 20847 2324027093 1 20896
2324238697 2 20864 2324238729 1 20899
2331844056 2 20898 2331844089 1 21004
2332013424 0 7988 2332013507 2 20913
2332180419 2 20928 2332180451 1 21006
2332306706 2 20939 2332306744 1 21008
2332418157 2 20950 2332418192 1 21009
2332427689 2 20952 2332427721 1 21010
2332439973 0 7990 2332440059 2 20955
2332442944 0 7991 2332443029 2 20956
2332558307 2 20971 2332558361 0 7992
2332597926 2 20976 2332597959 1 21012
2332686821 2 20981 2332686856 1 21013
2337798011 0 8007 2337798128 1 21084
2340387111 2 21019 2340387143 1 21119
2340706653 2 21055 2340706687 1 21124
2341104861 2 21083 2341104893 1 21130
2348771167 0 8045 2348771251 2 21129
2348780810 2 21130 2348780842 1 21235
2348818563 2 21135 2348818594 1 21236
2348921599 0 8046 2348921684 2 21147
2349127588 0 8047 2349127676 2 21172
2349238467 2 21186 2349238502 1 21241
2349265316 2 21189 2349265347 1 21242
2349294978 0 8048 2349295062 2 21194
2349342515 2 21197 2349342545 1 21243
2356779840 2 21222 2356779872 1 21349
2357204297 2 21251 2357204328 1 21356
2357322741 0 8065 2357322828 2 21260
2357412734 2 21269 2357412767 1 21359
2357543225 0 8066 2357543310 2 21284
2357638148 2 21293 2357638179 1 21362
2357707511 2 21297 2357707544 1 21363
2365143379 2 21329 2365143414 1 21460
2365358283 2 21344 2365358315 1 21464
2365368939 0 8100 2365369023 2 21346
2365472285 2 21355 2365472319 1 21466
2365582508 2 21367 2365582620 1 21468
2365644448 2 21374 2365644482 1 21469
2365773387 2 21390 2365773419 1 21471
2373544545 2 21451 2373544575 1 21582
2373830388 2 21473 2373830419 1 21586
2373861728 2 21476 2373861759 1 21587
2373927333 2 21482 2373927365 1 21588
2374062362 2 21494 2374062398 1 21589
2374487390 2 21539 2374487423 1 21594
2381766827 2 21560 2381766860 1 21695
2381780681 2 21562 2381780713 1 21697
2381798824 0 8143 2381798910 2 21564
2381856147 2 21569 2381856177 1 21698
2382094425 2 21587 2382094460 1 21700
2382418923 2 21619 2382418956 1 21704
2383275346 0 8148 2383275465 1 21717
2390166706 2 21673 2390166741 1 21813
2390508847 2 21694 2390508878 1 21816
2390648989 2 21700 2390649022 1 21819
2390748005 2 21708 2390748040 1 21820
2390856585 2 21720 2390856617 1 21822
2392133830 1 21839 2392133858 0 8175
2395924555 0 8187 2395924674 1 21893
2397860261 0 8191 2397860380 1 21921
2398826158 0 8193 2398826241 2 21777
2399171880 2 21826 2399171911 1 21939
2399480376 0 8196 2399480491 1 21944
2406806113 2 21869 2406806148 1 22045
2407240952 2 21897 2407240984 1 22052
2407452372 2 21915 2407452404 1 22054
2411021831 0 8234 2411021949 1 22103
2412733959 0 8240 2412734078 1 22126
2415324294 2 21978 2415324324 1 22161
2415370351 2 21982 2415370385 1 22162
2415700146 2 22022 2415700178 1 22167
2415802239 2 22040 2415802273 1 22168
2415930959 2 22058 2415930996 1 22170
2416028268 2 22076 2416028300 1 22171
2416035813 2 22077 2416035845 1 22172
2416098130 2 22085 2416098166 1 22173
2418917420 0 8260 2418917539 1 22211
2431756440 0 8305 2431756525 2 22193
2477933711 0 8451 2477933828 1 22274
2478429506 0 8455 2478429623 1 22279
2481633716 2 22247 2481633751 1 22312
2482004144 2 22265 2482004176 1 22316
2482115259 0 8464 2482115345 2 22274
2482193738 2 22282 2482193771 1 22317
2482335301 2 22301 2482335333 1 22320
2482444682 0 8465 2482444766 2 22313
2487794405 0 8476 2487794523 1 22375
2490096351 2 22332 2490096384 1 22398
2490289796 2 22344 2490289830 1 22399
2490395239 2 22357 2490395274 1 22401
2490572976 2 22374 2490573010 1 22403
2490644110 2 22383 2490644142 1 22404
2498550549 0 8508 2498550639 2 22426
2498570641 0 8509 2498570728 2 22431
2498829140 2 22448 2498829177 1 22491
2498912504 2 22457 2498912536 1 22492
2499096204 2 22476 2499096239 1 22495
2504952204 0 8530 2504952322 1 22576
2507185325 2 22530 2507185358 1 22606
2507221200 0 8537 2507221284 2 22532
2507360732 2 22547 2507360765 1 22609
2507401784 2 22553 2507401819 1 22610
2514920158 2 22605 2514920192 1 22714
2515156515 2 22616 2515156577 1 22717
2515375445 2 22630 2515375477 1 22720
2515537190 2 22634 2515537221 1 22722
2516038186 0 8569 2516038314 2 22701
2516105863 0 8570 2516105947 2 22709
2521979784 0 8586 2521979901 1 22811
2523453636 0 8590 2523453722 2 22721
2523589719 2 22730 2523589754 1 22833
2523687414 2 22740 2523687448 1 22834
2523717930 2 22745 2523717964 1 22835
2524076282 0 8593 2524076367 2 22773
2524119110 2 22779 2524119146 1 22839
2524161888 0 8594 2524161973 2 22784
2524392880 2 22797 2524392916 1 22842
2531792612 2 22815 2531792645 1 22942
2531818713 2 22819 2531818746 1 22943
2532120991 2 22839 2532121025 1 22946
2532206175 2 22843 2532206208 1 22947
2532414997 2 22864 2532415032 1 22951
2532441955 0 8623 2532442036 2 22866
2532500224 2 22871 2532500252 1 22952
2532594832 2 22882 2532594862 1 22953
2532691352 2 22892 2532691387 1 22954
2532845086 0 8624 2532845213 1 22957
2539802631 2 22904 2539802664 1 23047
2540272208 2 22920 2540272238 1 23053
2540281042 2 22921 2540281076 1 23054
2540341579 0 8652 2540341667 2 22926
2540424634 0 8654 2540424719 2 22929
2540742692 2 22967 2540742726 1 23059
2540972102 2 22997 2540972138 1 23062
2542708709 0 8659 2542708826 1 23088
2547345062 0 8675 2547345176 1 23151
2548357174 2 23018 2548357206 1 23168
2548659255 2 23038 2548659287 1 23170
2548753774 0 8680 2548753845 2 23046
2548851114 2 23058 2548851147 1 23172
2548997746 2 23070 2548997781 1 23174
2549114658 2 23084 2549114693 1 23176
2549336520 2 23112 2549336626 1 23179
2549361436 2 23116 2549361469 1 23180
2556887636 2 23145 2556887670 1 23283
2557081824 2 23159 2557081855 1 23286
2557424703 2 23190 2557424739 1 23292
2557610635 2 23208 2557610671 1 23294
2557707003 2 23217 2557707032 1 23296
2565197889 2 23241 2565197920 1 23398
2565297853 2 23248 2565297885 1 23399
2565515902 2 23267 2565515936 1 23401
2565578208 2 23273 2565578243 1 23403
2565894586 2 23302 2565894621 1 23407
2566017943 2 23312 2566017978 1 23409
2566115882 2 23319 2566115918 1 23410
2570137677 0 8747 2570137797 1 23464
2573657451 2 23353 2573657482 1 23510
2573700315 2 23355 2573700351 1 23511
2573763759 2 23361 2573763790 1 23512
2573866886 0 8758 2573866970 2 23371
2574174853 2 23404 2574174885 1 23518
2574335438 0 8760 2574335506 2 23425
2577430862 0 8767 2577430981 1 23564
2581806550 2 23452 2581806584 1 23624
2582157395 2 23483 2582157429 1 23628
2582352594 2 23512 2582352625 1 23630
2582414577 2 23516 2582414613 1 23631
2582493446 2 23523 2582493479 1 23632
2582574206 0 8789 2582574289 2 23535
2582639909 2 23541 2582639940 1 23635
2589761870 2 23560 2589761903 1 23731
2590154472 2 23571 2590154505 1 23737
2590569623 2 23603 2590569658 1 23744
2590726581 0 8813 2590726664 2 23613
2590785146 2 23620 2590785179 1 23747
2591004835 2 23640 2591004869 1 23750
2591606821 0 8816 2591606935 1 23757
2594288450 0 8822 2594288568 1 23797
2595495537 0 8825 2595495655 1 23813
2597055788 0 8828 2597055907 1 23836
2598336538 2 23665 2598336572 1 23853
2598533645 2 23682 2598533676 1 23856
2598561620 2 23683 2598561654 1 23857
2598627170 2 23688 2598627202 1 23858
2598784374 0 8835 2598784459 2 23699 2598784490 1 23859
2598826040 2 23703 2598826071 1 23860
2598986708 2 23716 2598986740 1 23862
2599270339 2 23744 2599270376 1 23866
2599371815 2 23753 2599371847 1 23868
2607393007 0 8859 2607393092 2 23826
2662081180 0 9046 2662081279 1 23972
2665152663 0 9050 2665152750 2 23969
2665457069 2 23994 2665457102 1 24007
2665567889 2 24002 2665567920 1 24008
2665600116 2 24007 2665600148 1 24009
2666537269 1 24019 2666537325 0 9056
2667530882 0 9060 2667530999 1 24029
2673213964 2 24018 2673213997 1 24087
2673510385 2 24032 2673510418 1 24089
2674225666 2 24093 2674225700 1 24097
2674576226 0 9079 2674576344 1 24100
2677694228 0 9089 2677694343 1 24132
2681818045 2 24111 2681818076 1 24173
2682060577 0 9104 2682060660 2 24123
2682064182 2 24124 2682064214 1 24176
2682134750 0 9105 2682134835 2 24130
2682194203 2 24134 2682194224 1 24177
2682243735 2 24142 2682243769 1 24178
2689555722 0 9134 2689555841 1 24263
2690321078 2 24196 2690321114 1 24270
2690378796 2 24198 2690378828 1 24271
2690413394 2 24201 2690413426 1 24273
2690870828 2 24244 2690870861 1 24280
2691157440 2 24267 2691157470 1 24283
2691232056 2 24271 2691232087 1 24286
2694278339 0 9146 2694278458 1 24330
2698555893 2 24294 2698555924 1 24388
2698690755 2 24304 2698690788 1 24390
2698715585 2 24306 2698715611 1 24391
2698862957 2 24318 2698863068 0 9163
2698922995 2 24322 2698923027 1 24394
2699003270 2 24329 2699003302 1 24395
2699319580 2 24369 2699319712 1 24399
2699338235 0 9164 2699338320 2 24374
2707002162 2 24416 2707002194 1 24505
2707121145 2 24426 2707121174 1 24507
2707451019 2 24451 2707451054 1 24512
2707516263 2 24459 2707516299 1 24513
2707559464 2 24467 2707559495 1 24514
2707903946 1 24517 2707904022 2 24498
2712936689 0 9205 2712936776 1 24588
2715072932 2 24507 2715072966 1 24616
2715325796 2 24523 2715325828 1 24620
2715420538 2 24529 2715420571 1 24621
2715645075 2 24543 2715645108 1 24624
2715665849 2 24546 2715665882 1 24625
2715707397 2 24554 2715707432 1 24626
2716047543 2 24592 2716047574 1 24630
2716098259 0 9218 2716098344 2 24596
2716120835 2 24597 2716120866 1 24631
2717082250 0 9221 2717082370 1 24645
2717173095 0 9222 2717173210 1 24646
2723508971 0 9241 2723509057 2 24617
2723761566 2 24627 2723761599 1 24737
2724076023 2 24657 2724076057 1 24739
2724089632 2 24658 2724089666 1 24740
2724329296 1 24743 2724329403 2 24683
2727967373 0 9258 2727967487 1 24794
2731819396 2 24716 2731819427 1 24848
2732286687 2 24753 2732286719 1 24852
2732403822 0 9271 2732403906 2 24765
2732575062 0 9272 2732575145 2 24781
2740455914 0 9292 2740455997 2 24840
2740588457 2 24851 2740588489 1 24969
2740854148 2 24885 2740854184 1 24973
2740956799 2 24898 2740956835 1 24974
2741008463 2 24906 2741008495 1 24975
2748668131 2 24946 2748668166 1 25082
2748731163 0 9315 2748731249 2 24952
2748776558 2 24955 2748776592 1 25084
2748787797 2 24956 2748787832 1 25085
2748951534 2 24973 2748951565 1 25087
2749117246 2 24991 2749117278 1 25089
2749178430 2 24996 2749178465 1 25090
2749240333 0 9318 2749240417 2 25004
2749268808 2 25007 2749268840 1 25091
2749518359 2 25034 2749518393 1 25094
2749545919 2 25040 2749545951 1 25095
2750111460 0 9324 2750111578 1 25102
2750662740 0 9327 2750662857 1 25109
2756625212 2 25050 2756625246 1 25189
2757006656 2 25066 2757006688 1 25194
2757045533 2 25069 2757045565 1 25195
2757121935 2 25077 2757121973 1 25196
2757255024 2 25084 2757255056 1 25198
2757358264 2 25093 2757358296 1 25200
2761965592 0 9367 2761965645 1 25263
2764141861 0 9372 2764141980 1 25294
2765069396 2 25164 2765069429 1 25306
2765221670 2 25173 2765221700 1 25309
2765420385 2 25187 2765420418 1 25312
2765540188 2 25200 2765540222 1 25313
2765579068 2 25204 2765579101 1 25314
2765659305 0 9377 2765659391 2 25208
2765740178 2 25211 2765740208 1 25315
2765790662 2 25218 2765790692 1 25316
2766140543 2 25265 2766140575 1 25322
2766204938 2 25271 2766204969 1 25323
2771070654 0 9391 2771070768 1 25389
2773657198 2 25302 2773657235 1 25421
2773943202 2 25327 2773943237 1 25426
2774131202 2 25344 2774131236 1 25429
2774189536 0 9405 2774189621 2 25349
2774345564 2 25362 2774345595 1 25432
2774515594 2 25377 2774515629 1 25434
2781624325 2 25385 2781624358 1 25520
2782098768 2 25405 2782098803 1 25527
2782243315 2 25411 2782243350 1 25529
2782404712 2 25423 2782404746 1 25532
2782548816 2 25438 2782548851 1 25534
2782602548 2 25444 2782602581 1 25535
2782673805 2 25453 2782673840 1 25536
2782802800 0 9442 2782802886 2 25464
2782886382 2 25472 2782886416 1 25539
2782931116 2 25475 2782931150 1 25540
2788293258 0 9460 2788293376 1 25612
2790568593 2 25510 2790568625 1 25645
2790780254 2 25531 2790780289 1 25648
2790802724 0 9468 2790802807 2 25534
2790834760 0 9470 2790834842 2 25540
2790898524 2 25544 2790898560 1 25649
2791010538 1 25651 2791010617 2 25561
2849347063 2 25686 2849347094 1 25686
2856225176 0 9674 2856225295 1 25757
2856904836 0 9679 2856904926 2 25703
2857197090 0 9680 2857197175 2 25729
2857369986 2 25747 2857370020 1 25769
2857420911 0 9681 2857420997 2 25749
2857475908 2 25753 2857475939 1 25770
2857649234 0 9682 2857649318 2 25767
2857846579 0 9683 2857846695 1 25774
2865206604 0 9706 2865206687 2 25786
2865416895 2 25805 2865416926 1 25852
2873639587 2 25877 2873639619 1 25946
2873727547 2 25883 2873727582 1 25947
2873886331 2 25894 2873886366 1 25949
2873915657 2 25897 2873915688 1 25950
2874178838 2 25923 2874178870 1 25954
2874224427 2 25928 2874224455 1 25955
2874355811 2 25942 2874355840 1 25956
2874391792 2 25947 2874391826 1 25957
2874450478 0 9731 2874450564 2 25953
2881865665 2 25970 2881865696 1 26060
2881923445 2 25974 2881923476 1 26061
2882389930 2 26011 2882389962 1 26068
2882484895 2 26028 2882484927 1 26069
2882653615 2 26049 2882653649 1 26072
2882750917 2 26062 2882750951 1 26074
2882847451 2 26072 2882847486 1 26075
2890024864 2 26082 2890024898 1 26174
2890197646 2 26089 2890197684 1 26176
2890422219 0 9780 2890422306 2 26106
2890691723 2 26135 2890691754 1 26183
2890703381 2 26137 2890703413 1 26184
2890894569 2 26161 2890894602 1 26186
2890948741 1 26187 2890948804 2 26168
2896373824 0 9808 2896373943 1 26257
2898461580 2 26196 2898461610 1 26287
2898490742 2 26197 2898490776 1 26288
2898508406 2 26198 2898508438 1 26289
2898620648 2 26205 2898620680 1 26291
2898739126 2 26216 2898739157 1 26293
2899037293 2 26238 2899037328 1 26297
2899047172 2 26239 2899047205 1 26298
2899226790 2 26263 2899226823 1 26300
2899521517 2 26298 2899521548 1 26304
2906630340 0 9832 2906630461 1 26405
2906827885 2 26313 2906827918 1 26407
2907164799 1 26412 2907164924 2 26333
2907322159 2 26348 2907322190 1 26414
2907657423 2 26385 2907657458 1 26418
2907813216 2 26403 2907813246 1 26421
2908539905 0 9837 2908540023 1 26432
2915506256 2 26444 2915506287 1 26526
2915771745 2 26474 2915771776 1 26527
2915832423 2 26485 2915832458 1 26528
2915945653 2 26499 2915945685 1 26529
2916035567 2 26508 2916035602 1 26530
2916098694 2 26519 2916098727 1 26531
2923279556 2 26535 2923279590 1 26627
2923680117 0 9899 2923680202 2 26556
2923944830 0 9900 2923944915 2 26583
2924029006 2 26588 2924029040 1 26637
2924409391 2 26619 2924409421 1 26642
2924456894 2 26621 2924456923 1 26643
2925231463 0 9907 2925231582 1 26653
2929737486 0 9923 2929737602 1 26715
2930408815 1 26722 2930408861 0 9928
2932338404 1 26748 2932338549 2 26663
2932447087 2 26675 2932447120 1 26749
2932459995 2 26676 2932460027 1 26750
2932534155 2 26686 2932534186 1 26752
2932594342 2 26698 2932594375 1 26753
2932673028 2 26714 2932673061 1 26754
2932705966 2 26722 2932705998 1 26755
2932911102 2 26744 2932911133 1 26758
2935679419 0 9943 2935679537 1 26797
2940264421 2 26768 2940264452 1 26858
2940393185 0 9960 2940393271 2 26781
2940428094 2 26783 2940428129 1 26861
2940448398 0 9961 2940448486 2 26785
2940651400 2 26801 2940651437 1 26863
2940878448 0 9963 2940878533 2 26823
2941047706 0 9964 2941047792 2 26839
2941071952 0 9965 2941072036 2 26842
2941093920 2 26844 2941093952 1 26870
2949058413 2 26907 2949058444 1 26975
2949153751 0 10000 2949153837 2 26917
2949298915 0 10001 2949298999 2 26925
2949308776 2 26926 2949308808 1 26978
2949312119 0 10002 2949312232 2 26927
2949522413 2 26946 2949522447 1 26981
2949571521 2 26950 2949571554 1 26982
2950841118 0 10008 2950841236 1 26998
2957067715 0 10027 2957067798 2 26985 2957067832 1 27085
2957103863 0 10028 2957103949 2 26987
2957146501 2 26991 2957146537 1 27086
2957440040 2 27007 2957440074 1 27089
2960474544 0 10043 2960474660 1 27130
2965140323 2 27061 2965140358 1 27193
2965286388 2 27065 2965286419 1 27195
2965506771 2 27080 2965506805 1 27199
2965866040 0 10060 2965866098 2 27112 2965866129 1 27205
2965930317 2 27119 2965930351 1 27206
2966206425 2 27157 2966206459 1 27208
2966325972 0 10062 2966326056 2 27163
2966329576 2 27164 2966329609 1 27210
2971512958 0 10081 2971513076 1 27281
2973816400 2 27189 2973816430 1 27314
2973848127 2 27194 2973848158 1 27315
2978301675 0 10103 2978301796 1 27375
3033031745 1 27381 3033031831 2 27381
3036858875 0 10294 3036858992 1 27421
3040154770 2 27387 3040154802 1 27455
3040562997 2 27407 3040563030 1 27460
3041072633 2 27457 3041072663 1 27464
3048541840 2 27480 3048541870 1 27542
3048936190 2 27502 3048936222 1 27545
3049024496 2 27512 3049024531 1 27546
3049241502 2 27538 3049241535 1 27548
3056965050 2 27564 3056965078 1 27632
3057094738 2 27570 3057094777 1 27633
3057208739 2 27577 3057208773 1 27635
3057346166 2 27591 3057346197 1 27637
3057738963 2 27624 3057738995 1 27643
3057935919 2 27637 3057935950 1 27646
3062292081 0 10364 3062292201 1 27706
3065390586 2 27658 3065390619 1 27745
3065430743 2 27661 3065430777 1 27746
3065474366 0 10381 3065474456 2 27664
3066211160 2 27749 3066211194 1 27758
3073720324 0 10411 3073720408 2 27773
3073828464 2 27778 3073828498 1 27861
3073944031 2 27791 3073944063 1 27862
3074146595 2 27810 3074146626 1 27865
3074500157 0 10413 3074500240 2 27844 3074500274 1 27871
3074556430 2 27846 3074556461 1 27872
3078812434 0 10432 3078812553 1 27927
3082006314 2 27866 3082006348 1 27971
3082212816 2 27884 3082212849 1 27974
3082336515 2 27897 3082336546 1 27976
3082680292 2 27928 3082680326 1 27981
3082851722 2 27949 3082851755 1 27983
3090542516 2 27994 3090542664 1 28087
3091055360 0 10477 3091055442 2 28033
3091383862 0 10479 3091383977 1 28097
3098676867 2 28077 3098676897 1 28196
3098840099 2 28088 3098840130 1 28198
3098846630 2 28090 3098846660 1 28199
3099003196 0 10511 3099003280 2 28102
3099105744 2 28115 3099105776 1 28202
3099339623 2 28139 3099339657 1 28204
3099576234 2 28163 3099576264 1 28207
3106881162 2 28180 3106881211 1 28310
3106961669 2 28184 3106961701 1 28311
3106993139 2 28186 3106993178 1 28312
3107082484 2 28192 3107082519 1 28313
3107254681 2 28208 3107254713 1 28315
3107286235 2 28211 3107286266 1 28316
3107626592 2 28237 3107626626 1 28318
3107875452 2 28260 3107875482 1 28322
3107933287 2 28266 3107933317 1 28323
3115214345 2 28274 3115214381 1 28422
3115345974 2 28285 3115346007 1 28424
3115526955 2 28298 3115526985 1 28426
3115576018 2 28305 3115576055 1 28427
3115884433 2 28340 3115884469 1 28429
3116141299 2 28371 3116141334 1 28434
3116210343 2 28378 3116210371 1 28435
3116318855 2 28386 3116318886 1 28437
3123832659 2 28420 3123832690 1 28543
3124319001 2 28467 3124319033 1 28551
3124494372 0 10584 3124494457 2 28488
3124517583 2 28490 3124517615 1 28554
3126752451 0 10591 3126752570 1 28585
3132025744 2 28511 3132025774 1 28659
3132066466 2 28517 3132066497 1 28660
3132167979 2 28520 3132168011 1 28661
3132185383 2 28522 3132185416 1 28662
3132268864 2 28529 3132268893 1 28663
3132539701 2 28545 3132539736 1 28666
3132763808 2 28568 3132763838 1 28669
3132772278 2 28569 3132772311 1 28670
3132876218 2 28584 3132876253 1 28673
3132970272 2 28595 3132970306 1 28675
3140163681 2 28605 3140163715 1 28775
3140303756 2 28613 3140303786 1 28776
3140350376 2 28618 3140350410 1 28777
3140596413 2 28633 3140596446 1 28780
3140807081 2 28648 3140807112 1 28784
3140834340 0 10629 3140834425 2 28651
3140890517 2 28658 3140890551 1 28785
3141116720 2 28680 3141116750 1 28788
3141171476 0 10630 3141171556 2 28685
3148782769 2 28723 3148782804 1 28892
3148908642 2 28728 3148908672 1 28893 3148908697 0 10658
3148919496 2 28729 3148919528 1 28894
3148982911 2 28733 3148982946 1 28895
3149121943 2 28749 3149121977 1 28897
3149172268 2 28758 3149172304 1 28898
3149323875 2 28771 3149323909 1 28900
3149608803 2 28814 3149608835 1 28905
3157197800 2 28851 3157197826 1 29005
3157261787 2 28858 3157261820 1 29006
3157384187 0 10689 3157384272 2 28867
3157451455 2 28873 3157451490 1 29009
3157953426 2 28926 3157953460 1 29016
3158622013 0 10692 3158622129 1 29025
3165637139 0 10712 3165637225 2 28960
3165690822 0 10714 3165690910 2 28965
3166126032 0 10718 3166126117 2 29023
3173816910 0 10741 3173816994 2 29065
3173955146 0 10744 3173955230 2 29078
3219339750 0 10891 3219339866 1 29112
3223637171 2 29101 3223637202 1 29156
3223929695 2 29120 3223929727 1 29159
3224069864 2 29133 3224069897 1 29161
3231703810 2 29170 3231703843 1 29239
3232043543 2 29184 3232043576 1 29243
3232502791 2 29220 3232502823 1 29247
3232521409 2 29221 3232521443 1 29248
3232576257 0 10934 3232576342 2 29226
3232685668 2 29238 3232685702 1 29250
3232743561 2 29247 3232743593 1 29251
3233044580 2 29254 3233044610 1 29254
3240759450 2 29296 3240759484 1 29333
3240846056 2 29305 3240846090 1 29334
3240911490 2 29314 3240911525 1 29335
3241077602 2 29332 3241077633 1 29336
3248700334 2 29357 3248700365 1 29438
3248758958 0 10987 3248759043 2 29363
3248854188 2 29369 3248854222 1 29440
3248927040 2 29376 3248927076 1 29441
3249274889 2 29409 3249274925 1 29447
3250157768 0 10989 3250157882 1 29460
3250394445 0 10990 3250394562 1 29462
3257256909 2 29482 3257256940 1 29554
3257348558 2 29493 3257348589 1 29556
3257463278 2 29501 3257463314 1 29557
3257990270 2 29559 3257990304 1 29564
3265264121 2 29573 3265264156 1 29667
3265312990 2 29576 3265313022 1 29668
3265347648 0 11038 3265347734 2 29579
3265620647 2 29598 3265620679 1 29671
3265623916 2 29599 3265623948 1 29672
3265782851 0 11040 3265782935 2 29611
3265994129 2 29637 3265994159 1 29675
3266199370 2 29666 3266199406 1 29679
3266281563 2 29674 3266281595 1 29680
3273068701 0 11064 3273068821 1 29770
3273778333 2 29703 3273778366 1 29779
3273812024 2 29707 3273812054 1 29780
3274010774 2 29719 3274010808 1 29783
3274095631 2 29725 3274095664 1 29784
3274676846 2 29779 3274676878 1 29790
3282720352 2 29854 3282720384 1 29900
3282789928 2 29863 3282789961 1 29901
3282962986 2 29882 3282963019 1 29903
3282967340 2 29883 3282967374 1 29904
3283504888 0 11095 3283505007 1 29912
3288974162 0 11110 3288974280 1 29988
3290374156 2 29906 3290374189 1 30004
3290590318 2 29918 3290590349 1 30007
3290707267 2 29928 3290707300 1 30008
3290734721 2 29930 3290734756 1 30009
3290872223 0 11121 3290872305 2 29946
3297312071 0 11142 3297312187 1 30095
3298674413 0 11149 3298674497 2 30006
3299033980 2 30038 3299034012 1 30117
3299564581 2 30095 3299564613 1 30121
3299595013 0 11154 3299595098 2 30097
3303097875 0 11167 3303097993 1 30169
3306653038 2 30115 3306653071 1 30216
3307054788 2 30128 3307054819 1 30222
3307061241 0 11180 3307061325 2 30129
3307204181 2 30141 3307204215 1 30224
3307363139 2 30153 3307363174 1 30225
3307421069 2 30157 3307421104 1 30226
3307590628 2 30177 3307590665 1 30228
3308053912 2 30205 3308053943 1 30235
3315275182 2 30217 3315275212 1 30333
3315366722 2 30220 3315366756 1 30336
3315492629 0 11205 3315492744 1 30338
3315657362 2 30239 3315657391 1 30340
3316032118 2 30279 3316032171 1 30344
3316081133 2 30286 3316081169 1 30345
3316237318 2 30303 3316237350 1 30347
3323257024 0 11226 3323257143 1 30445
3323406575 2 30324 3323406608 1 30447
3323803661 2 30345 3323803691 1 30453
3323838627 0 11228 3323838711 2 30347
3323967388 2 30358 3323967420 1 30455
3324064470 2 30367 3324064505 1 30456
3324420456 2 30390 3324420493 1 30458
3331946746 2 30427 3331946777 1 30562
3332148654 2 30434 3332148688 1 30565
3332200335 2 30436 3332200365 1 30566
3332292611 2 30443 3332292642 1 30567
3332496489 2 30459 3332496524 1 30569
3332579548 2 30465 3332579580 1 30570
3332867544 0 11254 3332867628 2 30500
3334923600 0 11260 3334923717 1 30600
3340513559 2 30540 3340513590 1 30677
3340567376 2 30548 3340567406 1 30678
3340658096 2 30553 3340658127 1 30679
3340728842 2 30561 3340728877 1 30680
3340776100 2 30563 3340776132 1 30681
3340884939 2 30572 3340884974 1 30683
3340908644 0 11281 3340908732 2 30576
3341157872 2 30605 3341157906 1 30684
3341356639 2 30625 3341356672 1 30686
3345871126 0 11304 3345871247 1 30745
3349146202 2 30685 3349146232 1 30791
3349352742 0 11313 3349352825 2 30714
3407216743 2 30815 3407216848 1 30829
3407365164 2 30827 3407365194 1 30830
3407895857 2 30835 3407895892 1 30835
3413431472 0 11525 3413431582 1 30893
3415477276 2 30854 3415477306 1 30914
3415628710 0 11533 3415628795 2 30861
3415824866 2 30880 3415824900 1 30916
3415930816 2 30890 3415930851 1 30918
3416021305 2 30898 3416021309 1 30919
3423901395 2 30940 3423901428 1 31000
3424106696 2 30957 3424106730 1 31002
3424146187 0 11562 3424146320 2 30963
3424240294 2 30969 3424240326 1 31004
3424707739 2 31009 3424707770 1 31009
3432212119 2 31037 3432212153 1 31087
3432335182 2 31044 3432335216 1 31089
3432419320 2 31054 3432419352 1 31090
3432517884 2 31066 3432517913 1 31092
3432562596 0 11596 3432562682 2 31070
3432578726 2 31072 3432578760 1 31093
3432721810 2 31088 3432721844 1 31095
3432823567 2 31096 3432823600 1 31096
3434291388 0 11603 3434291503 1 31117
3440775105 2 31136 3440775137 1 31207
3440821197 2 31137 3440821229 1 31208
3440921584 2 31144 3440921615 1 31209
3441140591 2 31165 3441140625 1 31213
3441312231 2 31186 3441312264 1 31215
3441375835 0 11624 3441375919 2 31191
3443201380 0 11629 3443201499 1 31242
3443488604 0 11630 3443488721 1 31244
3448587638 2 31202 3448587671 1 31312
3448943414 1 31319 3448943484 2 31218
3449020323 0 11650 3449020406 2 31224
3449154720 2 31236 3449154755 1 31322
3449448677 2 31270 3449448702 1 31327
3449604674 2 31286 3449604703 1 31329
3449663439 2 31290 3449663473 1 31330
3450793777 0 11655 3450793896 1 31346
3456957542 2 31304 3456957575 1 31431
3457272243 2 31321 3457272274 1 31436
3457840721 0 11679 3457840840 1 31443
3457890171 0 11680 3457890255 2 31383
3458108068 2 31404 3458108101 1 31445
3460259971 0 11689 3460260086 1 31475
3465390224 2 31412 3465390259 1 31544
3465543348 0 11710 3465543434 2 31423
3465692917 2 31440 3465692950 1 31548
3465739486 0 11711 3465739572 2 31444
3465803300 2 31450 3465803333 1 31549
3465872142 2 31459 3465872172 1 31550
3466356778 2 31501 3466356811 1 31555
3466417241 2 31509 3466417275 1 31557
3467436082 0 11715 3467436199 1 31573
3469058757 0 11720 3469058876 1 31596
3473780803 2 31529 3473780835 1 31661
3474001888 2 31545 3474001920 1 31665
3474234635 2 31562 3474234670 1 31667
3474830003 2 31615 3474830034 1 31676
3482174494 0 11766 3482174579 2 31640
3482284840 2 31646 3482284871 1 31778
3482636420 2 31679 3482636452 1 31781
3482748300 2 31693 3482748335 1 31782
3482776085 2 31695 3482776116 1 31783
3482829873 2 31703 3482829907 1 31784
3490427196 0 11784 3490427285 2 31739 3490427317 1 31894
3490672868 2 31758 3490672898 1 31896
3490774875 2 31765 3490774947 1 31897
3490855542 2 31775 3490855575 1 31898
3491171366 2 31813 3491171398 1 31902
3491311337 2 31821 3491311369 1 31904
3491327249 2 31823 3491327281 1 31905
3491364457 0 11789 3491364540 2 31825
3491382243 2 31826 3491382276 1 31906
3496800425 0 11801 3496800544 1 31983
3498622392 2 31836 3498622427 1 32009
3498904212 2 31849 3498904246 1 32012
3499146444 0 11808 3499146527 2 31869
3499310795 2 31883 3499310828 1 32018
3499626379 2 31911 3499626410 1 32022
3506578349 0 11834 3506578477 1 32119
3506979167 2 31932 3506979201 1 32123
3507104713 1 32125 3507104842 2 31941
3507207672 2 31951 3507207703 1 32127
3507285009 2 31959 3507285041 1 32128
3507543162 2 31978 3507543196 1 32132
3507644353 0 11835 3507644375 2 31987
3507826903 0 11836 3507826989 2 32003
3507848418 0 11837 3507848500 2 32005
3508034514 2 32018 3508034548 1 32139
3508080576 2 32022 3508080599 1 32140
3515066213 2 32027 3515066246 1 32231
3515542850 2 32044 3515542883 1 32237
3515924047 2 32078 3515924079 1 32243
3516302766 2 32115 3516302800 1 32248
3516390456 2 32123 3516390488 1 32250
3523663234 2 32137 3523663265 1 32343
3523834862 2 32142 3523834892 1 32345
3523963120 2 32150 3523963154 1 32347
3524015773 0 11908 3524015856 2 32155
3524243066 0 11909 3524243149 2 32168
3524404119 2 32185 3524404151 1 32354
3524539200 2 32204 3524539227 1 32356
3524564252 2 32207 3524564279 1 32357
3524690208 2 32215 3524690240 1 32358
3525471156 0 11911 3525471275 1 32369
3528631399 0 11925 3528631516 1 32409
3531864749 1 32453 3531864806 2 32223
3532419879 2 32257 3532419914 1 32462
3532541575 2 32271 3532541606 1 32464
3533061336 0 11936 3533061420 2 32328
3549208893 0 11998 3549208976 2 32488
3598925686 1 32580 3598925776 2 32539
3598982802 2 32543 3598982834 1 32581
3599096172 2 32549 3599096208 1 32582
3599204469 2 32555 3599204505 1 32583
3601656903 0 12170 3601657034 1 32609
3605690946 0 12188 3605691063 1 32650
3606981302 2 32599 3606981338 1 32663
3607158117 2 32607 3607158151 1 32665
3607251129 2 32615 3607251163 1 32666
3607445469 2 32633 3607445500 1 32668
3607524942 2 32639 3607524972 1 32669
3607611155 2 32645 3607611188 1 32670
3607827978 2 32657 3607828009 1 32672
3607861036 2 32660 3607861068 1 32673
3615201867 2 32681 3615201902 1 32748
3615377024 2 32685 3615377050 1 32750
3615487648 2 32691 3615487682 1 32751
3615542139 2 32694 3615542168 1 32752
3615943025 2 32728 3615943059 1 32756
3616115010 0 12213 3616115095 2 32752
3616129841 2 32757 3616129875 1 32758
3620981401 0 12231 3620981520 1 32820
3623993981 2 32783 3623994015 1 32859
3623997340 2 32784 3623997385 1 32860
3624137928 2 32794 3624137963 1 32861
3624274161 0 12244 3624274247 2 32803
3624276994 0 12245 3624277080 2 32804
3624425401 0 12246 3624425486 2 32823
3624452364 2 32825 3624452396 1 32866
3625808931 0 12251 3625809049 1 32884
3631546359 0 12274 3631546479 1 32960
3632046748 2 32866 3632046779 1 32966
3632369161 2 32892 3632369195 1 32971
3632589549 2 32913 3632589583 1 32974
3632901960 2 32948 3632901995 1 32976
3639923907 0 12301 3639924027 1 33074
3640369900 2 32979 3640369931 1 33080
3640568352 2 32989 3640568387 1 33084
3640585080 2 32990 3640585113 1 33085
3640733232 2 33004 3640733266 1 33087
3640974470 2 33020 3640974505 1 33089
3641390055 0 12303 3641390139 2 33049
3641392477 2 33050 3641392508 1 33096
3641518005 2 33059 3641518040 1 33098
3649158981 2 33096 3649159014 1 33203
3649259775 2 33107 3649259808 1 33205
3649494038 2 33131 3649494072 1 33208
3649644676 2 33152 3649644708 1 33211
3649773908 2 33163 3649773944 1 33212
3649792446 2 33164 3649792481 1 33213
3649810360 2 33166 3649810391 1 33214
3657303538 2 33193 3657303570 1 33316
3657548093 2 33222 3657548124 1 33320
3657940492 2 33254 3657940526 1 33325
3657954957 2 33255 3657954988 1 33326
3665597686 2 33301 3665597719 1 33433
3666150721 2 33348 3666150752 1 33441
3666295969 0 12379 3666296052 2 33370
3666343659 2 33378 3666343690 1 33445
3666448612 2 33389 3666448645 1 33446
3671339566 0 12397 3671339683 1 33513
3673700035 2 33404 3673700068 1 33543
3673752356 2 33408 3673752393 1 33544
3673865148 2 33413 3673865181 1 33545
3674213128 2 33430 3674213161 1 33551
3674314305 2 33441 3674314339 1 33553
3674414311 0 12409 3674414362 2 33446
3674669337 2 33478 3674669374 1 33558
3682446497 2 33521 3682446529 1 33665
3682483458 0 12434 3682483543 2 33524
3682512555 2 33526 3682512586 1 33667
3682744612 2 33551 3682744646 1 33670
3690041268 2 33604 3690041301 1 33776
3690420631 2 33615 3690420660 1 33781
3690710304 0 12448 3690710388 2 33631
3690829410 2 33640 3690829442 1 33788
3690908554 0 12451 3690908640 2 33648
3690918566 2 33650 3690918597 1 33789
3690952577 2 33655 3690952612 1 33790
3691425531 2 33705 3691425563 1 33794
3692216224 0 12456 3692216343 1 33805
3696283568 0 12467 3696283686 1 33862
3696833406 0 12470 3696833524 1 33869
3698461764 2 33710 3698461803 1 33891
3698731466 2 33716 3698731499 1 33895
3698803241 2 33719 3698803275 1 33896
3699161938 0 12483 3699162022 2 33744
3699182086 0 12484 3699182172 2 33745
3699541730 2 33771 3699541763 1 33903
3699822298 2 33789 3699822334 1 33906
3699830619 2 33790 3699830653 1 33907
3701414358 0 12495 3701414477 1 33928
3702242787 0 12498 3702242905 1 33940
3706957096 2 33804 3706957128 1 34005
3707044816 2 33806 3707044847 1 34007
3707311316 2 33827 3707311349 1 34011
3707373388 2 33832 3707373420 1 34012
3707489677 2 33839 3707489708 1 34013
3707624502 0 12515 3707624586 2 33847
3707892598 2 33869 3707892633 1 34017
3708003705 0 12516 3708003788 2 33882
3708078810 2 33889 3708078843 1 34020
3715566495 2 33912 3715566527 1 34125
3715852027 0 12541 3715852110 2 33935
3715933917 2 33940 3715933949 1 34129
3715992149 2 33946 3715992181 1 34130
3716381577 2 33991 3716381609 1 34135
3716461497 2 33995 3716461527 1 34136
3718555632 0 12552 3718555749 1 34166
3733132054 0 12592 3733132139 2 34203
3783118610 2 34288 3783118645 1 34288
3787093670 0 12752 3787093788 1 34330
3789069351 0 12754 3789069469 1 34351
3790135542 2 34290 3790135676 1 34361
3790546256 2 34308 3790546288 1 34366
3790675516 0 12760 3790675602 2 34319
3790806461 2 34327 3790806494 1 34369
3791085861 2 34348 3791085895 1 34371
3791234020 0 12763 3791234106 2 34361
3791374076 2 34372 3791374108 1 34374
3798584739 2 34377 3798584770 1 34449
3798682667 2 34382 3798682698 1 34451
3798971129 2 34392 3798971164 1 34454
3799197421 2 34409 3799197453 1 34456
3799283710 2 34419 3799283780 1 34457
3799311456 2 34422 3799311491 1 34458
3799500611 2 34442 3799500643 1 34461
3799554818 2 34448 3799554850 1 34462
3799690812 2 34459 3799690847 1 34463
3807193017 2 34481 3807193047 1 34570
3807261862 2 34484 3807261897 1 34571
3807632882 0 12815 3807632963 2 34516
3807636700 2 34517 3807636731 1 34574
3807776114 2 34533 3807776147 1 34576
3807944611 2 34554 3807944643 1 34578
3809734258 0 12820 3809734377 1 34605
3811012429 1 34621 3811012531 0 12824
3815391496 2 34577 3815391526 1 34681
3815488956 0 12839 3815489042 2 34581
3815641649 2 34594 3815641682 1 34684
3816002206 2 34628 3816002241 1 34686
3816004610 2 34629 3816004645 1 34687
3816065360 2 34641 3816065393 1 34688
3816155648 2 34649 3816155680 1 34689
3816440748 2 34681 3816440780 1 34694
3816515479 2 34686 3816515510 1 34695
3823672140 2 34700 3823672174 1 34790
3823740829 2 34702 3823740864 1 34791
3824001918 0 12871 3824002037 1 34794
3824250270 2 34734 3824250301 1 34795
3824552848 0 12878 3824552959 2 34768
3824721752 2 34780 3824721783 1 34800
3826031978 0 12882 3826032096 1 34818
3826868974 0 12885 3826869092 1 34830
3832192714 2 34804 3832192748 1 34900
3832499670 0 12907 3832499756 2 34822
3832515847 0 12908 3832515859 2 34824
3832613071 2 34832 3832613105 1 34904
3832691754 0 12910 3832691839 2 34839
3832819710 1 34905 3832819794 2 34856
3840213564 2 34912 3840213599 1 34999
3840338819 2 34915 3840338853 1 35001
3840523821 2 34924 3840523851 1 35003
3840541146 2 34927 3840541182 1 35004
3840623446 2 34931 3840623477 1 35005
3840711353 2 34940 3840711384 1 35007
3840820200 0 12945 3840820284 2 34951
3841118086 2 34978 3841118120 1 35009
3841263137 2 34992 3841263168 1 35010
3841321111 2 34999 3841321146 1 35012
3841402819 2 35008 3841402851 1 35013
3844309852 0 12955 3844309968 1 35053
3847305077 0 12970 3847305192 1 35090
3849037422 2 35044 3849037456 1 35112
3849176346 2 35056 3849176379 1 35115
3849300710 2 35065 3849300745 1 35116
3849419727 0 12979 3849419811 2 35079
3849779147 2 35116 3849779180 1 35122
3849888640 2 35123 3849888673 1 35123
3857207050 2 35136 3857207080 1 35221
3857285049 2 35139 3857285082 1 35222
3857379793 0 13009 3857379879 2 35148
3857550704 2 35155 3857550735 1 35226
3857582003 2 35158 3857582037 1 35227
3857840218 2 35188 3857840250 1 35229
3858033763 2 35207 3858033797 1 35232
3865438712 2 35226 3865438747 1 35333
3865924753 2 35258 3865924788 1 35340
3865968054 2 35265 3865968086 1 35341
3866299957 2 35304 3866299991 1 35343
3871986503 0 13058 3871986620 1 35417
3872690903 0 13059 3872691023 1 35428
3873709589 2 35334 3873709623 1 35438
3874106604 2 35353 3874106633 1 35445
3874173552 2 35358 3874173585 1 35446
3874298645 2 35371 3874298679 1 35447
3874301923 2 35372 3874301956 1 35448
3874409301 2 35383 3874409333 1 35450
3874482170 2 35394 3874482202 1 35451
3876491184 0 13070 3876491298 1 35478
3882244789 2 35448 3882244823 1 35560
3882746487 2 35489 3882746518 1 35565
3882907360 0 13088 3882907444 2 35509
3883134064 0 13090 3883134149 2 35539
3890156879 0 13112 3890156994 1 35663
3890559109 2 35563 3890559144 1 35667
3890587556 0 13114 3890587606 2 35565
3890609461 2 35568 3890609494 1 35668
3890638218 2 35571 3890638249 1 35669
3890653773 2 35573 3890653804 1 35670
3890970528 2 35595 3890970559 1 35675
3891387088 2 35643 3891387122 1 35678
3893682298 0 13121 3893682413 1 35709
3898886757 0 13139 3898886873 1 35774
3898907062 2 35670 3898907096 1 35775
3899195464 2 35696 3899195498 1 35779
3899630672 1 35785 3899630782 2 35731
3899655370 0 13142 3899655456 2 35733
3907577159 2 35807 3907577191 1 35888
3907661545 2 35817 3907661576 1 35889
3907678864 0 13178 3907678947 2 35820
3907733915 2 35824 3907733951 1 35890
3907800630 2 35832 3907800662 1 35891
3908100279 2 35861 3908100311 1 35896
3970061849 0 13379 3970061964 1 35969
3973818236 2 35942 3973818267 1 36008
3974361264 2 35976 3974361291 1 36014
3982365960 2 36038 3982365992 1 36096
3982406730 2 36041 3982406761 1 36097
3982515390 2 36051 3982515421 1 36098
3982790788 2 36075 3982790908 1 36100
3983014993 2 36102 3983015025 1 36102
3991010527 1 36184 3991010619 2 36152
3991017825 2 36153 3991017856 1 36185
3991160231 2 36164 3991160269 1 36186
3991405079 2 36186 3991405111 1 36189
3995399774 0 13459 3995399891 1 36246
3999080655 2 36216 3999080686 1 36296
3999185783 0 13472 3999185865 2 36220
3999527690 2 36260 3999527722 1 36301
3999536227 2 36262 3999536262 1 36302
3999590469 2 36272 3999590478 1 36303
3999886057 0 13475 3999886142 2 36305
4007266169 2 36323 4007266199 1 36407
4007295459 2 36325 4007295491 1 36408
4007414444 2 36329 4007414477 1 36410
4007491122 2 36337 4007491155 1 36411
4007499666 0 13500 4007499751 2 36338
4007657575 2 36352 4007657608 1 36413
4007759168 2 36363 4007759201 1 36415
4007896765 2 36374 4007896800 1 36417
4007984149 2 36385 4007984181 1 36418
4008088268 2 36397 4008088371 1 36420
4008155125 2 36402 4008155155 1 36421
4008881352 1 36431 4008881447 0 13506
4009826436 0 13509 4009826553 1 36443
4010776426 0 13513 4010776544 1 36456
4012675690 0 13520 4012675810 1 36481
4015623245 2 36424 4015623279 1 36522
4015883501 2 36442 4015883532 1 36526
4015931209 2 36445 4015931244 1 36527
4016044307 2 36459 4016044340 1 36529
4016193286 2 36482 4016193322 1 36531
4016271817 2 36490 4016271841 1 36532
4016459648 2 36514 4016459679 1 36535
4023950711 2 36542 4023950748 1 36636
4024370337 2 36570 4024370370 1 36640
4024375318 2 36571 4024375353 1 36641
4024456414 2 36578 4024456448 1 36643
4024697318 2 36600 4024697350 1 36647
4024821622 2 36612 4024821656 1 36649
4032208196 2 36633 4032208230 1 36746
4032391421 2 36646 4032391454 1 36749
4032536377 2 36660 4032536409 1 36751
4032855885 2 36685 4032855917 1 36756
4032859736 2 36686 4032859769 1 36757
4033029386 2 36705 4033029420 1 36760
4038173993 0 13592 4038174114 1 36830
4040507174 2 36737 4040507209 1 36860
4040678083 2 36745 4040678114 1 36862
4040752807 2 36754 4040752839 1 36863
4041018788 0 13605 4041018869 2 36771
4041036069 2 36772 4041036104 1 36867
4041161469 1 36869 4041161589 2 36784
4041284355 0 13606 4041284441 2 36797
4041431422 0 13607 4041431507 2 36806
4041443553 2 36808 4041443587 1 36873
4041518013 2 36819 4041518044 1 36874
4042197519 0 13612 4042197638 1 36880
4044556839 0 13621 4044556957 1 36913
4049623827 1 36983 4049623906 2 36891
4049867160 2 36918 4049867194 1 36988
4049954488 0 13632 4049954576 2 36925
4056917676 2 36932 4056917711 1 37080
4057363773 0 13665 4057363858 2 36948
4057438292 0 13666 4057438375 2 36953
4057691912 0 13667 4057691995 2 36969
4057697605 2 36970 4057697637 1 37089
4057766171 0 13669 4057766256 2 36973
4057785858 2 36975 4057785892 1 37091
4058052858 2 36998 4058052889 1 37095
4058395459 0 13672 4058395577 1 37099
4065365097 2 37016 4065365129 1 37184
4065715191 2 37035 4065715222 1 37189
4066074941 2 37060 4066074973 1 37194
4066080123 2 37061 4066080159 1 37195
4066114104 2 37068 4066114135 1 37196
4066302960 2 37089 4066302987 1 37199
4066477016 2 37102 4066477046 1 37201
4066534813 2 37109 4066534844 1 37203
4073948546 2 37132 4073948575 1 37300
4073987761 2 37137 4073987794 1 37301
4074284462 2 37155 4074284493 1 37304
4074300452 2 37157 4074300483 1 37305
4074306929 2 37159 4074306960 1 37306
4074535922 2 37182 4074535956 1 37308
4080769981 0 13753 4080770097 1 37394
4082266139 2 37234 4082266169 1 37412
4082774540 2 37275 4082774573 1 37419
4082899261 2 37281 4082899295 1 37422
4082962107 2 37289 4082962139 1 37423
4083180185 2 37319 4083180216 1 37427
4087603260 0 13776 4087603376 1 37484
4088437739 0 13784 4088437856 1 37494
4090513483 0 13793 4090513599 1 37521
4090666738 2 37348 4090666768 1 37523
4091140719 2 37383 4091140752 1 37529
4091153298 2 37384 4091153338 1 37530
4091271530 0 13795 4091271615 2 37399
4091537566 2 37416 4091537599 1 37536
4091557945 2 37418 4091557975 1 37537
4097937888 0 13820 4097938006 1 37623
4098892634 2 37437 4098892668 1 37637
4098964950 2 37442 4098964985 1 37638
4107761824 0 13845 4107761907 2 37608
4156075611 0 14003 4156075728 1 37667
4157175290 2 37655 4157175321 1 37678
4157397225 0 14008 4157397309 2 37667
4158163600 2 37689 4158163633 1 37689
4165471991 2 37695 4165472024 1 37764
4165715152 0 14032 4165715237 2 37708
4166087809 2 37729 4166087845 1 37771
4166432999 2 37773 4166433033 1 37773
4172518706 1 37837 4172518726 0 14062
4174332997 2 37815 4174333030 1 37856
4182103078 2 37868 4182103111 1 37948
4182150388 2 37870 4182150424 1 37949
4182377278 2 37879 4182377308 1 37953
4182575419 2 37896 4182575449 1 37956
4182693536 2 37907 4182693567 1 37957
4182960077 2 37940 4182960110 1 37960
4183029703 2 37953 4183029735 1 37961
4184700007 0 14098 4184700124 1 37984
4190442073 2 37969 4190442105 1 38063
4190470766 0 14119 4190470851 2 37970
4190518820 2 37972 4190518849 1 38064
4190891702 2 37993 4190891737 1 38069
4191159875 0 14120 4191159960 2 38013
4191435011 2 38048 4191435047 1 38075
4191554525 2 38057 4191554556 1 38077
4191586192 2 38058 4191586224 1 38078
4191603885 2 38061 4191603917 1 38079
4198514091 0 14149 4198514208 1 38171
4199131142 2 38091 4199131176 1 38180
4199420781 2 38115 4199420814 1 38183
4199505261 0 14152 4199505344 2 38124
4199790042 2 38157 4199790077 1 38187
4199875382 2 38166 4199875411 1 38189
4207238802 2 38186 4207238832 1 38292
4207289852 2 38191 4207289886 1 38293
4207526303 2 38207 4207526337 1 38294
4207581030 2 38210 4207581062 1 38295
4207696339 2 38220 4207696372 1 38297
4207954189 2 38243 4207954223 1 38300
4208076417 2 38258 4208076449 1 38303
4215071576 0 14202 4215071700 1 38399
4215858521 2 38314 4215858553 1 38409
4215876747 2 38318 4215876777 1 38410
4216023903 2 38330 4216023937 1 38412
4216341693 2 38367 4216341728 1 38417
4216383376 0 14207 4216383463 2 38371
4223992938 2 38422 4223992971 1 38520
4224058867 0 14236 4224058953 2 38427
4224104969 2 38428 4224105002 1 38522
4224253355 2 38438 4224253386 1 38523
4224349596 2 38446 4224349627 1 38525
4224425885 2 38456 4224425918 1 38526
4224496819 2 38465 4224496852 1 38527
4224585655 2 38470 4224585686 1 38528
4224737782 0 14239 4224737869 2 38488
4224880670 2 38505 4224880702 1 38533
4229524993 0 14259 4229525113 1 38595
4232026923 2 38517 4232026958 1 38629
4232298866 2 38530 4232298905 1 38633
4232567694 2 38553 4232567724 1 38638
4232694181 2 38565 4232694214 1 38640
4232780544 2 38574 4232780578 1 38641
4233042195 2 38601 4233042226 1 38645
4233163442 2 38611 4233163472 1 38647
4237845971 0 14284 4237846091 1 38712
4240321891 2 38624 4240321924 1 38743
4240570879 0 14294 4240570965 2 38633
4240887598 2 38650 4240887631 1 38751
4241042943 2 38658 4241042975 1 38753
4241075175 0 14300 4241075260 2 38660
4241269005 2 38682 4241269039 1 38755
4241384894 2 38694 4241384926 1 38757
4241453140 2 38702 4241453172 1 38758
4243714886 0 14306 4243715005 1 38786
4244755311 0 14307 4244755429 1 38802
4246534390 0 14313 4246534508 1 38824
4247465570 0 14318 4247465688 1 38836
4249042875 2 38737 4249042912 1 38855
4249230056 2 38752 4249230086 1 38857
4249374443 2 38767 4249374476 1 38859
4249423065 2 38772 4249423097 1 38861
4249474324 2 38778 4249474355 1 38862
4249642953 2 38801 4249642986 1 38865
4249730332 2 38813 4249730366 1 38866
4249792518 2 38819 4249792552 1 38867
4251798877 0 14336 4251798995 1 38891
4256601197 0 14351 4256601315 1 38957
4257019534 2 38838 4257019568 1 38960
4257493785 2 38858 4257493820 1 38967
4257823699 2 38882 4257823729 1 38973
4257924445 2 38895 4257924476 1 38974
4261415592 0 14360 4261415715 1 39026
4265763508 2 38961 4265763541 1 39085
4265851837 2 38964 4265851871 1 39086
4266188483 2 38984 4266188515 1 39091
4266345724 2 39004 4266345756 1 39094
4266488772 2 39018 4266488807 1 39096
4266674443 2 39036 4266674478 1 39099
4274349080 2 39077 4274349113 1 39195
4274508829 2 39095 4274508860 1 39197
4274521217 2 39096 4274521247 1 39198
4274580039 2 39104 4274580072 1 39199
4274947989 0 14407 4274948076 2 39132
4276079635 0 14417 4276079751 1 39215
4278398700 0 14423 4278398821 1 39247
4279652461 0 14427 4279652580 1 39264
4282224555 2 39140 4282224584 1 39298
4282370742 2 39154 4282370776 1 39300
4282430301 2 39157 4282430337 1 39301
4282539138 2 39166 4282539169 1 39302
4282592455 2 39173 4282592487 1 39303
4283013510 2 39219 4283013541 1 39308
4283062908 2 39226 4283062940 1 39309
4283152882 2 39236 4283152975 1 39310
4283322678 2 39246 4283322709 1 39312
4290501358 2 39259 4290501359 0 14469
4290585746 0 14471 4290585827 2 39266
