21477356 2 10 21477391 1 16
23032443 0 74 23032561 1 32
29919263 2 37 29919297 1 102
30311231 2 61 30311266 1 106
30664339 2 103 30664371 1 110
32014226 0 105 32014343 1 124
32132511 0 106 32132642 1 125
36336019 0 127 36336139 1 168
38937759 2 181 38937789 1 196
46857806 0 167 46857892 2 233
46870717 0 168 46870801 2 235
46933971 2 238 46934002 1 277
47052186 2 251 47052218 1 278
47213483 2 268 47213516 1 279
47288915 0 170 47289002 2 276
47341740 2 281 47341771 1 281
53553235 0 188 53553355 1 362
55187554 0 190 55187640 2 310
55362213 2 320 55362249 1 386
55504679 2 334 55504709 1 388
55719393 2 352 55719423 1 391
55811742 0 193 55811743 2 362
55916275 2 367 55916308 1 392
55935906 2 368 55935940 1 393
57166947 0 197 57167063 1 412
63215320 1 493 63215362 2 378
63603324 2 404 63603357 1 499
63646636 2 410 63646668 1 500
63766912 2 427 63766946 1 502
64036198 1 504 64036331 2 459
64253265 2 485 64253298 1 508
64295669 2 489 64295703 1 509
64328888 0 221 64328974 2 491
71724127 2 511 71724159 1 616
71912825 0 239 71912910 2 523
72334430 2 570 72334460 1 623
72430901 2 574 72430932 1 624
79928611 2 601 79928700 0 263
79957964 2 602 79957996 1 731
80476988 1 737 80476992 2 633
80518739 2 639 80518771 1 738
80569365 2 647 80569398 1 739
80636847 2 654 80636881 1 740
80832667 2 680 80832700 1 742
87807063 2 696 87807095 1 841
88311531 2 708 88311566 1 850
88622729 2 730 88622764 1 853
88714782 2 736 88714813 1 854
88792363 1 855 88792392 2 744
89016498 2 760 89016529 1 859
89149229 2 772 89149265 1 860
96228610 2 781 96228645 1 953
96914853 0 322 96914939 2 817
96942667 2 820 96942700 1 963
97038921 2 831 97038953 1 964
97443406 2 873 97443438 1 969
97500404 2 877 97500436 1 971
97617291 2 884 97617322 1 973
104167326 0 360 104167445 1 1057
105001256 0 365 105001375 1 1066
105052888 2 904 105052920 1 1067
105234164 2 916 105234196 1 1069
105307856 2 921 105307892 1 1070
105433351 2 936 105433385 1 1072
105602147 2 951 105602184 1 1074
105714481 2 964 105714512 1 1076
105855618 2 973 105855650 1 1078
110254873 1 1143 110254960 0 374
113437685 2 1008 113437716 1 1186
113751493 2 1035 113751528 1 1192
114138044 2 1088 114138075 1 1198
114213101 2 1095 114213135 1 1199
114258245 2 1098 114258278 1 1200
121948275 2 1137 121948309 1 1308
122105957 2 1148 122105991 1 1311
122186429 2 1154 122186461 1 1312
122265690 2 1160 122265723 1 1313
126252142 0 420 126252260 1 1366
128620753 0 424 128620870 1 1399
129802861 2 1202 129802891 1 1412
129986295 2 1208 129986330 1 1415
130078409 2 1214 130078440 1 1416
130300886 2 1232 130300917 1 1419
130620272 2 1264 130620314 1 1424
138429828 2 1324 138429860 1 1528
138639212 2 1334 138639246 1 1531
138883734 2 1351 138883768 1 1536
138949722 0 469 138949806 2 1357
139004260 2 1365 139004292 1 1538
142626400 0 478 142626517 1 1588
146871869 2 1416 146871900 1 1643
146967373 2 1426 146967409 1 1645
147094740 2 1437 147094773 1 1647
147153753 0 500 147153837 2 1439
147355585 2 1466 147355620 1 1649
149926615 0 512 149926732 1 1684
155541591 0 530 155541676 2 1556
209512609 0 693 209512728 1 1739
213536444 2 1743 213536470 1 1780
213647514 2 1750 213647542 1 1782
213844539 0 702 213844625 2 1765 213844659 1 1784
213862061 0 703 213862191 2 1767
213933477 0 704 213933561 2 1773
214295145 2 1789 214295177 1 1789
217784605 0 719 217784723 1 1824
218776885 0 723 218777004 1 1834
221410647 2 1796 221410681 1 1861
222020452 2 1827 222020486 1 1867
222065393 2 1832 222065425 1 1868
222163687 0 737 222163771 2 1843
222247713 2 1853 222247749 1 1870
222366958 2 1867 222366989 1 1871
223278936 0 741 223279054 1 1880
229864764 2 1881 229864799 1 1949
229909988 2 1884 229910022 1 1950
230232856 2 1903 230232891 1 1955
230387761 1 1956 230387853 2 1919
230403315 2 1922 230403347 1 1957
230888867 2 1965 230888902 1 1965
237304033 0 781 237304150 1 2050
238511063 2 1986 238511147 1 2066
238637701 2 1998 238637738 1 2068
238695176 2 2003 238695211 1 2069
238800887 2 2011 238800920 1 2070
238867621 2 2016 238867653 1 2072
239104606 2 2039 239104638 1 2075
239202865 2 2051 239202895 1 2076
246658449 2 2076 246658479 1 2176
246677788 2 2078 246677818 1 2177
246739434 2 2083 246739470 1 2179
246892999 2 2099 246893033 1 2180
247188848 2 2125 247188882 1 2186
247507313 0 810 247507398 2 2165
247653477 2 2173 247653510 1 2193
255111444 2 2195 255111477 1 2296
255257210 2 2208 255257237 1 2298
255322855 2 2213 255322886 1 2299
255393930 2 2217 255393964 1 2300
255433962 2 2220 255433990 1 2301
255499725 2 2226 255499759 1 2302
255533289 1 2303 255533372 2 2231
256630339 0 841 256630457 1 2316
263404280 2 2283 263404311 1 2409
263614100 2 2307 263614134 1 2413
263670250 2 2314 263670284 1 2414
263713419 0 863 263713505 2 2321
265344084 0 870 265344137 1 2436
267607321 0 875 267607444 1 2467
271630995 2 2388 271631026 1 2526
271802219 2 2404 271802251 1 2528
271826507 2 2406 271826541 1 2529
272420632 2 2462 272420666 1 2535
275936890 0 902 275937011 1 2581
279974171 2 2495 279974203 1 2633
280129234 2 2507 280129264 1 2636
280162908 0 919 280162999 2 2509
280291709 2 2518 280291740 1 2638
280398137 0 922 280398222 2 2533
280683562 0 924 280683645 2 2561
281044202 2 2597 281044233 1 2644
282181133 0 930 282181253 1 2659
288038954 2 2600 288038996 1 2739
288441966 2 2622 288442000 1 2744
288544023 2 2629 288544056 1 2747
288733204 2 2640 288733239 1 2750
289112062 2 2681 289112096 1 2753
289193054 2 2688 289193085 1 2755
293796073 0 968 293796196 1 2818
296625701 2 2704 296625731 1 2855
296757436 2 2712 296757470 1 2859
296891973 2 2726 296892004 1 2861
297395394 0 977 297395478 2 2773
297602611 2 2799 297602642 1 2870
302646069 0 996 302646184 1 2940
305442714 2 2859 305442749 1 2979
305532812 2 2867 305532844 1 2980
305555518 2 2870 305555550 1 2981
305645390 2 2880 305645425 1 2982
305710736 2 2885 305710767 1 2983
305761624 2 2889 305761656 1 2984
305818064 2 2893 305818099 1 2985
305908546 2 2902 305908580 1 2986
311694132 0 1024 311694250 1 3066
312841363 2 2910 312841396 1 3082
313357483 2 2923 313357517 1 3089
313524991 0 1030 313525078 2 2931
313560434 2 2935 313560465 1 3091
313815075 2 2958 313815113 1 3095
313836065 0 1032 313836148 2 2962
313884448 2 2964 313884483 1 3096
314146533 0 1034 314146617 2 2990
314227329 0 1035 314227445 1 3100
321944307 2 3041 321944342 1 3203
322035841 2 3048 322035874 1 3204
322259995 2 3066 322260028 1 3208
322283744 2 3070 322283775 1 3209
322290181 1 3210 322290277 2 3071
322447577 2 3081 322447609 1 3213
322517832 2 3086 322517864 1 3214
329973826 2 3108 329973858 1 3321
330094497 2 3114 330094530 1 3322
330148170 2 3120 330148203 1 3323
330256679 2 3124 330256712 1 3325
330308750 2 3131 330308895 1 3326
330574492 2 3158 330574515 1 3330
330665459 2 3166 330665500 1 3331
330747270 2 3179 330747302 1 3332
330786572 2 3184 330786603 1 3333
330883851 2 3192 330883883 1 3334
330931351 2 3199 330931385 1 3335
333759859 0 1095 333759976 1 3371
335249567 0 1098 335249686 1 3393
346823644 0 1149 346823729 2 3334
397538827 2 3476 397538862 1 3476
404693081 2 3480 404693115 1 3551
404784654 2 3485 404784687 1 3552
404960680 1 3554 404960800 2 3489
405104295 0 1346 405104381 2 3499
405147846 0 1347 405147929 2 3503
405271576 0 1348 405271660 2 3511
405696938 2 3553 405696969 1 3560
413587356 2 3598 413587388 1 3641
413948817 0 1372 413948903 2 3621
414160871 0 1373 414160991 1 3648
421932936 2 3684 421932966 1 3736
421940580 2 3685 421940611 1 3737
422083845 2 3694 422083879 1 3739
422149303 2 3702 422149334 1 3740
422241968 2 3711 422242003 1 3741
422298731 2 3718 422298763 1 3742
422331730 2 3720 422331764 1 3743
422384961 2 3724 422384995 1 3744
422483350 2 3730 422483384 1 3745
422507286 2 3732 422507318 1 3746
422540874 0 1402 422540959 2 3736
422670455 2 3746 422670486 1 3748
429786278 2 3750 429786312 1 3846
430080535 2 3763 430080565 1 3848
430247214 2 3775 430247249 1 3851
430292457 2 3778 430292490 1 3852
430376472 2 3787 430376598 1 3853
430478800 2 3799 430478834 1 3854
430664317 2 3825 430664351 1 3857
430828696 2 3844 430828730 1 3860
430866391 2 3849 430866423 1 3861
430914676 0 1432 430914760 2 3857
438619865 2 3901 438619898 1 3968
438823055 0 1455 438823145 2 3917
438826589 2 3918 438826622 1 3971
438951674 0 1456 438951758 2 3931
439106504 2 3946 439106538 1 3975
439143104 2 3949 439143137 1 3976
442412626 0 1469 442412744 1 4020
442465352 0 1470 442465468 1 4021
446560688 1 4075 446560728 2 3972
446746556 2 3987 446746587 1 4077
446754125 2 3988 446754157 1 4078
446893567 2 3997 446893602 1 4080
447015086 2 4006 447015121 1 4082
447424566 2 4058 447424598 1 4087
447558766 2 4074 447558798 1 4088
448765615 0 1494 448765731 1 4106
448903068 0 1496 448903188 1 4108
449559541 0 1501 449559659 1 4114
455270963 2 4121 455271002 1 4195
455380753 0 1517 455380835 2 4127
455396406 0 1518 455396491 2 4129
455533875 2 4140 455533908 1 4198
455896653 2 4184 455896684 1 4202
460937101 0 1541 460937219 1 4270
461474376 0 1543 461474495 1 4278
462328153 0 1546 462328271 1 4288
462818928 0 1548 462819046 1 4295
463251593 2 4205 463251626 1 4301
463401047 2 4211 463401078 1 4304
463879101 2 4252 463879130 1 4309
471296125 2 4309 471296158 1 4414
472083258 2 4342 472083289 1 4425
472155191 2 4350 472155226 1 4426
472180784 2 4353 472180816 1 4427
472290152 2 4366 472290184 1 4428
472415055 2 4384 472415090 1 4430
477797058 0 1586 477797175 1 4504
480119428 0 1598 480119554 2 4431
480183430 0 1599 480183515 2 4438
480231973 2 4442 480232005 1 4536
480286644 0 1601 480286730 2 4446
480939198 2 4507 480939232 1 4544
480945843 2 4508 480945873 1 4545
487077623 0 1618 487077742 1 4630
487291030 0 1619 487291149 1 4634
488121306 0 1623 488121422 1 4646
488510062 2 4535 488510095 1 4650
488646931 2 4539 488646965 1 4652
488669205 2 4542 488669235 1 4653
488848415 2 4558 488848447 1 4655
488936960 2 4567 488936992 1 4656
488978918 2 4571 488978952 1 4657
489068380 2 4580 489068409 1 4658
489196635 2 4601 489196670 1 4659
489345984 0 1630 489346070 2 4609
496282618 2 4615 496282651 1 4756
496858098 2 4639 496858130 1 4764
497121418 2 4661 497121450 1 4768
497168718 2 4664 497168751 1 4769
497426810 2 4693 497426845 1 4773
503418250 0 1672 503418369 1 4857
505533411 2 4772 505533443 1 4886
505554019 2 4776 505554051 1 4887
505561003 2 4777 505561033 1 4888
505616212 0 1676 505616297 2 4783
505743391 2 4790 505743425 1 4890
505948576 2 4806 505948608 1 4894
513366358 2 4824 513366390 1 5002
513495979 2 4833 513496014 1 5005
513614466 2 4846 513614499 1 5007
513646723 2 4849 513646757 1 5008
514002405 2 4886 514002436 1 5013
514074679 2 4898 514074711 1 5014
514276212 2 4922 514276248 1 5018
521646285 2 4940 521646320 1 5119
521726602 2 4943 521726629 1 5120
521808960 2 4948 521808993 1 5122
521964399 2 4957 521964431 1 5124
522069557 2 4965 522069585 1 5126
522227728 2 4980 522227759 1 5128
522389618 2 4995 522389651 1 5130
522626670 2 5014 522626700 1 5132
530361925 0 1731 530362011 2 5065
580054353 2 5152 580054384 1 5168
580142493 2 5158 580142523 1 5169
580248602 2 5165 580248632 1 5170
588673166 2 5212 588673197 1 5256
588878442 2 5231 588878477 1 5258
588944007 2 5240 588944041 1 5259
589115127 2 5260 589115160 1 5261
597087642 2 5292 597087677 1 5344
597130228 2 5296 597130259 1 5345
597153404 2 5299 597153436 1 5346
597218071 2 5307 597218105 1 5347
597264916 0 1922 597265001 2 5313
597493734 2 5336 597493764 1 5350
598081231 0 1925 598081351 1 5357
598161525 0 1926 598161644 1 5358
603390598 0 1943 603390716 1 5431
604966281 2 5363 604966312 1 5452
605149638 2 5371 605149669 1 5455
605266845 2 5378 605266878 1 5457
605574534 2 5403 605574567 1 5462
605761374 2 5414 605761403 1 5465
605916828 2 5430 605916859 1 5467
605944444 0 1950 605944530 2 5431
607976562 0 1959 607976676 1 5493
608605154 0 1962 608605273 1 5502
613502097 2 5464 613502131 1 5571
613905877 2 5500 613905909 1 5577
614014966 2 5510 614014998 1 5578
614235057 2 5537 614235091 1 5581
621759980 2 5577 621760014 1 5687
621936129 2 5592 621936156 1 5689
621961033 2 5593 621961065 1 5690
622072585 2 5604 622072617 1 5692
622182137 2 5614 622182168 1 5693
622443610 2 5643 622443641 1 5694
622541795 0 2002 622541813 2 5656
622648524 2 5665 622648549 1 5698
629152962 0 2023 629153082 1 5788
630005379 2 5683 630005412 1 5799
630136625 2 5690 630136657 1 5801
630705235 2 5737 630705267 1 5807
630769001 2 5744 630769035 1 5808
630854135 2 5758 630854167 1 5810
631053086 2 5778 631053122 1 5813
635748424 0 2049 635748542 1 5878
636012224 0 2051 636012343 1 5881
637191775 0 2053 637191892 1 5898
638293518 2 5791 638293548 1 5913
638772529 2 5828 638772559 1 5919
638888410 2 5836 638888447 1 5920
639099668 2 5854 639099698 1 5923
640977330 0 2067 640977446 1 5949
641714077 0 2069 641714194 1 5960
647003316 2 5901 647003350 1 6032
647456613 2 5952 647456648 1 6038
647547380 2 5960 647547414 1 6039
647586031 2 5967 647586066 1 6040
647692768 0 2090 647692887 1 6042
654992616 2 5995 654992652 1 6142
655243399 2 6005 655243435 1 6146
655390489 2 6015 655390591 1 6148
655879165 2 6057 655879206 1 6155
655963889 2 6064 655963959 1 6156
656060361 0 2120 656060445 2 6071
663411091 2 6084 663411122 1 6255
663416452 2 6085 663416485 1 6256
663575543 2 6097 663575574 1 6257
663609517 1 6258 663609556 2 6101
663778510 2 6114 663778544 1 6261
663972936 2 6139 663972971 1 6264
664062367 2 6148 664062399 1 6265
664785907 0 2148 664786024 1 6275
665122897 0 2150 665122964 1 6279
671925849 0 2174 671925933 2 6216
671943899 2 6217 671943931 1 6371
671955392 2 6220 671955425 1 6372
671990781 2 6223 671990812 1 6374
672558024 2 6270 672558062 1 6381
675387688 0 2188 675387806 1 6420
680018931 2 6300 680018960 1 6482
680179968 2 6312 680180002 1 6484
680622792 2 6352 680622827 1 6490
687937844 2 6414 687937876 1 6589
688363472 2 6419 688363503 1 6595
688515438 2 6427 688515469 1 6598
688590150 2 6435 688590180 1 6599
688718706 0 2237 688718794 2 6446
688921799 2 6463 688921831 1 6604
689178398 2 6490 689178432 1 6606
689279092 2 6499 689279125 1 6608
692787963 0 2250 692788081 1 6657
696674520 2 6519 696674552 1 6710
696877640 2 6530 696877674 1 6713
696991287 2 6538 696991320 1 6715
697351537 2 6581 697351571 1 6719
697393017 2 6588 697393051 1 6720
697620058 2 6617 697620088 1 6723
697650346 2 6621 697650377 1 6724
698453512 0 2267 698453631 1 6736
705976142 2 6712 705976174 1 6841
706002276 0 2291 706002360 2 6714
763778915 2 6880 763778950 1 6887
771651091 2 6904 771651124 1 6968
771771725 0 2511 771771812 2 6909
772022757 2 6932 772022791 1 6972
772161156 2 6941 772161188 1 6974
772363969 0 2513 772364042 2 6961 772364074 1 6976
772444300 2 6971 772444331 1 6977
780000342 2 6984 780000377 1 7054
780129541 2 6991 780129572 1 7056
780371603 2 7014 780371638 1 7059
786747424 0 2550 786747542 1 7135
788311936 2 7072 788311967 1 7158
788505183 2 7087 788505229 0 2553
788618122 2 7095 788618156 1 7163
788738174 2 7105 788738206 1 7165
789014705 2 7138 789014738 1 7167
789124608 2 7149 789124640 1 7169
789189306 2 7158 789189341 1 7170
789400734 2 7169 789400764 1 7173
791663581 0 2563 791663702 1 7205
794291135 0 2573 794291252 1 7240
796648125 2 7184 796648159 1 7272
796842327 2 7199 796842361 1 7274
797259090 2 7227 797259214 1 7279
797305337 2 7231 797305373 1 7280
797375444 2 7237 797375479 1 7281
797565054 2 7266 797565106 1 7284
797661563 2 7273 797661598 1 7286
797803072 2 7285 797803104 1 7287
797807343 2 7286 797807374 1 7288
803918090 0 2600 803918209 1 7375
805381479 2 7314 805381513 1 7396
805418604 2 7317 805418636 1 7397
805604624 2 7335 805604655 1 7399
805639743 2 7340 805639778 1 7400
805659376 2 7342 805659411 1 7401
805846550 2 7361 805846585 1 7403
805931675 2 7371 805931710 1 7405
806032567 2 7383 806032600 1 7406
806041778 2 7384 806041812 1 7407
806058690 0 2604 806058774 2 7387
811416521 0 2620 811416639 1 7483
812422867 0 2626 812422985 1 7494
813478821 2 7401 813478851 1 7506
813545953 2 7406 813545987 1 7507
813566586 2 7409 813566616 1 7509
813591813 0 2631 813591894 2 7411
813672819 2 7416 813672855 1 7510
813822852 2 7424 813822884 1 7512
814004675 0 2634 814004760 2 7443
814111166 0 2636 814111284 1 7516
814148414 0 2637 814148500 2 7465
814432550 2 7495 814432580 1 7520
818677780 0 2661 818677900 1 7574
821732899 2 7506 821732934 1 7614
821839832 0 2671 821839917 2 7517
821948734 2 7524 821948766 1 7619
822040328 2 7532 822040363 1 7620
822135384 2 7541 822135418 1 7621
822617913 2 7592 822617947 1 7627
822739859 2 7599 822739892 1 7629
823735170 0 2680 823735289 1 7642
825876302 0 2688 825876418 1 7672
826794886 0 2691 826795004 1 7684
829859139 2 7612 829859171 1 7726
830027095 2 7615 830027130 1 7729
830307951 2 7627 830307986 1 7734
830397379 2 7635 830397419 1 7735
830558792 2 7650 830558825 1 7738
830991141 2 7700 830991172 1 7744
831008267 2 7701 831008303 1 7745
835652916 0 2711 835653035 1 7811
838303103 0 2719 838303186 2 7719
838327530 2 7721 838327563 1 7848
838760204 2 7746 838760235 1 7853
839043808 2 7773 839043840 1 7858
839102691 2 7780 839102731 1 7859
839247786 0 2723 839247872 2 7796
839318888 0 2724 839318972 2 7802
839410062 2 7810 839410093 1 7861
845660694 0 2747 845660812 1 7946
846887908 2 7833 846887941 1 7964
846923268 0 2752 846923362 2 7835
846986612 2 7839 846986646 1 7966
847088686 2 7841 847088719 1 7967
847135556 2 7845 847135587 1 7968
847264054 2 7856 847264085 1 7970
847418904 2 7881 847418936 1 7971
847805287 2 7931 847805322 1 7975
853261831 1 8047 853261832 0 2782
855063989 2 7944 855063993 1 8070
855088597 2 7945 855088632 1 8072
855149019 2 7950 855149052 1 8073
855272744 2 7957 855272777 1 8074
855346084 2 7961 855346158 1 8076
855827117 2 8005 855827152 1 8080
856036923 2 8023 856036956 1 8083
863094642 2 8029 863094676 1 8181
863719518 2 8052 863719550 1 8190
863984266 2 8080 863984296 1 8194
864129548 2 8094 864129582 1 8195
864137937 2 8096 864137974 1 8196
864292097 0 2820 864292183 2 8109
864417968 0 2821 864417992 2 8120
864491335 2 8123 864491365 1 8200
869188801 0 2837 869188920 1 8263
871506876 2 8128 871506910 1 8295
871997605 2 8152 871997637 1 8301
872100542 2 8159 872100576 1 8302
872107615 2 8160 872107647 1 8303
872308922 2 8177 872308956 1 8306
872579126 2 8201 872579159 1 8310
872605952 0 2849 872606037 2 8203
872622512 2 8204 872622545 1 8311
877850094 0 2868 877850209 1 8382
880093662 2 8231 880093696 1 8412
880202847 2 8239 880202880 1 8413
880304969 2 8248 880305003 1 8415
880796171 2 8298 880796202 1 8422
880967536 2 8321 880967573 1 8424
881039896 2 8329 881039930 1 8425
881103949 2 8335 881103979 1 8426
887540494 1 8514 887540587 0 2901
888421110 2 8353 888421143 1 8525
888545776 2 8358 888545809 1 8527
888626538 1 8528 888626605 2 8362
888662657 2 8364 888662689 1 8529
889093320 2 8403 889093354 1 8536
889146402 2 8411 889146437 1 8537
889244293 2 8424 889244326 1 8538
889344508 2 8431 889344562 1 8540
889403411 2 8435 889403443 1 8541
897350959 0 2926 897351045 2 8499
946892180 2 8572 946892214 1 8581
946897616 0 3093 946897693 2 8573
946901826 0 3094 946901909 2 8574
946937205 0 3095 946937290 2 8577
947724751 2 8589 947724785 1 8589
951711290 0 3112 951711409 1 8631
955019541 2 8599 955019572 1 8665
955055230 2 8601 955055260 1 8666
955520322 2 8633 955520356 1 8671
955759536 2 8667 955759568 1 8672
963342394 0 3154 963342480 2 8680
963355208 2 8681 963355244 1 8750
963464070 2 8689 963464107 1 8751
963719936 2 8712 963719968 1 8754
963812601 2 8719 963812635 1 8755
963916148 2 8727 963916184 1 8756
971812730 2 8775 971812763 1 8837
971872362 2 8778 971872395 1 8838
971980611 0 3190 971980696 2 8784
972470459 2 8824 972470491 1 8846
972719546 2 8843 972719576 1 8849
972738476 2 8844 972738507 1 8850
972813104 2 8847 972813131 1 8851
979809043 2 8852 979809076 1 8943
980192723 0 3225 980192808 2 8863
980253984 2 8866 980254015 1 8949
980551050 2 8895 980551084 1 8951
980903787 2 8932 980903819 1 8957
980923526 0 3226 980923615 2 8935
980985933 2 8945 980985964 1 8958
981095072 0 3228 981095157 2 8951
981191649 2 8956 981191682 1 8960
988665533 2 8986 988665565 1 9061
988884399 2 9003 988884433 1 9064
989069354 2 9018 989069387 1 9067
989134671 0 3261 989134719 2 9029
989204952 2 9039 989204986 1 9069
990672565 0 3265 990672684 1 9088
992952442 0 3272 992952560 1 9121
996853548 2 9087 996853582 1 9174
996911343 2 9092 996911370 1 9175
996989725 2 9101 996989757 1 9176
997138694 2 9115 997138727 1 9178
997144993 0 3287 997145078 2 9116
997328947 0 3289 997329087 2 9134
997420422 2 9145 997420453 1 9181
997528115 2 9157 997528146 1 9182
997680475 2 9170 997680510 1 9185
997872319 0 3291 997872405 2 9179
1005074940 2 9192 1005074973 1 9287
1005115592 0 3312 1005115673 2 9195
1005126524 2 9196 1005126557 1 9288
1005490253 2 9217 1005490288 1 9292
1005504827 2 9219 1005504862 1 9293
1005596539 2 9222 1005596572 1 9295
1005687811 2 9232 1005687850 1 9297
1005780393 2 9239 1005780426 1 9298
1005893411 2 9252 1005893444 1 9300
1013451527 0 3346 1013451613 2 9288
1013455169 2 9289 1013455203 1 9400
1013612229 0 3347 1013612315 2 9302
1013651696 2 9304 1013651729 1 9403
1013750341 2 9312 1013750375 1 9404
1013800112 2 9316 1013800146 1 9405
1014004026 0 3349 1014004092 2 9336
1014069037 2 9343 1014069068 1 9408
1014151711 2 9350 1014151743 1 9410
1014250953 2 9361 1014250987 1 9411
1015615270 0 3352 1015615388 1 9431
1017192773 0 3355 1017192888 1 9454
1021508611 2 9385 1021508643 1 9515
1021883484 2 9401 1021883517 1 9519
1021902564 2 9402 1021902596 1 9520
1022264847 2 9426 1022264878 1 9526
1022287117 0 3369 1022287201 2 9428
1022371478 2 9439 1022371512 1 9527
1024371729 0 3382 1024371846 1 9552
1030035523 2 9490 1030035555 1 9629
1030222666 2 9500 1030222697 1 9632
1030274435 2 9503 1030274465 1 9633
1030476079 2 9520 1030476113 1 9636
1030575417 2 9535 1030575450 1 9637
1030691160 2 9545 1030691192 1 9638
1030794087 0 3405 1030794172 2 9554
1030957982 2 9577 1030957998 0 3406
1032898289 0 3413 1032898408 1 9667
1038421307 0 3431 1038421391 2 9608
1038746839 2 9631 1038746873 1 9748
1039280869 2 9676 1039280899 1 9753
1039413659 2 9689 1039413690 1 9756
1046880617 2 9718 1046880650 1 9859
1047162038 0 3464 1047162130 2 9743
1047313929 2 9753 1047313958 1 9863
1047467373 2 9777 1047467404 1 9866
1047612496 2 9798 1047612529 1 9868
1047702423 2 9804 1047702458 1 9870
1049540951 0 3470 1049541068 1 9897
1055004254 2 9825 1055004288 1 9972
1055054173 2 9828 1055054203 1 9973
1055457473 2 9854 1055457507 1 9977
1055513913 2 9859 1055513947 1 9979
1055928037 2 9901 1055928067 1 9985
1056038134 2 9913 1056038168 1 9986
1063554791 2 9939 1063554808 1 10084
1063635664 2 9946 1063635697 1 10085
1063870473 2 9964 1063870503 1 10088
1063980190 2 9975 1063980224 1 10091
1064068169 2 9986 1064068207 1 10092
1064124571 2 9992 1064124604 1 10093
1064236754 2 10010 1064236785 1 10094
1064328816 2 10020 1064328850 1 10096
1064361797 2 10027 1064361831 1 10097
1064400825 2 10030 1064400917 1 10098
1072749998 2 10124 1072750009 1 10211
1080430206 0 3569 1080430294 2 10158
1080523954 0 3570 1080524040 2 10164
1080811825 0 3571 1080811908 2 10199
1139134839 0 3753 1139134924 2 10323
1146687583 0 3773 1146687615 2 10350
1146759227 0 3774 1146759298 2 10353
1146925053 2 10363 1146925086 1 10416
1147262849 2 10388 1147262881 1 10418
1147427766 2 10404 1147427799 1 10420
1147519741 2 10409 1147519775 1 10421
1155439718 2 10457 1155439749 1 10502
1155675124 0 3803 1155675209 2 10479
1155773990 1 10506 1155774074 2 10491
1156457110 0 3806 1156457225 1 10514
1163700435 2 10545 1163700468 1 10606
1163765788 2 10547 1163765821 1 10607
1163775410 0 3838 1163775493 2 10549
1164107338 2 10587 1164107373 1 10611
1171268755 0 3868 1171268870 1 10708
1171807730 1 10714 1171807824 2 10629
1171988591 0 3871 1171988675 2 10644
1171999734 2 10645 1171999768 1 10717
1172223910 2 10656 1172223941 1 10720
1172255938 2 10657 1172255972 1 10721
1172412416 0 3872 1172412495 2 10675
1174255022 0 3879 1174255141 1 10748
1177521163 0 3889 1177521281 1 10793
1180137423 2 10730 1180137457 1 10827
1180252667 2 10740 1180252698 1 10829
1180321653 1 10830 1180321696 0 3905
1180423382 0 3906 1180423469 2 10752
1180674087 2 10767 1180674121 1 10833
1180968780 0 3909 1180968865 2 10801
1181197383 0 3910 1181197470 2 10814
1181224255 2 10816 1181224288 1 10841
1188886494 2 10852 1188886527 1 10941
1188904527 2 10855 1188904559 1 10942
1189246089 2 10893 1189246125 1 10947
1195436776 0 3954 1195436893 1 11030
1196851677 2 10935 1196851710 1 11050
1196943019 0 3958 1196943101 2 10941
1196948902 2 10943 1196948937 1 11051
1196995078 0 3959 1196995162 2 10950
1197070785 1 11053 1197070865 2 10955
1197272686 2 10970 1197272720 1 11055
1197422219 2 10983 1197422252 1 11058
1197458870 2 10989 1197458904 1 11059
1197672240 2 11016 1197672269 1 11062
1197808393 2 11029 1197808427 1 11064
1204955274 2 11039 1204955306 1 11160
1205249823 2 11051 1205249891 1 11164
1205342266 2 11059 1205342299 1 11166
1205406411 2 11063 1205406443 1 11167
1205623754 2 11081 1205623788 1 11170
1205786702 0 3990 1205786785 2 11095
1205793417 0 3991 1205793502 2 11096
1206053716 2 11122 1206053750 1 11176
1206097593 0 3993 1206097679 2 11128
1207664347 0 3999 1207664465 1 11198
1213745006 2 11163 1213745042 1 11285
1213972497 0 4011 1213972587 2 11190
1214119515 2 11206 1214119540 1 11291
1214241802 2 11217 1214241835 1 11292
1214457444 0 4013 1214457528 2 11245
1220118645 0 4031 1220118761 1 11374
1221695881 2 11258 1221695910 1 11394
1221807728 2 11266 1221807761 1 11397
1221955816 2 11278 1221955849 1 11399
1222192132 2 11297 1222192166 1 11402
1222432383 2 11315 1222432418 1 11406
1222689942 0 4039 1222690026 2 11342
1222810607 2 11348 1222810639 1 11410
1222875103 2 11354 1222875137 1 11411
1228156191 1 11484 1228156253 0 4059
1229210997 0 4061 1229211116 1 11499
1230171411 2 11369 1230171444 1 11513
1230532628 2 11397 1230532661 1 11517
1230745365 2 11420 1230745401 1 11519
1230818340 0 4068 1230818424 2 11430
1231090025 2 11465 1231090055 1 11523
1238635428 2 11493 1238635463 1 11627
1238894414 2 11508 1238894446 1 11630
1239039741 2 11522 1239039863 1 11632
1239157396 2 11528 1239157431 1 11634
1239374237 2 11546 1239374272 1 11637
1243432406 0 4114 1243432524 1 11693
1246568191 2 11556 1246568225 1 11735
1247391873 2 11601 1247391907 1 11745
1247434569 2 11604 1247434594 1 11746
1247552974 2 11617 1247553005 1 11748
1247618792 2 11624 1247618823 1 11749
1247764946 2 11640 1247764977 1 11751
1247892439 2 11650 1247892469 1 11754
1252573838 0 4149 1252573957 1 11816
1255228320 2 11664 1255228352 1 11850
1255465588 2 11686 1255465617 1 11853
1255522884 2 11692 1255522918 1 11854
1255722995 1 11856 1255723121 2 11705
1255797775 2 11713 1255797807 1 11858
1255861715 0 4159 1255861801 2 11719 1255861834 1 11859
1255903343 0 4160 1255903428 2 11723
1259093426 0 4173 1259093543 1 11900
1261488774 0 4178 1261488891 1 11936
1263132455 2 11747 1263132489 1 11956
1263619375 2 11765 1263619410 1 11960
1263672272 2 11769 1263672303 1 11961
1263749107 2 11772 1263749139 1 11962
1263842064 2 11782 1263842100 1 11964
1264069390 2 11808 1264069425 1 11966
1264111795 2 11813 1264111826 1 11967
1264221665 2 11830 1264221697 1 11968
1264354033 2 11847 1264354064 1 11971
1264451592 2 11857 1264451625 1 11972
1264564181 2 11864 1264564215 1 11974
1272237191 0 4216 1272237278 2 11903
1330623142 2 12033 1330623174 1 12084
1330725766 0 4405 1330725850 2 12041
1330861542 2 12057 1330861671 1 12086
1330979866 2 12075 1330979901 1 12088
1338507123 2 12102 1338507156 1 12165
1338928881 2 12133 1338928917 1 12170
1339016245 2 12142 1339016278 1 12171
1339253255 2 12167 1339253288 1 12173
1339338592 0 4427 1339338675 2 12173
1340219282 0 4430 1340219398 1 12183
1343930052 0 4443 1343930170 1 12222
1346984801 2 12192 1346984835 1 12257
1347041165 2 12198 1347041198 1 12258
1347108210 2 12203 1347108229 1 12259
1347171943 2 12209 1347171977 1 12260
1347227487 2 12214 1347227522 1 12261
1347249578 0 4455 1347249660 2 12217
1347422048 2 12232 1347422082 1 12264
1351787953 0 4470 1351788071 1 12324
1355200125 2 12278 1355200159 1 12374
1355625935 2 12297 1355625966 1 12380
1355654536 2 12299 1355654568 1 12381
1355741080 2 12305 1355741113 1 12382
1355814666 2 12311 1355814698 1 12383
1355846280 2 12312 1355846312 1 12384
1355901672 2 12318 1355901704 1 12385
1355989889 2 12325 1355989924 1 12386
1356032129 2 12328 1356032160 1 12387
1363304947 0 4508 1363305063 1 12483
1363489393 2 12357 1363489425 1 12485
1363634056 2 12372 1363634089 1 12487
1363988225 2 12402 1363988261 1 12493
1366861477 0 4524 1366861595 1 12531
1371875732 0 4544 1371875818 2 12477
1372369288 0 4546 1372369373 2 12518
1372564650 2 12541 1372564682 1 12606
1372719278 2 12560 1372719310 1 12607
1372726274 2 12561 1372726308 1 12608
1372818922 2 12571 1372818954 1 12609
1377883022 0 4562 1377883141 1 12681
1379988458 2 12585 1379988492 1 12710
1380529840 0 4570 1380529926 2 12619
1380560840 2 12622 1380560871 1 12718
1380688687 2 12634 1380688720 1 12719
1380733158 2 12640 1380733192 1 12720
1380882309 2 12664 1380882342 1 12722
1380964056 2 12670 1380964086 1 12724
1381004149 2 12675 1381004180 1 12725
1381017672 0 4572 1381017757 2 12676
1381054643 0 4573 1381054727 2 12679
1381190531 2 12689 1381190563 1 12727
1385821780 0 4583 1385821897 1 12793
1386218738 0 4588 1386218852 1 12798
1388389093 2 12700 1388389126 1 12827
1388670239 2 12722 1388670267 1 12830
1388922507 2 12745 1388922538 1 12833
1389456314 0 4602 1389456400 2 12798
1389460372 2 12799 1389460403 1 12840
1392035029 0 4610 1392035147 1 12876
1392139071 0 4611 1392139188 1 12877
1396686307 2 12818 1396686337 1 12940
1397175421 2 12845 1397175457 1 12944
1397193409 2 12847 1397193440 1 12945
1397383945 0 4626 1397384030 2 12867
1397399519 1 12949 1397399553 2 12870
1397545602 2 12892 1397545684 1 12951
1397636281 2 12903 1397636313 1 12952
1397690760 2 12911 1397690792 1 12953
1405227427 1 13055 1405227553 2 12944
1405352802 2 12953 1405352834 1 13057
1405555788 2 12973 1405555819 1 13060
1405578598 0 4657 1405578681 2 12976
1405796225 2 12995 1405796261 1 13062
1405798443 2 12996 1405798474 1 13063
1406026956 2 13019 1406026991 1 13067
1409353677 0 4667 1409353714 1 13113
1413159121 2 13042 1413159155 1 13163
1413813019 2 13076 1413813052 1 13173
1413983234 0 4685 1413983318 2 13088
1414017951 2 13090 1414017987 1 13175
1414040885 0 4686 1414040971 2 13095
1414061450 2 13098 1414061484 1 13177
1414104269 2 13103 1414104301 1 13178
1414305518 2 13126 1414305547 1 13180
1414337119 2 13130 1414337149 1 13181
1416906784 0 4700 1416906898 1 13214
1420772339 0 4711 1420772458 1 13268
1422024476 2 13173 1422024510 1 13286
1422149196 2 13183 1422149227 1 13288
1422313064 2 13197 1422313098 1 13290
1422544879 2 13219 1422544912 1 13295
1422643232 1 13296 1422643292 2 13230
1430114508 2 13263 1430114541 1 13398
1430464528 2 13282 1430464564 1 13403
1430584803 2 13292 1430584838 1 13405
1430883687 2 13318 1430883722 1 13410
1431169922 2 13354 1431169955 1 13412
1431193739 2 13356 1431193769 1 13413
1431238556 2 13359 1431238587 1 13414
1431286865 2 13361 1431286898 1 13415
1438372835 2 13366 1438372868 1 13513
1438648091 2 13383 1438648122 1 13517
1438880832 2 13396 1438880866 1 13520
1439187791 0 4769 1439187876 2 13427 1439187909 1 13524
1439360622 2 13445 1439360653 1 13526
1447066811 2 13489 1447066846 1 13634
1447305913 2 13507 1447305946 1 13636
1447507185 0 4794 1447507271 2 13522
1447651689 0 4795 1447651790 2 13543 1447651821 1 13641
1447805353 0 4797 1447805377 1 13643
1447920396 2 13579 1447920430 1 13644
1513578354 2 13702 1513578430 1 13757
1513686251 2 13709 1513686281 1 13758
1513867674 2 13727 1513867703 1 13760
1513903035 0 5007 1513903035 2 13732
1513942639 2 13733 1513942671 1 13761
1514028450 2 13743 1514028483 1 13762
1514569473 0 5009 1514569589 1 13768
1521804008 1 13842 1521804031 2 13779
1521896402 2 13785 1521896434 1 13843
1521998789 2 13791 1521998824 1 13844
1522081429 2 13796 1522081459 1 13845
1522162433 2 13800 1522162465 1 13846
1522276203 2 13808 1522276234 1 13847
1522333995 2 13812 1522334027 1 13848
1522452877 2 13824 1522452910 1 13849
1522846936 2 13853 1522846969 1 13853
1527751409 0 5057 1527751530 1 13904
1530048921 0 5067 1530049006 2 13858
1530338873 2 13876 1530338904 1 13930
1530394306 2 13879 1530394337 1 13931
1530659767 2 13899 1530659799 1 13934
1530929694 2 13927 1530929726 1 13936
1531012665 2 13936 1531012696 1 13938
1538738609 2 13960 1538738638 1 14038
1538772484 2 13963 1538772515 1 14039
1538935074 2 13971 1538935105 1 14041
1539103665 2 13984 1539103699 1 14043
1539200127 1 14045 1539200136 2 13996
1539268516 0 5098 1539268597 2 14002
1539317272 2 14011 1539317305 1 14047
1546771931 2 14048 1546771960 1 14152
1546910746 2 14054 1546910777 1 14154
1547125085 2 14067 1547125117 1 14158
1547392648 2 14094 1547392684 1 14162
1547766179 2 14129 1547766210 1 14166
1547837662 2 14137 1547837694 1 14167
1555261006 2 14160 1555261039 1 14267
1555269907 2 14162 1555269940 1 14268
1555503674 2 14178 1555503705 1 14272
1555532235 2 14182 1555532269 1 14273
1555563672 0 5149 1555563757 2 14186
1555757229 2 14210 1555757260 1 14274
1555926394 0 5150 1555926478 2 14240
1555966721 2 14248 1555966756 1 14276
1556077445 2 14263 1556077479 1 14279
1556106065 2 14265 1556106104 0 5152
1563431477 2 14284 1563431510 1 14385
1563502797 2 14291 1563502827 1 14386
1563914220 2 14320 1563914251 1 14389
1564135977 0 5172 1564136097 2 14347
1564369514 2 14369 1564369547 1 14396
1569899375 0 5196 1569899492 1 14470
1572021327 0 5208 1572021415 2 14402
1572325321 2 14422 1572325357 1 14499
1572385351 2 14427 1572385385 1 14500
1572389428 2 14428 1572389462 1 14501
1572737395 2 14467 1572737430 1 14507
1572818970 2 14477 1572819003 1 14508
1579894359 2 14492 1579894392 1 14603
1580171316 2 14501 1580171346 1 14606
1580238236 2 14506 1580238270 1 14607
1580302507 2 14511 1580302540 1 14608
1580368260 2 14516 1580368292 1 14609
1580444477 0 5241 1580444561 2 14522
1580554378 2 14533 1580554410 1 14611
1580592911 2 14539 1580592946 1 14612
1580758335 2 14556 1580758365 1 14614
1580933496 0 5245 1580933580 2 14576 1580933613 1 14616
1581028917 0 5248 1581028948 2 14590
1581269052 2 14610 1581269083 1 14620
1588734552 2 14638 1588734587 1 14725
1588916377 2 14653 1588916412 1 14728
1589312655 2 14705 1589312686 1 14734
1589360974 2 14711 1589361005 1 14735
1591959044 0 5274 1591959164 1 14772
1595380109 0 5290 1595380227 1 14817
1596935366 2 14743 1596935394 1 14837
1597270237 0 5299 1597270321 2 14760
1597417977 2 14774 1597418012 1 14843
1597440052 2 14778 1597440083 1 14844
1597604358 2 14794 1597604391 1 14846
1597734279 0 5301 1597734414 2 14814
1597918207 2 14831 1597918241 1 14850
1601619526 0 5316 1601619644 1 14900
1604606847 0 5330 1604606967 1 14939
1605300752 0 5335 1605300837 2 14855
1605778236 2 14878 1605778269 1 14955
1605849046 0 5337 1605849131 2 14884
1605995154 0 5339 1605995235 2 14896
1612678690 0 5357 1612678763 1 15050
1613627433 2 14927 1613627467 1 15063
1613986590 0 5363 1613986674 2 14954
1613992668 2 14955 1613992701 1 15069
1614368850 2 14996 1614368880 1 15072
1621728767 2 15019 1621728801 1 15173
1621759055 2 15021 1621759088 1 15174
1622170139 2 15049 1622170172 1 15181
1622359281 2 15063 1622359314 1 15182
1622548123 2 15082 1622548153 1 15185
1622654752 0 5393 1622654836 2 15094
1622673668 2 15096 1622673701 1 15186
1622683192 2 15098 1622683226 1 15187
1622767980 2 15104 1622768014 1 15188
1622837472 0 5394 1622837590 1 15189
1622882758 2 15109 1622882791 1 15190
1630341179 0 5416 1630341265 2 15133
1630441415 2 15142 1630441447 1 15294
1630880432 2 15203 1630880467 1 15299
1630949899 1 15300 1630950006 2 15212
1639088092 0 5447 1639088175 2 15275
1647107047 0 5480 1647107133 2 15363
1697098278 2 15424 1697098311 1 15449
1697423858 0 5649 1697423942 2 15445
1701626293 0 5662 1701626411 1 15496
1702228878 0 5665 1702228996 1 15501
1705491734 2 15482 1705491765 1 15535
1705855097 2 15515 1705855131 1 15539
1713251545 2 15546 1713251578 1 15613
1713474450 2 15553 1713474519 1 15615
1713575092 2 15561 1713575187 0 5701
1713580845 2 15562 1713580876 1 15616
1713933935 2 15586 1713933970 1 15618
1714147384 2 15601 1714147418 1 15620
1714170644 2 15605 1714170676 1 15621
1714259555 0 5702 1714259640 2 15616
1714275751 2 15619 1714275788 1 15622
1721576917 2 15626 1721576951 1 15705
1721967364 0 5730 1721967451 2 15638
1722041745 2 15642 1722041776 1 15710
1722127830 2 15649 1722127860 1 15711
1722257639 2 15658 1722257671 1 15713
1722312051 2 15661 1722312084 1 15714
1722415381 2 15670 1722415416 1 15716
1722635816 2 15690 1722635848 1 15718
1722741724 0 5732 1722741806 2 15700
1729262306 0 5760 1729262423 1 15803
1730651603 0 5764 1730651689 2 15760
1730744272 2 15771 1730744303 1 15821
1730837383 2 15784 1730837417 1 15823
1730911769 1 15824 1730911860 2 15793
1730962838 2 15800 1730962869 1 15825
1731233954 2 15829 1731233986 1 15829
1732886439 0 5771 1732886556 1 15850
1733688551 0 5775 1733688668 1 15861
1739016146 2 15869 1739016180 1 15928
1739135864 2 15878 1739135899 1 15930
1739446202 2 15906 1739446236 1 15933
1739470795 2 15908 1739470829 1 15935
1739507612 2 15912 1739507644 1 15936
1747024321 0 5826 1747024410 2 15928
1747280836 2 15948 1747280870 1 16040
1747381461 2 15959 1747381495 1 16041
1747629474 2 15988 1747629507 1 16044
1747898607 1 16049 1747898733 2 16020
1748006120 2 16027 1748006153 1 16051
1755099824 2 16034 1755099929 1 16143
1755556181 0 5860 1755556266 2 16053
1755648748 2 16062 1755648786 1 16149
1755757766 2 16069 1755757795 1 16150
1755846209 2 16079 1755846238 1 16151
1756000026 2 16105 1756000060 1 16153
1756020394 2 16109 1756020428 1 16154
1756191368 0 5863 1756191451 2 16121
1756226848 2 16123 1756226880 1 16157
1756293837 2 16131 1756293867 1 16158
1763758938 2 16149 1763758972 1 16257
1763795038 2 16151 1763795073 1 16258
1763969734 2 16164 1763969766 1 16261
1764115786 2 16177 1764115820 1 16263
1764292780 2 16200 1764292785 1 16266
1764369086 2 16210 1764369120 1 16267
1764407282 2 16217 1764407316 1 16268
1764543316 2 16229 1764543350 1 16270
1771812456 2 16241 1771812489 1 16368
1771930515 2 16247 1771930550 1 16370
1772009626 2 16252 1772009658 1 16371
1772232462 2 16271 1772232496 1 16375
1772253082 0 5919 1772253165 2 16273
1772379503 2 16282 1772379533 1 16376
1772404375 2 16283 1772404405 1 16377
1780220282 0 5953 1780220367 2 16349
1780506649 2 16367 1780506679 1 16483
1780540501 2 16372 1780540532 1 16484
1780604225 2 16385 1780604259 1 16485
1780611015 0 5954 1780611100 2 16386
1780670807 2 16391 1780670839 1 16486
1780893636 1 16489 1780893653 2 16424
1781100917 2 16447 1781100951 1 16491
1781242371 2 16460 1781242399 1 16493
1781292822 2 16464 1781292853 1 16495
1788735847 2 16479 1788735888 1 16599
1788936700 2 16496 1788936732 1 16602
1789370226 0 5979 1789370349 1 16609
1789476553 2 16554 1789476584 1 16610
1789649501 2 16570 1789649534 1 16612
1789655857 2 16571 1789655890 1 16613
1797167156 2 16601 1797167190 1 16716
1797286495 2 16608 1797286528 1 16718
1797510182 2 16627 1797510216 1 16720
1797547056 2 16631 1797547088 1 16722
1797591622 0 6006 1797591707 2 16634
1797707040 0 6007 1797707125 2 16648
1798052944 2 16670 1798053043 1 16727
1805633068 2 16710 1805633101 1 16831
1809107564 0 6048 1809107683 1 16875
1813510857 2 16779 1813510888 1 16937
1813587640 2 16783 1813587671 1 16938
1813816836 2 16799 1813816869 1 16942
1813879041 2 16804 1813879070 1 16943
1813954081 2 16808 1813954112 1 16944
1814049412 2 16816 1814049443 1 16945
1814127597 0 6060 1814127680 2 16822
1814147168 2 16826 1814147201 1 16947
1814305711 2 16842 1814305743 1 16949
1814515604 2 16876 1814515639 1 16951
1817154208 0 6072 1817154319 1 16987
1822230469 2 16912 1822230500 1 17055
1822276783 2 16916 1822276815 1 17057
1822400307 1 17059 1822400435 2 16925
1822471321 2 16933 1822471355 1 17060
1822625786 0 6092 1822625874 2 16948
1822748886 0 6093 1822748969 2 16960
1822791992 2 16962 1822792023 1 17061
1888996060 2 17143 1888996090 1 17182
1889122283 2 17154 1889122314 1 17183
1889151587 2 17159 1889151622 1 17184
1889356321 2 17186 1889356353 1 17186
1895581277 0 6392 1895581394 1 17249
1896879321 2 17200 1896879351 1 17262
1897249393 2 17223 1897249428 1 17266
1897573893 0 6401 1897573978 2 17254
1897647838 2 17261 1897647871 1 17270
1898297458 0 6402 1898297573 1 17277
1903855615 0 6410 1903855735 1 17334
1905648560 2 17309 1905648594 1 17352
1907045133 0 6420 1907045250 1 17367
1909875068 0 6429 1909875186 1 17396
1913740791 2 17380 1913740824 1 17436
1913802163 2 17383 1913802200 1 17437
1913911483 2 17390 1913911515 1 17438
1913989153 2 17396 1913989186 1 17439
1914164978 2 17416 1914165013 1 17440
1914270351 2 17432 1914270386 1 17442
1917405719 0 6450 1917405838 1 17485
1922001971 2 17460 1922002003 1 17547
1922120041 0 6467 1922120125 2 17463
1922248012 2 17474 1922248044 1 17551
1922467078 2 17487 1922467112 1 17554
1922617905 2 17501 1922617940 1 17556
1930492291 2 17569 1930492325 1 17666
1930686201 2 17588 1930686227 1 17669
1930772434 2 17596 1930772466 1 17670
1930951460 2 17610 1930951491 1 17671
1931076164 2 17622 1931076197 1 17673
1938230124 2 17643 1938230162 1 17768
1938444961 0 6528 1938445084 1 17771
1938636483 2 17658 1938636514 1 17774
1939056949 0 6529 1939057035 2 17689
1939118260 2 17696 1939118293 1 17780
1939423536 2 17731 1939423569 1 17784
1939467958 2 17734 1939467994 1 17785
1939923254 0 6535 1939923370 1 17791
1946925077 2 17749 1946925108 1 17893
1946974483 0 6546 1946974569 2 17752
1946989508 2 17754 1946989542 1 17894
1947050961 2 17757 1947050995 1 17895
1947238970 2 17771 1947239000 1 17896
1947284346 2 17772 1947284377 1 17897
1947390789 2 17783 1947390820 1 17898
1947431851 2 17789 1947431882 1 17899
1947488514 2 17797 1947488546 1 17900
1947564484 2 17810 1947564515 1 17901
1947679409 0 6549 1947679491 2 17826
1947760960 2 17838 1947760991 1 17902
1955401644 2 17877 1955401677 1 18010
1955491713 2 17882 1955491745 1 18011
1955726755 2 17900 1955726789 1 18014
1955921787 2 17915 1955921819 1 18018
1956094378 2 17934 1956094411 1 18020
1963286706 2 17953 1963286743 1 18120
1963626646 2 17967 1963626676 1 18122
1963718678 2 17969 1963718708 1 18123
1963857692 2 17978 1963857724 1 18124
1963866871 2 17980 1963866903 1 18125
1964011102 2 17991 1964011136 1 18126
1964090898 2 17999 1964090933 1 18129
1964192534 2 18009 1964192571 1 18130
1964216773 0 6600 1964216858 2 18013
1964303742 2 18022 1964303776 1 18132
1964447997 2 18032 1964448029 1 18134
1964558620 2 18043 1964558653 1 18135
1964638765 2 18050 1964638798 1 18137
1966555869 0 6608 1966555988 1 18164
1971982154 0 6624 1971982239 2 18065
1972197805 0 6626 1972197888 2 18076
1972433964 2 18097 1972433994 1 18242
1972592318 0 6627 1972592404 2 18115
1972827346 2 18144 1972827377 1 18248
1977863686 0 6648 1977863809 1 18314
1980230872 0 6655 1980230955 2 18171
1980642129 2 18191 1980642159 1 18348
1980804067 2 18205 1980804097 1 18352
1980853869 2 18207 1980853904 1 18353
1980932025 2 18217 1980932059 1 18354
1981017843 2 18228 1981017879 1 18355
1981103269 2 18241 1981103300 1 18356
1981255920 2 18255 1981255954 1 18358
1988452291 2 18267 1988452326 1 18452
1988886507 2 18285 1988886538 1 18456
1988903419 2 18287 1988903452 1 18457
1989026681 0 6693 1989026770 2 18295
1989198426 2 18312 1989198461 1 18462
1989204391 0 6694 1989204473 2 18313
1989251095 2 18319 1989251129 1 18463
1989545730 2 18357 1989545766 1 18467
1997287182 2 18401 1997287216 1 18570
1997327976 0 6730 1997328061 2 18405
1997544714 0 6731 1997544797 2 18418
1997611036 2 18426 1997611070 1 18574
1997710930 2 18437 1997710964 1 18575
1997756410 2 18443 1997756442 1 18576
1997899913 2 18456 1997899944 1 18577
1998259902 0 6738 1998260021 1 18581
2002276234 0 6749 2002276354 1 18636
2005419148 2 18503 2005419179 1 18677
2005548306 2 18509 2005548341 1 18679
2005585433 2 18513 2005585466 1 18680
2005845869 2 18531 2005845904 1 18684
2005922646 2 18538 2005922678 1 18685
2006055737 2 18550 2006055769 1 18687
2013250124 2 18572 2013250157 1 18787
2013638268 0 6789 2013638354 2 18580
2013750955 2 18588 2013750985 1 18794
2013856184 2 18594 2013856219 1 18796
2013915640 2 18600 2013915670 1 18797
2013983372 2 18606 2013983403 1 18798
2014217067 2 18628 2014217098 1 18801
2014222816 0 6790 2014222899 2 18629
2014239923 2 18632 2014239956 1 18802
2014488718 2 18665 2014488752 1 18804
2071953119 2 18826 2071953154 1 18837
2080351981 2 18859 2080352012 1 18922
2080420203 2 18865 2080420236 1 18923
2080655738 2 18881 2080655767 1 18925
2080834760 1 18927 2080834782 2 18894
2080982298 2 18914 2080982333 1 18929
2081403984 2 18933 2081404016 1 18933
2088749970 2 18946 2088750003 1 19008
2088847405 2 18952 2088847436 1 19009
2088936734 2 18961 2088936768 1 19010
2089302929 2 18999 2089302982 1 19014
2090610752 0 7022 2090610869 1 19027
2097220559 2 19035 2097220590 1 19109
2097285260 2 19039 2097285295 1 19110
2097412667 2 19053 2097412701 1 19112
2097471061 2 19058 2097471096 1 19113
2097570601 2 19068 2097570638 1 19114
2097650862 2 19076 2097650894 1 19116
2097766682 2 19092 2097766711 1 19118
2097935328 2 19104 2097935362 1 19120
2098428668 0 7044 2098428788 1 19125
2105236826 0 7072 2105236942 1 19218
2105720430 2 19145 2105720465 1 19225
2105904858 2 19162 2105904893 1 19228
2106022733 2 19169 2106022765 1 19229
2106121152 2 19178 2106121187 1 19231
2106177638 2 19183 2106177669 1 19232
2113517475 0 7096 2113517595 1 19335
2113701637 2 19220 2113701668 1 19337
2113815917 2 19226 2113815948 1 19339
2113999045 2 19234 2113999076 1 19342
2114131514 0 7097 2114131599 2 19241
2114285567 2 19259 2114285601 1 19346
2114357294 2 19271 2114357328 1 19347
2119894085 0 7116 2119894199 1 19423
2122166327 2 19334 2122166361 1 19456
2122232114 0 7122 2122232199 2 19338
2122274868 2 19342 2122274903 1 19457
2122453482 2 19358 2122453518 1 19460
2122682818 2 19379 2122682849 1 19462
2122826581 2 19391 2122826615 1 19464
2130282203 2 19427 2130282231 1 19566
2130591761 2 19448 2130591793 1 19572
2130970883 2 19484 2130970918 1 19575
2131101434 2 19502 2131101541 0 7151
2131242310 2 19516 2131242344 1 19580
2132286852 0 7153 2132286970 1 19596
2134554558 0 7160 2134554676 1 19627
2138979962 2 19564 2138979994 1 19688
2139183544 2 19580 2139183576 1 19690
2139255197 2 19584 2139255230 1 19692
2139419784 2 19602 2139419819 1 19695
2139514646 2 19610 2139514681 1 19696
2139660381 2 19628 2139660411 1 19699
2139912090 0 7175 2139912211 1 19703
2147153651 2 19646 2147153682 1 19802
2147281723 2 19656 2147281757 1 19804
2147527115 2 19679 2147527146 1 19808
2147657510 2 19691 2147657542 1 19809
2147672736 2 19693 2147672769 1 19810
2147720615 2 19698 2147720649 1 19811
2148017587 2 19732 2148017617 1 19815
2148040783 2 19735 2148040818 1 19816
2150823208 0 7215 2150823324 1 19851
2155220947 2 19742 2155220982 1 19912
2155522743 2 19756 2155522775 1 19918
2155608750 2 19766 2155608785 1 19919
2155684682 2 19768 2155684718 1 19920
2155839719 2 19784 2155839751 1 19922
2155878382 0 7229 2155878465 2 19787
2155898404 2 19789 2155898438 1 19923
2155961101 2 19795 2155961133 1 19924
2156143469 2 19820 2156143503 1 19926
2156193378 2 19827 2156193408 1 19927
2163735164 2 19857 2163735196 1 20022
2163893368 2 19871 2163893402 1 20024
2164078690 2 19889 2164078722 1 20027
2164115058 2 19893 2164115093 1 20028
2164234596 2 19903 2164234629 1 20030
2164319821 2 19910 2164319855 1 20031
2164438044 2 19920 2164438077 1 20032
2164547911 0 7261 2164547997 2 19933
2165019773 0 7265 2165019892 1 20041
2165790800 0 7269 2165790945 1 20050
2168506543 1 20087 2168506598 0 7278
2171316146 0 7290 2171316264 1 20126
2172343437 2 19975 2172343468 1 20138
2172436454 2 19985 2172436485 1 20140
2172453145 2 19988 2172453177 1 20141
2172625982 2 20004 2172626017 1 20143
2172775581 2 20017 2172775615 1 20145
2172813023 2 20020 2172813054 1 20146
2172992180 2 20037 2172992266 1 20149
2179446176 0 7308 2179446293 1 20242
2180259847 2 20049 2180259879 1 20251
2180438652 0 7315 2180438741 2 20059
2180885798 2 20086 2180885830 1 20259
2180970779 2 20097 2180970813 1 20260
2181064059 2 20108 2181064092 1 20261
2181109235 2 20113 2181109267 1 20262
2181361764 2 20132 2181361796 1 20265
2188823955 2 20155 2188823989 1 20367
2188890791 0 7342 2188890876 2 20161
2189079791 0 7344 2189079876 2 20172
2189086840 2 20173 2189086870 1 20371
2189222868 2 20185 2189222906 1 20373
2189239725 0 7345 2189239808 2 20189
2189550901 2 20223 2189550936 1 20378
2193061920 0 7356 2193062037 1 20426
2195950085 0 7368 2195950200 1 20465
2196966436 0 7375 2196966522 2 20244
2196992230 2 20246 2196992260 1 20478
2197090021 2 20253 2197090160 1 20479
2197356992 2 20269 2197357027 1 20482
2197433418 0 7378 2197433502 2 20279
2197501113 0 7379 2197501228 1 20483
2197511958 2 20290 2197512042 1 20484
2197718899 2 20310 2197718933 1 20486
2197803343 1 20487 2197803364 2 20318
2205725042 0 7413 2205725124 2 20381
2205796488 0 7414 2205796572 2 20387
2255573354 2 20538 2255573386 1 20538
2255840854 2 20541 2255840887 1 20541
2264008918 0 7597 2264009003 2 20578
2264118729 2 20589 2264118760 1 20626
2264287037 2 20602 2264287068 1 20628
2264543676 2 20629 2264543711 1 20631
2267021286 0 7603 2267021403 1 20655
2269529056 0 7611 2269529144 1 20681
2272203652 2 20658 2272203685 1 20707
2272447807 2 20673 2272447836 1 20709
2272675253 2 20696 2272675288 1 20712
2272687245 0 7620 2272687330 2 20698
2272816842 2 20708 2272816876 1 20713
2280074679 2 20719 2280074717 1 20790
2280154479 2 20723 2280154512 1 20791
2280206026 2 20726 2280206061 1 20792
2280310477 2 20735 2280310511 1 20794
2280544278 2 20747 2280544312 1 20798
2280729965 0 7645 2280730080 2 20763
2280892404 0 7646 2280892523 1 20802
2288814814 0 7661 2288814898 2 20820
2289115837 2 20840 2289115867 1 20918
2289186609 0 7663 2289186699 2 20845
2289203829 2 20846 2289203863 1 20920
2289394900 2 20868 2289394930 1 20922
2289447631 0 7665 2289447717 2 20874
2296698488 2 20898 2296698521 1 21017
2296960540 2 20904 2296960572 1 21022
2297389815 2 20935 2297389849 1 21029
2297536434 2 20944 2297536468 1 21031
2297541511 0 7695 2297541593 2 20945
2297617951 2 20953 2297617983 1 21032
2297623642 0 7696 2297623727 2 20954
2297893527 0 7699 2297893611 2 20991
2297974595 2 20998 2297974628 1 21035
2299889560 0 7711 2299889680 1 21058
2304953718 1 21128 2304953728 0 7728
2305268974 2 21012 2305269009 1 21132
2305578112 2 21029 2305578142 1 21136
2305668787 0 7733 2305668871 2 21034
2306097744 2 21071 2306097782 1 21141
2306257519 2 21091 2306257554 1 21143
2313113288 0 7750 2313113406 1 21243
2313701394 2 21118 2313701435 1 21251
2313793119 2 21126 2313793151 1 21252
2313875205 0 7753 2313875289 2 21134
2314279963 2 21176 2314279994 1 21258
2314340330 2 21185 2314340364 1 21260
2314424225 2 21195 2314424363 1 21261
2314517283 1 21262 2314517403 2 21204
2314525016 2 21206 2314525047 1 21263
2314662554 2 21220 2314662589 1 21265
2317209373 0 7763 2317209391 1 21301
2320031490 0 7769 2320031609 1 21342
2322421400 2 21269 2322421431 1 21371
2322426579 2 21271 2322426612 1 21372
2322884113 2 21319 2322884147 1 21379
2322940477 0 7783 2322940561 2 21324
2325427550 0 7795 2325427667 1 21411
2327759538 0 7808 2327759655 1 21441
2330141097 2 21337 2330141130 1 21474
2330688588 2 21364 2330688619 1 21481
2330722353 2 21367 2330722384 1 21482
2330809315 2 21373 2330809347 1 21483
2330964100 0 7817 2330964139 2 21383
2331242933 2 21416 2331243006 1 21490
2336093670 0 7838 2336093788 1 21555
2339005971 2 21471 2339006006 1 21593
2339243933 2 21493 2339243968 1 21597
2339598374 2 21526 2339598445 1 21602
2339738646 0 7852 2339738731 2 21533
2347059762 2 21547 2347059793 1 21704
2347215130 2 21556 2347215161 1 21706
2347340765 2 21568 2347340795 1 21708
2347716880 0 7881 2347716963 2 21603
2347788917 0 7882 2347789002 2 21613
2347978737 0 7883 2347978774 2 21630
2355559035 2 21657 2355559066 1 21822
2355608359 0 7907 2355608443 2 21661
2355909828 2 21680 2355909859 1 21826
2355919069 0 7909 2355919152 2 21681
2356057009 2 21697 2356057042 1 21828
2356142976 2 21708 2356143011 1 21829
2356176069 2 21710 2356176101 1 21830
2358822113 0 7918 2358822229 1 21866
2364162971 2 21772 2364163006 1 21925
2364200136 2 21775 2364200172 1 21926
2364437901 0 7938 2364438016 1 21929
2364595350 2 21816 2364595381 1 21932
2364633736 2 21819 2364633766 1 21933
2364744392 2 21828 2364744419 1 21934
2368308283 0 7952 2368308404 1 21983
2371467611 1 22025 2371467677 0 7965
2372005155 2 21843 2372005187 1 22030
2372495318 0 7968 2372495402 2 21882
2372716160 1 22042 2372716295 2 21893
2372788909 2 21902 2372788941 1 22043
2373023308 2 21923 2373023341 1 22046
2373080579 2 21925 2373080611 1 22047
2373692659 0 7973 2373692777 1 22054
2380250629 2 21933 2380250664 1 22144
2380297783 2 21935 2380297818 1 22146
2380544350 0 7997 2380544435 2 21945
2380561305 2 21947 2380561338 1 22149
2380593637 0 7998 2380593721 2 21950
2380657404 2 21954 2380657439 1 22150
2381016278 2 21984 2381016309 1 22155
2381068744 2 21987 2381068777 1 22156
2381134017 2 21996 2381134046 1 22157
2381247867 2 22012 2381247896 1 22159
2386036030 0 8013 2386036148 1 22226
2397643923 0 8046 2397644006 2 22199
2397889363 0 8048 2397889446 2 22234
2397899626 0 8049 2397899709 2 22238
2447149314 2 22259 2447149349 1 22301
2447270263 2 22268 2447270298 1 22303
2447534073 2 22290 2447534106 1 22306
2447657413 2 22300 2447657445 1 22307
2450233026 0 8207 2450233142 1 22333
2455223319 2 22318 2455223352 1 22385
2455331206 2 22323 2455331241 1 22386
2459044289 1 22424 2459044380 0 8239
2464141034 2 22440 2464141065 1 22477
2469033188 0 8271 2469033305 1 22542
2471873890 2 22485 2471873923 1 22581
2472019173 2 22491 2472019207 1 22584
2472274135 2 22506 2472274172 1 22586
2472288307 2 22507 2472288338 1 22587
2472455705 0 8280 2472455790 2 22520
2472594030 2 22538 2472594061 1 22589
2472672427 2 22547 2472672463 1 22590
2472755449 2 22556 2472755485 1 22591
2472862734 0 8283 2472862854 1 22592
2480389950 2 22601 2480389982 1 22695
2480819341 2 22635 2480819377 1 22700
2481057102 2 22666 2481057136 1 22704
2481274083 2 22694 2481274118 1 22707
2481283243 2 22695 2481283275 1 22708
2481435702 0 8314 2481435817 1 22710
2481882681 0 8316 2481882798 1 22716
2485860345 0 8330 2485860415 1 22769
2488346253 2 22709 2488346286 1 22805
2488849264 2 22732 2488849295 1 22811
2488945416 0 8339 2488945501 2 22739
2489113511 2 22751 2489113546 1 22815
2489162675 2 22758 2489162711 1 22816
2489184965 0 8340 2489185048 2 22761
2489372411 2 22784 2489372445 1 22819
2489500389 0 8341 2489500507 1 22821
2491029134 0 8349 2491029249 1 22841
2497098037 0 8369 2497098122 2 22842
2497385686 2 22863 2497385696 1 22928
2497533694 2 22874 2497533727 1 22929
2497586460 2 22880 2497586495 1 22930
2497614351 1 22931 2497614389 2 22881
2497963802 2 22916 2497963835 1 22935
2498011535 2 22921 2498011565 1 22936
2502589335 0 8390 2502589453 1 22998
2505290682 0 8398 2505290800 1 23036
2505387669 2 22941 2505387703 1 23037
2505739235 2 22959 2505739267 1 23042
2506034340 2 22983 2506034375 1 23048
2506165013 2 22997 2506165046 1 23050
2506263496 2 23007 2506263530 1 23051
2513797838 2 23038 2513797869 1 23153
2513866629 2 23042 2513866663 1 23154
2513954707 2 23052 2513954739 1 23155
2514468113 2 23097 2514468146 1 23163
2514663654 2 23128 2514663687 1 23166
2514667811 2 23129 2514667846 1 23167
2517662704 0 8441 2517662820 1 23207
2522293808 2 23160 2522293838 1 23270
2522370664 2 23168 2522370695 1 23271
2522527297 0 8458 2522527383 2 23186
2523018508 2 23234 2523018593 1 23279
2530596570 2 23264 2530596601 1 23383
2530667240 2 23268 2530667272 1 23384
2530743454 2 23274 2530743486 1 23385
2530777523 2 23275 2530777555 1 23386
2530825852 2 23280 2530825884 1 23387
2530933504 2 23293 2530933538 1 23388
2531204701 2 23332 2531204735 1 23391
2531385762 2 23352 2531385793 1 23393
2532133905 0 8494 2532134020 1 23404
2538714757 2 23367 2538714792 1 23493
2539314869 2 23412 2539314903 1 23501
2539353020 0 8520 2539353104 2 23418
2539515992 2 23431 2539516022 1 23504
2539724894 2 23448 2539724925 1 23506
2542272306 0 8522 2542272424 1 23547
2546924713 2 23460 2546924748 1 23610
2547104080 2 23465 2547104115 1 23613
2547195734 1 23614 2547195882 2 23472
2547363366 0 8538 2547363454 2 23480
2547516229 2 23495 2547516264 1 23617
2547680796 2 23512 2547680830 1 23619
2547835481 2 23528 2547835513 1 23620
2547837757 2 23529 2547837794 1 23621
2547965244 2 23538 2547965275 1 23622
2548038210 2 23543 2548038244 1 23624
2552205274 0 8551 2552205393 1 23684
2552454540 0 8556 2552454658 1 23686
2555277936 2 23559 2555277972 1 23721
2555383691 2 23563 2555383723 1 23722
2555597482 2 23574 2555597514 1 23723
2555659495 0 8574 2555659579 2 23580
2555675425 0 8575 2555675511 2 23585 2555675543 1 23725
2555866265 2 23603 2555866297 1 23727
2555996685 2 23614 2555996719 1 23729
2556236376 0 8577 2556236460 2 23642
2556421671 2 23663 2556421704 1 23735
2563762811 2 23677 2563762843 1 23838
2564142796 2 23705 2564142831 1 23842
2564168208 2 23709 2564168240 1 23843
2564281200 2 23719 2564281233 1 23845
2564554706 2 23744 2564554736 1 23849
2564685903 0 8594 2564685987 2 23756 2564686022 1 23850
2564705185 2 23757 2564705217 1 23851
2564850894 2 23764 2564850930 1 23853
2572214360 2 23792 2572214391 1 23950
2572220451 2 23793 2572220484 1 23951
2572509015 0 8625 2572509099 2 23815
2630206741 2 23956 2630206775 1 23989
2630363780 2 23964 2630363813 1 23991
2630816629 2 23987 2630816663 1 23996
2630879353 2 23996 2630879384 1 23997
2638931117 2 24017 2638931151 1 24080
2639155749 2 24032 2639155783 1 24082
2639276381 2 24048 2639276415 1 24083
2639462843 0 8842 2639462927 2 24068
2639642797 2 24085 2639642824 1 24088
2641848726 0 8854 2641848846 1 24110
2646782849 1 24161 2646782951 2 24090
2646981366 2 24096 2646981397 1 24163
2647066022 2 24101 2647066054 1 24164
2647120463 0 8876 2647120550 2 24105
2647185042 2 24109 2647185079 1 24165
2647349709 2 24123 2647349743 1 24167
2647503072 2 24132 2647503107 1 24169
2647809060 2 24168 2647809094 1 24172
2655563118 2 24195 2655563148 1 24255
2655639236 2 24202 2655639267 1 24256
2655712112 0 8919 2655712197 2 24206
2655828599 2 24218 2655828632 1 24258
2656064125 2 24245 2656064157 1 24259
2656151446 2 24251 2656151482 1 24260
2656244578 2 24258 2656244611 1 24261
2656262730 2 24260 2656262762 1 24262
2663448638 2 24267 2663448749 1 24359
2663854770 2 24283 2663854806 1 24366
2663943908 2 24294 2663943939 1 24367
2664071228 2 24305 2664071261 1 24369
2664189024 0 8948 2664189108 2 24316
2664310279 2 24328 2664310313 1 24371
2664447906 2 24348 2664447940 1 24373
2666377564 0 8958 2666377682 1 24398
2670834535 0 8980 2670834650 1 24456
2671999222 2 24386 2671999369 1 24474
2672151670 2 24392 2672151703 1 24476
2672304882 2 24402 2672304913 1 24478
2672784472 0 8986 2672784554 2 24448
2672875754 2 24459 2672875786 1 24484
2672934819 0 8987 2672934904 2 24465
2673091508 2 24478 2673091637 1 24487
2675697441 0 8996 2675697560 1 24523
2679933563 0 9010 2679933685 1 24583
2680427492 2 24497 2680427526 1 24589
2680521401 2 24500 2680521434 1 24590
2680708766 2 24518 2680708797 1 24592
2680836684 2 24531 2680836716 1 24594
2680883169 2 24537 2680883203 1 24595
2680953777 2 24545 2680953807 1 24596
2681135093 2 24562 2681135128 1 24599
2681285766 2 24581 2681285796 1 24601
2681344770 2 24587 2681344805 1 24602
2686547818 0 9042 2686547935 1 24666
2688499340 0 9048 2688499457 1 24695
2688882871 2 24614 2688882902 1 24698
2688892490 2 24616 2688892525 1 24699
2688987853 2 24621 2688987886 1 24700
2689081343 0 9049 2689081430 2 24626
2689137756 2 24634 2689137787 1 24703
2689321576 2 24650 2689321609 1 24705
2689365873 0 9051 2689365958 2 24657
2689646876 2 24681 2689646908 1 24709
2690084665 0 9054 2690084783 1 24716
2691044492 0 9057 2691044611 1 24729
2694791315 0 9075 2694791434 1 24776
2697399044 2 24726 2697399078 1 24810
2697429710 2 24729 2697429741 1 24811
2697620400 0 9085 2697620485 2 24753
2697794287 2 24779 2697794323 1 24816
2697898779 2 24788 2697898813 1 24817
2697907959 2 24789 2697907991 1 24818
2698031300 2 24801 2698031330 1 24820
2705573323 2 24828 2705573355 1 24920
2705840623 2 24850 2705840656 1 24925
2706063507 2 24871 2706063538 1 24929
2706212271 2 24888 2706212303 1 24931
2706307957 2 24898 2706307987 1 24933
2713290127 2 24913 2713290161 1 25030
2713765414 2 24929 2713765445 1 25034
2713962073 2 24939 2713962108 1 25036
2714248336 2 24954 2714248371 1 25040
2714308156 2 24957 2714308188 1 25041
2714484963 0 9142 2714485046 2 24973
2714632735 2 24994 2714632769 1 25046
2714848571 2 25013 2714848602 1 25049
2719424792 0 9158 2719424914 1 25114
2722277830 2 25035 2722277864 1 25149
2722375360 2 25044 2722375391 1 25150
2722727645 2 25081 2722727676 1 25156
2722793418 2 25089 2722793449 1 25157
2722920580 2 25099 2722920612 1 25159
2723113807 2 25111 2723113839 1 25162
2726743683 0 9185 2726743719 1 25211
2730176911 2 25117 2730176945 1 25259
2730354225 2 25124 2730354257 1 25262
2730418667 2 25126 2730418701 1 25263
2730906557 2 25169 2730906589 1 25270
2731029797 2 25188 2731029832 1 25272
2738790439 2 25236 2738790470 1 25381
2739007831 2 25247 2739007863 1 25384
2739334375 2 25269 2739334407 1 25389
2739375041 0 9222 2739375130 2 25274
2739753693 0 9224 2739753778 2 25322
2747000996 2 25337 2747001025 1 25494
2747272838 1 25498 2747272902 2 25353
2747444285 2 25367 2747444316 1 25501
2747516609 2 25371 2747516637 1 25502
2747670692 2 25384 2747670722 1 25503
2747914388 2 25413 2747914423 1 25506
2747936659 2 25415 2747936791 1 25507
2748098893 2 25434 2748098924 1 25509
2755362215 2 25452 2755362247 1 25606
2755475237 2 25457 2755475269 1 25608
2755809650 2 25485 2755809682 1 25612
2755885948 0 9280 2755886032 2 25494
2755993802 2 25505 2755993838 1 25613
2756182916 0 9284 2756183001 2 25521
2763815424 0 9306 2763815509 2 25549
2772083330 0 9338 2772083416 2 25660
2772098316 0 9339 2772098402 2 25662
2822388363 0 9488 2822388447 2 25694
2830395423 0 9513 2830395507 2 25752
2830555614 2 25762 2830555647 1 25823
2830567134 2 25763 2830567166 1 25824
2830940490 2 25792 2830940527 1 25828
2839109360 0 9543 2839109443 2 25866
2839230612 2 25874 2839230646 1 25914
2839486623 0 9544 2839486708 2 25900
2839596377 2 25912 2839596411 1 25918
2844960180 0 9570 2844960299 1 25988
2847179168 2 25935 2847179199 1 26017
2847298479 2 25943 2847298510 1 26018
2847340002 2 25948 2847340034 1 26020
2847382978 0 9583 2847383063 2 25953
2847502457 0 9585 2847502542 2 25965
2847908342 2 26020 2847908375 1 26026
2855370984 2 26043 2855371016 1 26128
2855467720 2 26046 2855467751 1 26129
2855515462 2 26048 2855515496 1 26130
2855808870 0 9615 2855808955 2 26071
2856145876 2 26099 2856145907 1 26138
2856175342 0 9617 2856175425 2 26104
2856439979 2 26124 2856440008 1 26142
2863698551 2 26137 2863698583 1 26235
2863973366 2 26151 2863973399 1 26240
2864005329 0 9649 2864005415 2 26155
2864207253 2 26166 2864207282 1 26242
2864275509 2 26171 2864275541 1 26243
2864376736 1 26244 2864376736 2 26176
2864556641 2 26202 2864556675 1 26246
2864660842 2 26223 2864660875 1 26248
2864833443 2 26241 2864833477 1 26252
2871838040 2 26247 2871838075 1 26350
2871874341 2 26249 2871874377 1 26351
2871988479 2 26253 2871988512 1 26352
2872296060 2 26264 2872296094 1 26355
2872491113 2 26274 2872491145 1 26358
2872734626 2 26300 2872734658 1 26362
2872947999 2 26322 2872948033 1 26365
2873092069 2 26337 2873092135 1 26367
2873407402 0 9674 2873407521 1 26372
2877897857 0 9697 2877897975 1 26430
2878953033 0 9705 2878953089 1 26441
2880581595 0 9708 2880581681 2 26358 2880581712 1 26466
2880650584 2 26362 2880650615 1 26467
2880847364 0 9709 2880847449 2 26376
2880867242 2 26378 2880867275 1 26470
2880900378 2 26381 2880900412 1 26471
2881038825 2 26399 2881038857 1 26472
2881235742 2 26430 2881235777 1 26475
2884737014 0 9719 2884737131 1 26526
2887879133 0 9731 2887879248 1 26568
2888689259 2 26463 2888689292 1 26579
2888802785 2 26466 2888802813 1 26580
2888914877 2 26472 2888914907 1 26582
2889006033 2 26477 2889006067 1 26583
2889175278 2 26489 2889175311 1 26586
2889255214 2 26495 2889255249 1 26587
2889449141 2 26520 2889449172 1 26589
2889465677 1 26590 2889465789 2 26523
2889551312 0 9737 2889551314 2 26536
2889623920 2 26544 2889623953 1 26592
2889703640 2 26555 2889703673 1 26593
2889731746 0 9738 2889731829 2 26557
2896977984 2 26571 2896978019 1 26683
2897357686 0 9782 2897357775 2 26599
2897607819 2 26617 2897607852 1 26693
2897703440 2 26627 2897703475 1 26694
2897801173 2 26638 2897801207 1 26695
2898056399 1 26699 2898056419 2 26666
2905093092 0 9806 2905093206 1 26796
2905888471 2 26717 2905888504 1 26807
2906201802 2 26756 2906201833 1 26810
2906297981 2 26768 2906298013 1 26812
2913987574 2 26804 2913987610 1 26919
2914167332 2 26814 2914167364 1 26920
2914175534 2 26815 2914175566 1 26921
2914275177 2 26822 2914275201 1 26924
2914286715 0 9836 2914286800 2 26824
2914471595 2 26846 2914471627 1 26926
2917661682 0 9851 2917661799 1 26965
2918823079 1 26979 2918823116 0 9857
2922230110 2 26911 2922230143 1 27023
2922330248 2 26918 2922330280 1 27025
2922645341 2 26942 2922645373 1 27029
2922738916 0 9877 2922739002 2 26956
2930515138 2 27021 2930515170 1 27140
2930593421 2 27025 2930593452 1 27141
2930689161 2 27029 2930689192 1 27142
2930708934 2 27031 2930708993 1 27143
2930890419 2 27053 2930890453 1 27144
2930892671 2 27054 2930892703 1 27145
2931268039 2 27096 2931268074 1 27149
2932526542 0 9907 2932526652 1 27167
2937449361 0 9930 2937449479 1 27231
2938796426 0 9938 2938796510 2 27133 2938796545 1 27249
2939062191 2 27151 2939062222 1 27251
2939354993 2 27177 2939355024 1 27254
2939534962 2 27195 2939534993 1 27257
2939610200 2 27205 2939610237 1 27258
2939774297 2 27220 2939774330 1 27260
2947234975 2 27244 2947235007 1 27359
2947615477 2 27275 2947615509 1 27361
2947780321 0 9974 2947780407 2 27294
2947813402 2 27301 2947813434 1 27363
2947882395 2 27311 2947882425 1 27365
2948126232 2 27330 2948126264 1 27368
2948150388 2 27333 2948150418 1 27369
2948264558 0 9975 2948264675 1 27371
3004811619 0 10167 3004811739 1 27376
3014027829 2 27416 3014027864 1 27471
3014168106 0 10201 3014168192 2 27424
3014208456 2 27426 3014208489 1 27473
3014277708 2 27435 3014277733 1 27474
3014393131 2 27445 3014393161 1 27475
3014784520 2 27478 3014784551 1 27478
3017854001 0 10209 3017854119 1 27510
3022042734 0 10218 3022042820 2 27485
3022289184 2 27499 3022289217 1 27555
3022419298 2 27506 3022419329 1 27556
3022651972 2 27521 3022652003 1 27559
3022716716 2 27534 3022716750 1 27560
3023046341 2 27562 3023046373 1 27562
3030507006 2 27577 3030507040 1 27640
3031098452 2 27626 3031098485 1 27645
3031201322 2 27643 3031201358 1 27646
3038958825 2 27662 3038958859 1 27749
3039560312 2 27715 3039560344 1 27756
3039632210 2 27725 3039632244 1 27758
3039715090 2 27732 3039715121 1 27759
3047127186 2 27750 3047127227 1 27861
3047341539 2 27762 3047341573 1 27863
3047622913 2 27786 3047622947 1 27867
3047669634 2 27793 3047669666 1 27868
3047746500 2 27805 3047746533 1 27869
3048053113 2 27840 3048053146 1 27873
3048061827 2 27841 3048061857 1 27874
3054421483 0 10341 3054421599 1 27959
3055476352 2 27867 3055476384 1 27973
3055543875 2 27870 3055543907 1 27974
3055972596 2 27904 3055972629 1 27980
3056103456 0 10346 3056103539 2 27909
3056160165 2 27913 3056160199 1 27983
3056210175 2 27917 3056210208 1 27984
3056290887 2 27928 3056290921 1 27985
3056481915 2 27945 3056481947 1 27987
3056522219 2 27949 3056522252 1 27988
3062618532 0 10370 3062618651 1 28067
3063564953 2 27953 3063564987 1 28080
3063569748 0 10375 3063569867 1 28081
3063983017 0 10378 3063983102 2 27968
3064009395 2 27969 3064009425 1 28084
3064415763 2 28012 3064415795 1 28087
3064683577 2 28050 3064683613 1 28093
3064821235 2 28061 3064821268 1 28095
3070958513 0 10396 3070958632 1 28180
3072408987 0 10401 3072409070 2 28094
3072418772 2 28096 3072418806 1 28198
3072683477 2 28121 3072683511 1 28202
3072744883 2 28129 3072744917 1 28203
3072791380 2 28136 3072791411 1 28204
3072911121 2 28148 3072911154 1 28206
3073060328 0 10402 3073060414 2 28168
3080229512 0 10421 3080229600 2 28175
3080887589 2 28208 3080887619 1 28315
3081077472 2 28228 3081077504 1 28318
3081109738 0 10423 3081109824 2 28230
3081161068 2 28237 3081161176 1 28319
3082876269 1 28341 3082876405 0 10428
3087882790 0 10449 3087882908 1 28406
3088799141 0 10455 3088799228 2 28289
3088829271 2 28290 3088829306 1 28418
3089027194 2 28300 3089027225 1 28419
3089203163 2 28314 3089203199 1 28422
3089220974 0 10457 3089221056 2 28316
3089241873 2 28319 3089241907 1 28423
3089568347 2 28361 3089568382 1 28427
3089704844 2 28372 3089704875 1 28429
3089996761 0 10459 3089996879 1 28434
3096013500 0 10475 3096013624 1 28519
3097165730 2 28397 3097165761 1 28533
3097401052 2 28411 3097401089 1 28536
3097593678 2 28425 3097593707 1 28537
3097624827 2 28428 3097624859 1 28539
3097904590 2 28455 3097904659 1 28543
3097923967 2 28457 3097924000 1 28544
3098036044 2 28476 3098036071 1 28545
3098134134 2 28484 3098134165 1 28547
3099538073 0 10491 3099538191 1 28563
3101367906 0 10497 3101368024 1 28587
3106101232 2 28550 3106101263 1 28647
3106153545 2 28557 3106153578 1 28648
3106268782 2 28572 3106268813 1 28649
3106344622 2 28579 3106344655 1 28651
3106409978 0 10519 3106410059 2 28583
3113862569 2 28599 3113862602 1 28753
3113962604 2 28607 3113962638 1 28754
3114091826 2 28616 3114091859 1 28756
3114139526 2 28623 3114139557 1 28757
3114463625 2 28652 3114463661 1 28762
3114573061 2 28661 3114573091 1 28763
3114787349 2 28688 3114787382 1 28768
3118174086 0 10557 3118174142 1 28812
3121732691 0 10573 3121732809 1 28858
3122459068 2 28723 3122459100 1 28863
3122540275 2 28729 3122540306 1 28865
3122663884 2 28737 3122663918 1 28868
3123019406 2 28775 3123019440 1 28874
3123100840 2 28780 3123100872 1 28875
3123151340 2 28782 3123151372 1 28876
3130682480 2 28807 3130682512 1 28970
3130741898 2 28812 3130741934 1 28972
3130963159 2 28831 3130963191 1 28974
3131024584 2 28836 3131024618 1 28976
3131493468 2 28878 3131493501 1 28983
3137348285 0 10623 3137348404 1 29065
3139775648 0 10630 3139775732 2 28975
3197112159 2 29092 3197112192 1 29109
3197209514 2 29101 3197209548 1 29110
3197501382 2 29113 3197501414 1 29113
3205462302 0 10856 3205462389 2 29134
3205822209 0 10858 3205822294 2 29154
3205864147 2 29157 3205864180 1 29200
3205873146 0 10859 3205873231 2 29158
3213550677 2 29207 3213550817 1 29279
3213870568 2 29218 3213870601 1 29282
3214055262 2 29235 3214055296 1 29284
3214087858 2 29237 3214087892 1 29285
3214399121 2 29265 3214399152 1 29288
3215574057 0 10893 3215574175 1 29300
3218937617 0 10907 3218937735 1 29335
3222360604 0 10913 3222360687 2 29321
3222553005 0 10914 3222553088 2 29338
3223121121 2 29377 3223121155 1 29377
3230497129 2 29393 3230497160 1 29485
3230542802 0 10932 3230542891 2 29395
3230624145 2 29400 3230624180 1 29487
3230870795 2 29423 3230870831 1 29489
3230943591 0 10934 3230943675 2 29430
3231306690 2 29470 3231306722 1 29494
3231378535 2 29477 3231378567 1 29495
3231406155 2 29482 3231406190 1 29496
3231539711 2 29491 3231539744 1 29498
3238958418 2 29515 3238958446 1 29600
3239124104 2 29526 3239124137 1 29603
3239151330 2 29528 3239151361 1 29604
3239295233 2 29543 3239295267 1 29606
3239316427 2 29546 3239316462 1 29607
3239475858 2 29565 3239475893 1 29609
3239514715 2 29568 3239514750 1 29610
3239838234 2 29601 3239838268 1 29615
3240331087 0 10965 3240331201 1 29622
3247102722 2 29613 3247102754 1 29712
3247106066 2 29614 3247106101 1 29713
3247481429 2 29638 3247481460 1 29718
3247493121 2 29640 3247493157 1 29719
3247560877 2 29647 3247560913 1 29720
3247718371 0 10989 3247718457 2 29660
3247902836 0 10991 3247902919 2 29689 3247902951 1 29724
3248100845 0 10992 3248100930 2 29709
3255697338 2 29738 3255697372 1 29823
3255933466 2 29754 3255933501 1 29827
3256033881 2 29760 3256033913 1 29828
3256044835 2 29762 3256044866 1 29829
3256191252 0 11033 3256191334 2 29775
3256249736 0 11035 3256249821 2 29780
3256361744 1 29833 3256361798 2 29793
3256569631 2 29812 3256569664 1 29835
3259657329 0 11047 3259657446 1 29878
3263991258 2 29837 3263991290 1 29939
3264128819 2 29846 3264128850 1 29941
3264252800 2 29854 3264252830 1 29943
3264346055 0 11059 3264346144 2 29859
3264363821 2 29860 3264363853 1 29944
3264377141 2 29862 3264377172 1 29945
3264641543 2 29889 3264641573 1 29949
3264829704 0 11060 3264829709 2 29906
3265481753 0 11063 3265481870 1 29960
3272137300 2 29923 3272137332 1 30055
3272361520 2 29934 3272361551 1 30057
3272374709 2 29935 3272374743 1 30058
3272390922 2 29936 3272390953 1 30059
3272752397 2 29965 3272752428 1 30065
3279851365 0 11098 3279851483 1 30163
3280609954 2 30025 3280609983 1 30175
3281041051 0 11101 3281041138 2 30056
3281048038 2 30057 3281048069 1 30182
3281418448 2 30112 3281418590 1 30186
3286254079 0 11115 3286254198 1 30252
3288812748 2 30134 3288812781 1 30287
3289745646 0 11130 3289745729 2 30200
3289780002 2 30206 3289780036 1 30298
3289920728 2 30221 3289920758 1 30301
3291121259 0 11137 3291121376 1 30316
3297409209 0 11165 3297409290 2 30247 3297409323 1 30398
3297865229 0 11167 3297865311 2 30289 3297865346 1 30404
3298223762 2 30323 3298223795 1 30409
3304294422 0 11184 3304294542 1 30494
3305822029 2 30362 3305822064 1 30516
3305887770 2 30366 3305887804 1 30517
3306009726 2 30381 3306009760 1 30518
3306366875 2 30422 3306366908 1 30524
3312278764 0 11214 3312278882 1 30604
3313912380 2 30451 3313912410 1 30626
3313992367 2 30457 3313992398 1 30627
3314119768 2 30467 3314119799 1 30628
3314178502 2 30471 3314178533 1 30630
3314237382 2 30475 3314237417 1 30631
3314282880 2 30479 3314282913 1 30632
3314369275 2 30486 3314369310 1 30633
3314576175 2 30507 3314576208 1 30634
3314582206 0 11219 3314582291 2 30508
3314813427 2 30528 3314813458 1 30639
3314829645 2 30530 3314829678 1 30640
3322356174 2 30560 3322356206 1 30744
3322788328 2 30602 3322788361 1 30751
3322957434 2 30618 3322957469 1 30754
3323076269 2 30633 3323076305 1 30755
3323100774 2 30637 3323100807 1 30756
3330977793 0 11273 3330977807 2 30686
3331067508 0 11274 3331067591 2 30695
3384367827 0 11454 3384367945 1 30828
3387850599 0 11469 3387850716 1 30864
3388318827 0 11470 3388318947 1 30868
3389060787 2 30825 3389060821 1 30876
3389180561 2 30834 3389180593 1 30878
3389318461 0 11474 3389318545 2 30850
3394934683 0 11496 3394934802 1 30937
3397239172 2 30896 3397239200 1 30961
3397503402 0 11509 3397503486 2 30918
3403886500 0 11526 3403886619 1 31030
3405951957 2 31014 3405951991 1 31050
3406282194 2 31044 3406282227 1 31054
3414170558 2 31085 3414170592 1 31148
3414283703 2 31096 3414283743 1 31149
3414294623 2 31098 3414294655 1 31150
3414399800 2 31105 3414399831 1 31151
3414568018 2 31126 3414568052 1 31152
3414661294 2 31134 3414661329 1 31154
3419408733 0 11585 3419408850 1 31220
3422000669 2 31160 3422000700 1 31257
3422144398 2 31170 3422144432 1 31258
3422340113 2 31180 3422340143 1 31260
3422370374 2 31182 3422370406 1 31261
3422778098 2 31206 3422778130 1 31265
3422797816 1 31267 3422797817 2 31209
3423221401 2 31245 3423221433 1 31274
3430603836 2 31264 3430603868 1 31376
3430628526 2 31266 3430628672 0 11619
3430699494 2 31272 3430699527 1 31378
3430928755 0 11621 3430928839 2 31286
3431023582 2 31296 3431023614 1 31382
3431088603 0 11622 3431088688 2 31305
3431115847 0 11623 3431115931 2 31311
3431207222 2 31320 3431207288 1 31384
3431455345 2 31356 3431455380 1 31387
3431571346 0 11625 3431571430 2 31368
3438849661 2 31382 3438849696 1 31490
3438960076 0 11647 3438960162 2 31390
3439070361 2 31396 3439070392 1 31493
3439303946 2 31414 3439303976 1 31496
3439550795 2 31440 3439550827 1 31500
3439782021 2 31463 3439782052 1 31504
3447265898 2 31488 3447265930 1 31604
3447476398 2 31504 3447476430 1 31607
3447544311 2 31509 3447544344 1 31608
3447668480 2 31523 3447668510 1 31610
3447927799 2 31548 3447927830 1 31614
3447959107 2 31554 3447959201 0 11683
3448208627 2 31576 3448208657 1 31616
3451298913 0 11691 3451299023 1 31661
3452949419 0 11699 3452949533 1 31683
3455129935 2 31581 3455130028 1 31712
3455507693 2 31589 3455507724 1 31718
3455709411 2 31599 3455709442 1 31721
3455722175 2 31600 3455722209 1 31722
3455967247 2 31616 3455967277 1 31725
3455992171 0 11707 3455992256 2 31618
3456015988 2 31622 3456016023 1 31726
3456094387 0 11708 3456094472 2 31632
3456261276 2 31652 3456261353 0 11709
3456436809 2 31670 3456436843 1 31729
3463753299 2 31686 3463753330 1 31831
3463831169 2 31689 3463831202 1 31832
3464055317 2 31703 3464055354 1 31835
3464093065 0 11732 3464093150 2 31707
3464179308 2 31715 3464179340 1 31837
3464713994 2 31774 3464714026 1 31844
3464858815 2 31789 3464858848 1 31846
3472415319 2 31821 3472415351 1 31947
3472676920 0 11760 3472677009 2 31838 3472677042 1 31950
3472694952 2 31842 3472694985 1 31951
3473053168 2 31884 3473053207 1 31953
3473637877 0 11764 3473637976 1 31961
3477021534 0 11775 3477021653 1 32006
3478341770 0 11778 3478341887 1 32025
3480310159 0 11781 3480310277 1 32054
3480370045 2 31905 3480370076 1 32055
3480527613 0 11782 3480527704 2 31913
3480712654 2 31928 3480712688 1 32060
3480863057 0 11783 3480863149 2 31942
3480985857 2 31952 3480985892 1 32064
3481117337 2 31964 3481117368 1 32065
3481364783 0 11786 3481364868 2 32000
3481487598 2 32014 3481487631 1 32069
3488744995 2 32029 3488745028 1 32170
3488979256 2 32046 3488979290 1 32173
3489017164 2 32048 3489017197 1 32174
3489193160 2 32059 3489193191 1 32176
3489253234 2 32061 3489253270 1 32177
3489673057 2 32103 3489673089 1 32181
3489878354 2 32127 3489878389 1 32185
3491095999 1 32201 3491096040 0 11818
3492897255 0 11822 3492897374 1 32224
3497419396 2 32154 3497419426 1 32289
3497551914 2 32166 3497551946 1 32291
3497857552 2 32193 3497857584 1 32294
3497962936 2 32208 3497962970 1 32296
3498097230 2 32221 3498097262 1 32297
3505785382 2 32269 3505785415 1 32396
3505842612 0 11870 3505842698 2 32273
3505864450 2 32275 3505864483 1 32397
3506475330 2 32330 3506475362 1 32403
3513983341 2 32359 3513983372 1 32506
3522428292 0 11926 3522428376 2 32470
3572317987 2 32528 3572318019 1 32540
3573195426 0 12107 3573195545 1 32548
3580548790 0 12132 3580548874 2 32561
3580839583 2 32580 3580839614 1 32627
3580979837 2 32585 3580979869 1 32628
3580983213 2 32586 3580983301 1 32629
3581260210 2 32626 3581260243 1 32632
3587689889 0 12163 3587690005 1 32698
3588684719 2 32641 3588684753 1 32709
3589061445 2 32654 3589061478 1 32712
3589112785 1 32713 3589112834 2 32660
3589396557 2 32690 3589396590 1 32716
3589486070 1 32717 3589486102 2 32704
3597192945 2 32729 3597192978 1 32795
3597216866 2 32730 3597216902 1 32796
3597392663 2 32750 3597392698 1 32798
3597602668 2 32764 3597602702 1 32802
3597767945 0 12191 3597768031 2 32784
3597813672 2 32789 3597813703 1 32805
3597916304 2 32801 3597916338 1 32807
3604199284 0 12214 3604199403 1 32892
3605950073 2 32846 3605950104 1 32919
3606327397 2 32892 3606327428 1 32924
3606525239 2 32903 3606525269 1 32927
3606528644 0 12217 3606528730 2 32904
3613523837 0 12241 3613523955 1 33023
3614006954 2 32926 3614006986 1 33029
3614124235 0 12245 3614124354 1 33030
3614238223 0 12246 3614238307 2 32948
3614347761 2 32959 3614347794 1 33033
3614487293 0 12247 3614487368 2 32975
3614507294 2 32980 3614507330 1 33036
3614718174 2 32998 3614718206 1 33038
3614738462 0 12248 3614738547 2 33002
3615108891 0 12249 3615109008 1 33042
3622501023 2 33045 3622501112 1 33143
3622539959 2 33048 3622539992 1 33144
3622707340 2 33064 3622707373 1 33146
3622801688 2 33074 3622801719 1 33147
3622857487 2 33080 3622857518 1 33148
3622921797 2 33088 3622921829 1 33149
3623299804 2 33125 3623299838 1 33152
3624864302 1 33172 3624864361 0 12293
3629293387 0 12312 3629293506 1 33232
3630601230 2 33138 3630601262 1 33249
3630678230 2 33141 3630678262 1 33250
3630751442 2 33145 3630751476 1 33251
3630820713 2 33147 3630820747 1 33252
3630847313 0 12320 3630847398 2 33149
3631312937 2 33196 3631312968 1 33256
3631325140 2 33197 3631325173 1 33257
3631610824 2 33218 3631610858 1 33261
3638949165 2 33235 3638949198 1 33360
3639339801 2 33257 3639339836 1 33365
3639459209 2 33266 3639459243 1 33367
3639557684 2 33278 3639557717 1 33368
3639668445 2 33293 3639668480 1 33370
3639888652 2 33314 3639888686 1 33373
3639907593 2 33315 3639907625 1 33374
3641298994 0 12357 3641299115 1 33394
3646854744 2 33316 3646854849 1 33472
3647853768 2 33366 3647853799 1 33487
3649892672 0 12385 3649892790 1 33514
3655286920 2 33413 3655286953 1 33589
3656238388 2 33483 3656238422 1 33597
3656351034 2 33490 3656351068 1 33599
3656536729 2 33507 3656536760 1 33602
3663927115 2 33521 3663927151 1 33702
3663980264 2 33525 3663980294 1 33703
3664040538 1 33705 3664040652 2 33531
3664297201 0 12425 3664297286 2 33547
3664448345 2 33559 3664448379 1 33709
3664584827 2 33572 3664584863 1 33711
3664768108 2 33592 3664768142 1 33714
3664817096 2 33599 3664817125 1 33715
3664875010 2 33606 3664875045 1 33716
3664953323 2 33613 3664953356 1 33717
3668617428 0 12441 3668617552 1 33765
3668672210 0 12443 3668672295 1 33766
3672300577 2 33625 3672300610 1 33811
3672327053 2 33627 3672327087 1 33812
3672771012 2 33664 3672771045 1 33815
3672800964 1 33816 3672801075 2 33668
3673036382 2 33700 3673036481 1 33819
3673044325 0 12460 3673044411 2 33701
3673161741 2 33714 3673161775 1 33821
3673224680 2 33722 3673224711 1 33822
3680613558 2 33748 3680613589 1 33919
3680908032 2 33772 3680908065 1 33921
3681032896 2 33784 3681032930 1 33923
3681048625 2 33786 3681048656 1 33924
3681497954 2 33827 3681497986 1 33929
3689142791 2 33856 3689142824 1 34029
3689154314 2 33857 3689154347 1 34030
3689289053 2 33866 3689289083 1 34031
3689316716 2 33868 3689316749 1 34032
3689337448 2 33869 3689337479 1 34033
3689686841 2 33899 3689686872 1 34036
3689702782 2 33900 3689702815 1 34037
3696323888 0 12544 3696324006 1 34126
3697175673 2 33922 3697175710 1 34138
3697401018 2 33932 3697401048 1 34141
3697496699 2 33940 3697496734 1 34142
3697620474 2 33947 3697620505 1 34144
3697702757 2 33954 3697702789 1 34145
3697970669 2 33986 3697970782 1 34146
3697979896 2 33988 3697979927 1 34147
3698194385 0 12549 3698194469 2 34010
3698226680 2 34014 3698226714 1 34151
3764111672 0 12766 3764111756 2 34249
3764208576 0 12767 3764208662 2 34258
3764249274 2 34262 3764249292 1 34276
3764253486 0 12768 3764253604 1 34277
3764605775 2 34281 3764605808 1 34281
3769746981 0 12786 3769747098 1 34334
3770481924 0 12787 3770482043 1 34341
3772150747 2 34290 3772150781 1 34358
3772218544 0 12792 3772218630 2 34293
3772284453 2 34297 3772284489 1 34360
3772568272 2 34309 3772568306 1 34363
3772677841 2 34321 3772677878 1 34364
3772748872 2 34331 3772748903 1 34365
3773017909 2 34362 3773017999 0 12794
3780771135 2 34392 3780771172 1 34448
3781218668 2 34432 3781218699 1 34453
3781346056 2 34447 3781346090 1 34454
3786169603 0 12827 3786169706 1 34513
3787074298 0 12832 3787074420 1 34523
3788387503 0 12837 3788387622 1 34541
3789235052 2 34484 3789235083 1 34552
3789288682 0 12840 3789288766 2 34488
3789435577 2 34505 3789435613 1 34555
3789866916 2 34534 3789866950 1 34560
3789875510 2 34535 3789875541 1 34561
3789951672 2 34540 3789951704 1 34562
3791983240 0 12850 3791983372 1 34590
3794738367 0 12853 3794738486 1 34630
3797176929 2 34548 3797176956 1 34665
3797249115 2 34552 3797249149 1 34666
3797405287 2 34559 3797405319 1 34668
3797527231 2 34568 3797527265 1 34670
3797794300 2 34594 3797794332 1 34673
3797814352 0 12863 3797814437 2 34598
3797996628 2 34626 3797996663 1 34675
3799244881 0 12865 3799245000 1 34696
3805311600 2 34658 3805311634 1 34781
3805646842 2 34678 3805646876 1 34785
3805801004 2 34688 3805801037 1 34787
3806019632 0 12884 3806019751 1 34789
3806230868 2 34718 3806230901 1 34792
3806317602 2 34727 3806317634 1 34793
3806403029 2 34732 3806403061 1 34795
3806525857 2 34742 3806525888 1 34796
3813718328 2 34752 3813718362 1 34896
3814123073 2 34770 3814123107 1 34901
3814327542 2 34786 3814327576 1 34904
3814443428 0 12912 3814443513 2 34796
3814507833 2 34801 3814507868 1 34906
3814683119 2 34820 3814683152 1 34909
3814724442 2 34824 3814724477 1 34910
3814865321 2 34841 3814865353 1 34912
3822251489 0 12941 3822251574 2 34864
3822332588 0 12942 3822332673 2 34872
3822518285 2 34886 3822518316 1 35015
3822623820 2 34897 3822623855 1 35016
3822664082 2 34899 3822664119 1 35017
3822824774 2 34915 3822824804 1 35020
3830747719 2 34985 3830747749 1 35126
3830811998 2 34991 3830812117 1 35127
3831121304 2 35011 3831121339 1 35132
3831126349 0 12972 3831126434 2 35012
3831405849 2 35040 3831405881 1 35136
3831587614 2 35055 3831587648 1 35139
3831731381 0 12974 3831731498 1 35141
3837701469 0 12994 3837701588 1 35222
3839012144 2 35070 3839012180 1 35239
3839310830 2 35086 3839310861 1 35244
3839586791 2 35117 3839586823 1 35248
3839624000 2 35119 3839624034 1 35249
3839632529 0 13002 3839632612 2 35120
3839700050 2 35134 3839700086 1 35250
3839868032 2 35149 3839868066 1 35252
3839890582 2 35150 3839890615 1 35253
3847146678 2 35162 3847146707 1 35348
3847347189 2 35170 3847347224 1 35350
3847483969 2 35181 3847484001 1 35353
3847549579 2 35188 3847549612 1 35354
3847625609 2 35197 3847625642 1 35356
3847840262 2 35216 3847840294 1 35358
3853984955 0 13060 3853985073 1 35442
3856034538 2 35316 3856034572 1 35472
3856190620 2 35334 3856190658 1 35474
3856414461 2 35355 3856414494 1 35476
3856468845 2 35364 3856468879 1 35477
3856519226 2 35372 3856519259 1 35478
3864245900 2 35416 3864245934 1 35584
3864372063 0 13091 3864372147 2 35428
3864430723 2 35438 3864430752 1 35586
3864736282 2 35466 3864736315 1 35588
3872266511 2 35500 3872266543 1 35691
3872604314 1 35696 3872604409 2 35528
3872824071 0 13126 3872824156 2 35549
3872891405 2 35554 3872891440 1 35698
3873104356 0 13128 3873104441 2 35585
3873314159 2 35596 3873314193 1 35703
3880583793 2 35602 3880583828 1 35804
3880648039 2 35604 3880648072 1 35805
3880776281 2 35611 3880776312 1 35807
3880916511 2 35624 3880916540 1 35808
3880955071 0 13155 3880955156 2 35628
3881018600 2 35633 3881018633 1 35809
3881087054 2 35639 3881087087 1 35810
3881186287 2 35646 3881186321 1 35811
3881268450 2 35654 3881268536 1 35813
3881718488 2 35694 3881718521 1 35820
3883200526 0 13161 3883200645 1 35840
3887044894 0 13169 3887045013 1 35896
3888766380 2 35700 3888766415 1 35920
3888847858 2 35701 3888847893 1 35921
3889263874 2 35730 3889263906 1 35925
3889301429 0 13178 3889301515 2 35736
3889366685 2 35743 3889366716 1 35926
3889451399 2 35750 3889451433 1 35927
3889454277 2 35751 3889454318 1 35928
3889531763 2 35754 3889531798 1 35929
3889880119 0 13179 3889880206 2 35787
3897202765 0 13199 3897202850 2 35810
3947144965 2 35936 3947144999 1 35967
3947629281 2 35957 3947629316 1 35972
3947751240 2 35968 3947751274 1 35974
3947800596 0 13366 3947800679 2 35972
3956162201 2 36036 3956162236 1 36061
3956379160 0 13393 3956379246 2 36059
3956382923 2 36060 3956382955 1 36063
3958677035 0 13404 3958677152 1 36085
3964017386 2 36075 3964017416 1 36140
3964259160 2 36092 3964259195 1 36143
3964339189 2 36099 3964339220 1 36144
3964431878 2 36111 3964431911 1 36145
3964520794 2 36118 3964520825 1 36146
3968835959 0 13433 3968836082 1 36189
3971167681 0 13438 3971167797 1 36220
3972316023 2 36161 3972316055 1 36234
3972585364 2 36184 3972585397 1 36239
3972613658 2 36186 3972613689 1 36240
3972891040 2 36210 3972891069 1 36244
3972907339 0 13445 3972907424 2 36212
3972913325 0 13446 3972913409 2 36213
3973015920 2 36220 3973015951 1 36245
3973030137 2 36222 3973030170 1 36246
3975628214 0 13455 3975628329 1 36281
3980110885 1 36342 3980111026 0 13470
3980620269 0 13475 3980620355 2 36257
3980880944 0 13476 3980881026 2 36269
3980885387 2 36270 3980885417 1 36351
3981113698 2 36291 3981113730 1 36355
3981169034 2 36294 3981169066 1 36356
3981284862 2 36309 3981284896 1 36358
3981332426 0 13478 3981332511 2 36318
3983782628 0 13489 3983782746 1 36389
3985542284 0 13497 3985542401 1 36413
3988176199 0 13508 3988176318 1 36446
3988632113 2 36358 3988632148 1 36452
3988853222 2 36366 3988853254 1 36456
3989121512 2 36382 3989121544 1 36460
3989204442 2 36389 3989204473 1 36461
3989276683 2 36398 3989276711 1 36462
3989374227 2 36405 3989374262 1 36463
3989639205 2 36428 3989639239 1 36468
3989876505 2 36455 3989876538 1 36470
3989963122 2 36463 3989963139 1 36471
3997414931 2 36487 3997414966 1 36570
3997419912 2 36488 3997419946 1 36571
3997437394 2 36489 3997437429 1 36572
3997631754 2 36506 3997631788 1 36574
3997643224 0 13541 3997643307 2 36507
3997656042 2 36509 3997656073 1 36575
3997778013 0 13542 3997778099 2 36523
3997825110 1 36576 3997825144 2 36526
3997995640 2 36545 3997995675 1 36578
3997997921 0 13543 3997998006 2 36546
3998213755 2 36569 3998213790 1 36579
4005305675 2 36579 4005305709 1 36676
4005374062 2 36582 4005374095 1 36677
4005888868 1 36684 4005888913 2 36606
4006034015 0 13572 4006034099 2 36623
4006072410 2 36628 4006072445 1 36688
4006524788 2 36667 4006524820 1 36693
4006648819 2 36674 4006648853 1 36694
4007831543 0 13577 4007831661 1 36712
4014089612 2 36694 4014089645 1 36799
4014580278 0 13592 4014580362 2 36736
4014780685 2 36767 4014780718 1 36807
4014896902 2 36781 4014896936 1 36808
4022239595 0 13625 4022239680 2 36799
4022467586 2 36811 4022467615 1 36907
4022676284 2 36829 4022676317 1 36911
4022736946 2 36834 4022736980 1 36912
4022936873 0 13628 4022936957 2 36858
4023105195 1 36914 4023105326 2 36877
4023154655 2 36884 4023154694 1 36915
4023913976 0 13632 4023914095 1 36924
4028658889 0 13654 4028659008 1 36988
4030668251 2 36906 4030668285 1 37016
4030672340 0 13660 4030672428 2 36907
4030900047 2 36920 4030900082 1 37019
4030914876 2 36922 4030914911 1 37020
4031298514 2 36956 4031298548 1 37024
4031735509 2 36996 4031735543 1 37030
4038700521 2 36998 4038700554 1 37122
4039136316 1 37128 4039136400 2 37013
4039335903 2 37025 4039335936 1 37130
4039342733 2 37026 4039342767 1 37131
4039429266 2 37036 4039429299 1 37132
4039596458 2 37050 4039596490 1 37133
4039658131 2 37057 4039658162 1 37134
4039705937 0 13692 4039706086 1 37135
4039937481 2 37088 4039937512 1 37138
4043472686 0 13710 4043472804 1 37182
4047340869 2 37106 4047340902 1 37232
4047347018 2 37107 4047347048 1 37233
4047463078 0 13725 4047463161 2 37118 4047463195 1 37235
4047615846 2 37133 4047615872 1 37237
4048178332 2 37192 4048178364 1 37244
4048219758 2 37194 4048219789 1 37245
4055730278 2 37218 4055730313 1 37353
4055733077 0 13746 4055733163 2 37219
4055758330 2 37220 4055758361 1 37354
4055924848 0 13747 4055924932 2 37234
4056131133 2 37253 4056131166 1 37357
4056271987 2 37265 4056272019 1 37358
4056274576 2 37266 4056274611 1 37359
4056442558 2 37285 4056442592 1 37362
4056486504 0 13748 4056486596 2 37290
4056609681 2 37299 4056609712 1 37364
4056651541 2 37300 4056651573 1 37365
4063273660 0 13764 4063273778 1 37457
4063607957 2 37303 4063607990 1 37461
4063742220 2 37307 4063742254 1 37464
4063872015 2 37312 4063872047 1 37466
4064012566 2 37317 4064012598 1 37468
4064043762 0 13768 4064043846 2 37323
4064388255 2 37343 4064388292 1 37472
4064409449 2 37346 4064409481 1 37473
4064753517 2 37382 4064753552 1 37478
4064859104 2 37393 4064859136 1 37480
4065027312 2 37406 4065027344 1 37483
4072425371 2 37426 4072425400 1 37585
4072493343 2 37430 4072493374 1 37587
4072716607 2 37443 4072716640 1 37590
4072766026 1 37591 4072766108 2 37447
4072969295 2 37474 4072969327 1 37594
4073050361 0 13792 4073050446 2 37486
4073219901 2 37507 4073219933 1 37598
4081393290 0 13821 4081393373 2 37580
4133865811 1 37672 4133865820 0 13983
4139160435 2 37670 4139160466 1 37726
4139286788 2 37676 4139286820 1 37727
4139557856 2 37699 4139557887 1 37730
4147162649 2 37740 4147162683 1 37809
4147509466 2 37760 4147509500 1 37812
4147642939 2 37769 4147642970 1 37813
4147696214 2 37776 4147696248 1 37814
4147777171 0 14015 4147777286 1 37815
4147863960 2 37798 4147863994 1 37816
4155720340 2 37832 4155720372 1 37903
4155928719 2 37842 4155928752 1 37905
4156065737 2 37854 4156065769 1 37908
4156105385 2 37858 4156105420 1 37909
4156206129 2 37866 4156206160 1 37911
4156320877 2 37874 4156320909 1 37912
4156433432 0 14044 4156433550 1 37914
4156596473 2 37904 4156596506 1 37916
4156606514 2 37906 4156606546 1 37917
4156733153 2 37910 4156733188 1 37919
4162526008 0 14063 4162526124 1 37997
4163948320 2 37920 4163948354 1 38016
4164051424 2 37931 4164051459 1 38018
4164294504 2 37952 4164294537 1 38021
4164641740 2 37984 4164641774 1 38027
4164766623 2 37994 4164766658 1 38029
4172283659 2 38030 4172283692 1 38131
4172397609 2 38036 4172397645 1 38133
4172579986 2 38054 4172580020 1 38136
4172833349 2 38078 4172833384 1 38140
4172999727 0 14095 4172999812 2 38093
4173087707 2 38102 4173087741 1 38143
4173144505 2 38108 4173144537 1 38144
4173221559 2 38114 4173221591 1 38145
4173280056 2 38119 4173280087 1 38147
4180384596 2 38131 4180384631 1 38246
4180790526 2 38150 4180790555 1 38252
4180834504 2 38155 4180834537 1 38253
4180904214 2 38159 4180904241 1 38254
4180990931 2 38165 4180990962 1 38255
4181043822 2 38170 4181043857 1 38256
4181219485 2 38193 4181219519 1 38259
4181281767 2 38203 4181281798 1 38260
4181405980 2 38220 4181406010 1 38262
4181536541 2 38238 4181536572 1 38263
4182931976 0 14119 4182932096 1 38282
4189130099 2 38266 4189130131 1 38362
4189311523 2 38280 4189311555 1 38365
4189388888 1 38366 4189388978 2 38286
4189416670 2 38288 4189416704 1 38367
4189537574 2 38302 4189537604 1 38368
4189559043 2 38303 4189559079 1 38369
4189627648 2 38309 4189627682 1 38370
4189745753 2 38318 4189745785 1 38372
4190001088 2 38333 4190001120 1 38374
4192826032 0 14159 4192826149 1 38410
4196501046 1 38457 4196501055 0 14174
4197238085 2 38342 4197238116 1 38465
4197362819 2 38347 4197362851 1 38467
4197477576 2 38352 4197477611 1 38468
4197608913 2 38363 4197608948 1 38470
4197767040 2 38375 4197767076 1 38473
4197958711 0 14179 4197958795 2 38396
4197979315 2 38398 4197979346 1 38477
4198069533 2 38416 4198069565 1 38478
4198200119 0 14181 4198200203 2 38432
4198233957 2 38435 4198233991 1 38479
4198332520 2 38444 4198332550 1 38481
4198360900 0 14182 4198360987 2 38445
4205503034 2 38448 4205503067 1 38578
4205721663 2 38459 4205721802 1 38581
4205840630 0 14204 4205840716 2 38464
4206194525 2 38494 4206194555 1 38588
4206276982 2 38502 4206277011 1 38590
4206459769 2 38518 4206459800 1 38592
4213755308 2 38548 4213755324 1 38695
4214387519 0 14218 4214387633 1 38705
4214562569 2 38604 4214562601 1 38707
4221357835 0 14240 4221357954 1 38796
4222326354 2 38651 4222326385 1 38808
4222466406 2 38661 4222466439 1 38810
4222544873 2 38667 4222544904 1 38811
4222781316 2 38688 4222781348 1 38814
4222961856 2 38708 4222961890 1 38818
4223020307 1 38819 4223020435 2 38714
4228430362 0 14258 4228430478 1 38895
4230398592 2 38738 4230398626 1 38921
4230867569 2 38761 4230867603 1 38928
4230974794 2 38770 4230974826 1 38930
4231115608 2 38782 4231115643 1 38932
4231220722 2 38792 4231220756 1 38934
4231363086 2 38813 4231363120 1 38937
4231450624 2 38821 4231450654 1 38938
4231496052 2 38826 4231496084 1 38939
4231602184 0 14264 4231602266 2 38835
4237539224 0 14290 4237539343 1 39017
4238018447 0 14292 4238018564 1 39024
4239030989 0 14294 4239031075 2 38849
4239036978 2 38850 4239037007 1 39038
4239087531 2 38855 4239087563 1 39039
4239178738 2 38858 4239178771 1 39040
4239223533 0 14295 4239223619 2 38862
4239257724 2 38863 4239257757 1 39041
4239573482 0 14297 4239573566 2 38888 4239573602 1 39045
4239638326 2 38894 4239638358 1 39046
4239787849 2 38920 4239787884 1 39048
4239849863 2 38923 4239849895 1 39049
4239896600 0 14299 4239896683 2 38928
4247596305 2 38981 4247596336 1 39150
4247865954 2 39007 4247865987 1 39154
4247997837 2 39018 4247997871 1 39156
4248303623 1 39160 4248303673 2 39049
4250496823 0 14332 4250496942 1 39190
4255826444 2 39071 4255826475 1 39259
4256166996 0 14353 4256167078 2 39093
4256178947 2 39094 4256178979 1 39264
4256242632 2 39102 4256242665 1 39265
4256453993 2 39133 4256454025 1 39267
4256474390 2 39137 4256474424 1 39268
4256614324 0 14356 4256614406 2 39153
4256616775 2 39154 4256616808 1 39270
4256694408 2 39162 4256694439 1 39271
4257446608 0 14358 4257446726 1 39278
