46675339 2 16 46675370 1 26
46925428 2 26 46925461 1 29
50382123 0 178 50382245 1 65
54868019 2 45 54868052 1 111
54941632 2 48 54941662 1 112
55322579 2 85 55322611 1 116
55954443 2 121 55954474 1 121
58015454 0 201 58015572 1 143
60500061 0 213 60500181 1 168
63419704 2 139 63419735 1 198
63429001 2 141 63429032 1 199
63562675 2 151 63562709 1 201
63875195 2 176 63875226 1 203
63942489 2 185 63942521 1 204
64074057 0 219 64074140 2 198
71886114 2 241 71886146 1 292
71983482 2 251 71983514 1 293
72004400 0 241 72004486 2 253
72044468 2 256 72044500 1 294
72096910 2 263 72096942 1 295
72302626 0 244 72302711 2 281
78008785 0 257 78008906 1 377
79652173 2 305 79652207 1 401
79917746 2 313 79917776 1 405
80267828 2 338 80267860 1 409
80421623 2 354 80421656 1 411
80500594 2 360 80500629 1 412
80791024 2 382 80791056 1 416
80811156 2 383 80811188 1 417
80818255 2 384 80818305 1 418
80849994 0 262 80850079 2 387
85138223 0 277 85138339 1 476
88273662 2 405 88273693 1 516
88421895 2 415 88421929 1 518
88521346 2 421 88521376 1 520
88635258 2 432 88635289 1 522
88780851 2 441 88780886 1 524
89028780 2 467 89028814 1 528
89077320 2 470 89077396 0 295
89172557 2 487 89172588 1 530
89296682 0 296 89296695 2 499
91225188 0 303 91225333 1 556
96458053 2 510 96458085 1 626
96768973 2 526 96769004 1 627
96884312 2 535 96884345 1 628
97095075 2 548 97095110 1 630
97100216 0 326 97100300 2 549
97127189 0 327 97127274 2 553
97193118 1 631 97193254 2 555
97273263 0 328 97273347 2 567
100204157 0 334 100204274 1 672
105516824 0 349 105516907 2 665 105516941 1 745
105542687 2 668 105542722 1 746
105666632 0 350 105666717 2 682
105800456 2 702 105800489 1 749
105867107 0 351 105867192 2 709
105870337 2 710 105870359 0 352
105967415 2 724 105967449 1 752
111889564 0 368 111889682 1 832
113786874 2 777 113786909 1 856
113798254 2 779 113798288 1 857
113900401 2 787 113900433 1 858
114165054 2 812 114165088 1 863
121510427 2 827 121510460 1 956
121716256 2 833 121716289 1 959
122206461 2 874 122206491 1 964
122323957 2 889 122324058 1 966
122574761 2 914 122574791 1 969
122616063 2 919 122616096 1 970
122694960 0 417 122695047 2 926
129815333 2 933 129815363 1 1064
129991801 2 944 129991834 1 1066
130200500 0 448 130200628 2 960
130238765 0 449 130238850 2 962
130727449 2 1009 130727480 1 1073
130747208 0 451 130747292 2 1013
131093573 0 452 131093688 1 1078
138153175 2 1039 138153209 1 1173
138186313 0 477 138186430 1 1174
138322015 2 1044 138322048 1 1176
138402279 0 479 138402364 2 1051
138963391 1 1183 138963406 2 1100
139147751 2 1119 139147783 1 1186
141820685 0 485 141820802 1 1224
146935692 2 1173 146935726 1 1295
147432352 0 502 147432435 2 1221
147561139 2 1235 147561176 1 1305
147667243 2 1239 147667276 1 1306
147692097 2 1241 147692132 1 1307
153413277 0 525 153413396 1 1380
155166446 2 1267 155166481 1 1405
155463018 2 1294 155463052 1 1409
155501863 2 1299 155501898 1 1410
155889736 2 1342 155889767 1 1416
156026484 0 532 156026609 2 1352
156046998 0 533 156047084 2 1354
163838469 2 1402 163838501 1 1524
163973564 0 553 163973649 2 1414
163981550 0 554 163981635 2 1416 163981670 1 1526
164007614 2 1418 164007646 1 1527
164102247 2 1430 164102279 1 1528
164241299 2 1441 164241333 1 1529
164249555 2 1442 164249587 1 1530
164270980 0 555 164271066 2 1444
164323343 2 1447 164323377 1 1531
164524489 0 556 164524609 1 1534
165430931 0 560 165431050 1 1544
170142273 0 571 170142392 1 1608
171724188 2 1459 171724221 1 1630
171757410 2 1461 171757442 1 1631
172129806 2 1495 172129838 1 1637
172211665 2 1501 172211698 1 1638
172306502 2 1512 172306535 1 1639
172551502 2 1535 172551534 1 1642
174632085 0 587 174632201 1 1671
176017533 0 594 176017650 1 1688
180762704 0 615 180762789 2 1625
180852282 0 616 180852365 2 1637
188418102 0 652 188418186 2 1667
238567272 2 1725 238567303 1 1768
238711074 0 839 238711149 2 1739
238770868 2 1745 238770900 1 1770
238834884 2 1752 238834914 1 1771
239289881 0 840 239289966 2 1776
241261607 0 847 241261691 1 1795
243928579 0 854 243928697 1 1823
247119912 0 867 247119997 2 1815
247205955 2 1821 247205987 1 1857
247217097 2 1823 247217202 0 870
247374684 2 1843 247374715 1 1859
247384201 0 871 247384285 2 1845
247441892 0 872 247441977 2 1852
247453442 2 1853 247453473 1 1860
254661219 1 1934 254661250 2 1862
254843385 2 1867 254843479 0 905
255231292 2 1896 255231327 1 1940
255360777 0 909 255360861 2 1905
255452808 0 910 255452892 2 1913
255497714 2 1920 255497746 1 1943
255650581 0 911 255650666 2 1935
255938047 2 1946 255938079 1 1946
258219977 0 922 258220092 1 1971
263453628 2 1966 263453658 1 2025
263546293 2 1972 263546324 1 2026
263731805 2 1983 263731833 1 2027
264167557 2 2029 264167590 1 2031
271723566 2 2049 271723597 1 2128
271824431 2 2057 271824463 1 2130
272151773 2 2085 272151775 0 964
272183792 2 2088 272183825 1 2134
272225005 2 2091 272225040 1 2135
272644606 2 2138 272644638 1 2141
277143887 0 980 277144006 1 2201
277824057 0 984 277824176 1 2210
279767764 2 2146 279767796 1 2236
279795139 2 2149 279795172 1 2237
280426409 2 2185 280426443 1 2243
280714444 2 2221 280714480 1 2246
280857351 2 2237 280857383 1 2248
280900050 2 2241 280900081 1 2249
280953951 2 2246 280953984 1 2250
288413411 0 1022 288413499 2 2261
288703382 2 2285 288703409 1 2358
288802129 2 2291 288802160 1 2359
288811853 2 2292 288811885 1 2360
288908556 2 2306 288908588 1 2361
288997264 0 1025 288997349 2 2312
289016547 2 2315 289016580 1 2363
289083402 0 1026 289083487 2 2324
289388945 2 2353 289388975 1 2367
296396541 2 2363 296396574 1 2461
296841258 2 2382 296841289 1 2466
296861968 2 2384 296862002 1 2467
297221429 2 2418 297221463 1 2473
297372954 2 2430 297372986 1 2476
297575472 2 2449 297575506 1 2479
304898884 2 2468 304898914 1 2579
304971496 2 2470 304971530 1 2580
305106678 0 1081 305106763 2 2478
305247824 2 2491 305247858 1 2584
305506218 2 2508 305506252 1 2588
305531686 2 2513 305531716 1 2589
305746497 2 2540 305746528 1 2591
305935943 2 2558 305935977 1 2594
305956403 2 2561 305956431 1 2595
309003809 0 1097 309003927 1 2636
313463472 2 2591 313463504 1 2695
313585279 2 2596 313585311 1 2697
313615738 0 1117 313615824 2 2599
313697766 2 2604 313697801 1 2698
313760218 2 2609 313760249 1 2699
313793286 2 2614 313793318 1 2700
313991947 2 2630 313991977 1 2703
314043578 2 2638 314043604 1 2704
314116894 2 2644 314116926 1 2705
314316104 2 2658 314316138 1 2708
319034201 0 1133 319034318 1 2774
321744215 0 1143 321744300 2 2683 321744333 1 2810
321852913 2 2689 321852945 1 2811
322150755 2 2709 322150789 1 2814
322402612 2 2733 322402642 1 2819
322417502 2 2735 322417536 1 2820
322734586 2 2767 322734621 1 2823
329842217 2 2774 329842251 1 2921
330229431 2 2799 330229462 1 2926
330387732 2 2806 330387762 1 2927
330434596 0 1171 330434679 2 2810
330458721 2 2812 330458753 1 2929
330593476 2 2820 330593508 1 2931
331055541 2 2859 331055572 1 2936
332314912 0 1176 332315032 1 2956
335451632 0 1186 335451750 1 2999
338405221 2 2873 338405254 1 3038
338478732 2 2879 338478827 0 1197
338700046 0 1200 338700130 2 2904
339115188 2 2942 339115223 1 3046
339380171 2 2971 339380202 1 3051
346830327 2 2997 346830360 1 3150
346892088 0 1226 346892172 2 3002 346892206 1 3151
347156960 2 3023 347156992 1 3155
347446833 2 3050 347446865 1 3158
347542599 2 3059 347542630 1 3159
347616804 0 1228 347616893 2 3065
347622080 2 3066 347622113 1 3160
354281900 0 1249 354282017 1 3251
355151592 0 1253 355151711 1 3264
355235159 2 3101 355235190 1 3265
355319009 2 3110 355319041 1 3266
355484766 2 3118 355484796 1 3267
355621781 0 1254 355621863 2 3128
355849774 2 3147 355849808 1 3270
356085473 2 3171 356085505 1 3273
356091739 0 1256 356091825 2 3172
363223951 2 3181 363223986 1 3374
363429575 2 3195 363429609 1 3377
363654320 0 1274 363654405 2 3215
363710480 2 3221 363710514 1 3382
363875309 2 3236 363875343 1 3383
364193643 2 3275 364193676 1 3386
364361736 2 3285 364361767 1 3389
380288758 0 1326 380288845 2 3418
430090548 2 3431 430090580 1 3492
430358119 0 1488 430358204 2 3444
430726057 0 1492 430726142 2 3475
430889435 2 3497 430889470 1 3501
438150257 2 3509 438150291 1 3575
438520780 2 3532 438520811 1 3579
438578341 2 3538 438578374 1 3580
438789224 2 3560 438789257 1 3582
438828912 2 3564 438828943 1 3583
438931271 2 3573 438931305 1 3584
439011452 2 3583 439011487 1 3585
443632958 0 1525 443633074 1 3632
446635349 2 3596 446635384 1 3663
446716836 2 3603 446716871 1 3664
446971454 2 3617 446971487 1 3667
447184461 2 3637 447184492 1 3669
447271004 2 3644 447271036 1 3670
447489544 2 3669 447489578 1 3673
451842073 0 1545 451842195 1 3734
453047930 0 1549 453048052 1 3751
455047784 0 1556 455047871 2 3684
455095465 2 3686 455095495 1 3779
455206293 2 3696 455206325 1 3781
455321410 2 3707 455321439 1 3783
455696837 2 3740 455696872 1 3787
455738976 2 3744 455739011 1 3788
455862912 2 3755 455862944 1 3789
463137780 2 3780 463137813 1 3886
463600874 2 3798 463600904 1 3892
463706177 2 3805 463706209 1 3895
463942622 2 3822 463942657 1 3898
464023822 2 3833 464023857 1 3899
464444983 2 3877 464445014 1 3904
471766470 1 4005 471766540 2 3892
472215824 2 3926 472215856 1 4010
472220983 0 1618 472221066 2 3927
472447969 2 3952 472448004 1 4013
472542537 2 3963 472542568 1 4014
472554967 0 1620 472555051 2 3965
472638658 2 3976 472638693 1 4016
475904569 0 1627 475904688 1 4063
480146710 2 4001 480146744 1 4122
480442618 2 4031 480442653 1 4124
480522390 2 4040 480522419 1 4125
480560750 2 4042 480560781 1 4126
480843403 0 1647 480843487 2 4071
480966487 2 4085 480966520 1 4131
484773708 0 1657 484773827 1 4186
488328913 2 4102 488328945 1 4231
488775821 2 4137 488775858 1 4236
488809912 2 4141 488809946 1 4237
489055812 2 4174 489055844 1 4240
489234645 1 4242 489234757 2 4200
489416493 2 4214 489416527 1 4245
490446266 1 4258 490446308 0 1684
496801367 2 4236 496801400 1 4349
496975949 2 4244 496975982 1 4352
497110801 2 4253 497110832 1 4354
497318016 2 4275 497318043 1 4358
497474182 2 4294 497474215 1 4360
497523864 2 4306 497523896 1 4361
497711487 2 4320 497711521 1 4363
497751505 0 1700 497751590 2 4326
499594955 0 1707 499595073 1 4388
505237278 0 1723 505237359 2 4342
505256774 2 4344 505256805 1 4466
505267783 2 4345 505267814 1 4467
505433661 2 4360 505433695 1 4468
505524653 2 4368 505524686 1 4470
505592754 2 4374 505592790 1 4471
505649325 2 4380 505649358 1 4472
505915983 2 4412 505916017 1 4476
512556868 0 1746 512556988 1 4569
513595495 0 1749 513595622 2 4449
513644789 2 4450 513644820 1 4583
513703557 0 1750 513703641 2 4461
513786554 2 4471 513786589 1 4584
513822693 0 1752 513822778 2 4473
513826795 2 4474 513826829 1 4585
514238085 2 4517 514238118 1 4588
514241772 2 4518 514241809 1 4589
514269744 2 4523 514269778 1 4590
514300186 0 1754 514300271 2 4525
514479662 2 4537 514479696 1 4594
521738335 2 4552 521738361 1 4692
522004534 2 4569 522004565 1 4696
522084854 0 1780 522084938 2 4578
522142212 2 4584 522142241 1 4698
522250730 2 4593 522250763 1 4699
522295705 2 4599 522295736 1 4700
522495692 2 4620 522495726 1 4703
522686336 2 4639 522686369 1 4706
530469282 2 4679 530469311 1 4813
530556612 0 1808 530556696 2 4686
530597625 0 1809 530597743 1 4815
530704288 2 4697 530704318 1 4816
530819716 2 4707 530819752 1 4817
530987524 2 4724 530987556 1 4818
536009146 0 1823 536009264 1 4890
538165949 2 4738 538165983 1 4920
538438460 2 4743 538438495 1 4924
538639684 2 4757 538639720 1 4927
538808209 2 4770 538808240 1 4930
538884494 2 4780 538884527 1 4931
539058294 2 4795 539058324 1 4932
539283135 2 4817 539283168 1 4935
539378641 0 1833 539378761 1 4937
540726792 0 1838 540726909 1 4955
546886107 2 4858 546886138 1 5042
547094850 2 4869 547094881 1 5046
547216361 0 1857 547216447 2 4882
547565646 2 4910 547565680 1 5049
547642437 2 4916 547642469 1 5050
547762590 2 4922 547762622 1 5052
547803164 1 5053 547803264 2 4926
554988209 0 1886 554988295 2 4936
555152186 0 1887 555152271 2 4944
564094341 0 1917 564094425 2 5099
613436957 2 5141 613436989 1 5193
613572880 2 5152 613572911 1 5194
613791638 0 2086 613791722 2 5163
614050385 2 5183 614050417 1 5200
615596239 0 2088 615596361 1 5216
622008967 0 2107 622009056 2 5236
622110091 2 5244 622110125 1 5283
622425659 0 2109 622425722 2 5270
622575976 2 5285 622576006 1 5286
626951593 0 2125 626951712 1 5333
630749130 2 5345 630749163 1 5370
631056585 2 5374 631056620 1 5374
636047152 0 2148 636047271 1 5439
638429949 2 5385 638429984 1 5471
638460246 2 5388 638460276 1 5472
638557311 0 2158 638557397 2 5394
639273716 2 5458 639273751 1 5480
639284207 2 5459 639284240 1 5481
639478300 2 5476 639478331 1 5483
641153355 0 2168 641153449 1 5506
642943540 0 2173 642943660 1 5531
646924451 2 5513 646924482 1 5583
647285183 2 5543 647285218 1 5585
647308630 2 5545 647308662 1 5586
647429708 2 5557 647429742 1 5588
647454586 2 5559 647454620 1 5589
647508772 2 5564 647508803 1 5590
647677292 2 5585 647677326 1 5592
652854733 0 2210 652854852 1 5659
655242300 2 5604 655242334 1 5694
655542851 2 5622 655542885 1 5698
655708681 2 5646 655708827 1 5700
656014959 2 5695 656014991 1 5705
656018824 2 5696 656018860 1 5706
663826712 2 5747 663826746 1 5815
664038454 0 2234 664038571 1 5818
664114278 2 5769 664114311 1 5819
664159402 2 5773 664159437 1 5820
664375507 2 5793 664375539 1 5823
664504144 2 5801 664504174 1 5824
671936501 2 5815 671936535 1 5921
672184104 2 5835 672184137 1 5924
672225539 2 5839 672225571 1 5925
672693086 2 5887 672693121 1 5933
678631814 0 2288 678631931 1 6012
680243879 2 5926 680243910 1 6032
680341018 2 5933 680341053 1 6033
680400894 0 2294 680400977 2 5936
680504578 2 5944 680504611 1 6036
680619703 0 2296 680619786 2 5950
680762851 0 2297 680762935 2 5965
681092414 0 2299 681092498 2 5994
681126550 1 6044 681126678 2 5997
688865340 2 6033 688865375 1 6149
688893043 2 6036 688893078 1 6150
689026589 2 6051 689026621 1 6152
689154205 0 2321 689154291 2 6070
689526307 2 6110 689526342 1 6157
696960216 2 6133 696960250 1 6260
696989661 2 6138 696989691 1 6261
697180848 2 6153 697180882 1 6264
697225223 2 6157 697225256 1 6265
697304613 2 6162 697304644 1 6266
697342000 2 6167 697342031 1 6267
697596762 2 6190 697596791 1 6270
697737091 0 2350 697737177 2 6204
697783144 2 6207 697783178 1 6273
698053158 0 2351 698053275 1 6276
700453899 0 2361 700454017 1 6307
705027569 2 6221 705027600 1 6370
705207366 0 2381 705207450 2 6227
705320713 0 2383 705320794 2 6239
705528831 2 6258 705528859 1 6376
705639848 2 6270 705639879 1 6377
705736699 2 6277 705736733 1 6378
705744586 2 6278 705744617 1 6379
705898576 1 6381 705898579 2 6299
705947770 2 6305 705947801 1 6382
706098079 2 6322 706098114 1 6383
706163538 2 6329 706163568 1 6385
706204085 2 6331 706204115 1 6386
710959656 0 2397 710959775 1 6453
713080591 0 2405 713080709 1 6481
713410372 1 6486 713410413 2 6347
713524353 2 6350 713524378 1 6488
713650030 2 6357 713650064 1 6489
713727232 2 6364 713727262 1 6491
713950957 2 6383 713950991 1 6494
714195611 2 6398 714195644 1 6498
714198565 1 6499 714198629 2 6399
714349720 0 2408 714349839 1 6500
714397989 0 2409 714398074 2 6416
720921947 0 2428 720922064 1 6592
721839883 2 6440 721839914 1 6603
721943848 2 6448 721943880 1 6605
722034427 2 6455 722034460 1 6606
722152966 2 6460 722153000 1 6608
722259886 2 6468 722259917 1 6610
722529648 2 6498 722529681 1 6614
722754899 2 6525 722754932 1 6616
728313355 0 2457 728313427 1 6691
729012036 0 2459 729012155 1 6700
730116738 0 2464 730116806 2 6546
730243699 2 6552 730243730 1 6717
730393463 2 6562 730393495 1 6719
730464720 2 6571 730464752 1 6720
730654989 2 6581 730655020 1 6722
736255857 0 2483 736255976 1 6798
738449385 2 6642 738449416 1 6826
738517849 2 6646 738517879 1 6828
738627455 0 2498 738627538 2 6654
739166867 0 2500 739166951 2 6708
739412277 2 6736 739412309 1 6837
739483170 2 6741 739483201 1 6839
747627378 0 2526 747627465 2 6842
796773004 0 2697 796773093 2 6852
796791359 2 6854 796791384 1 6870
796970540 2 6862 796970573 1 6872
797089011 2 6869 797089044 1 6873
802921621 0 2711 802921736 1 6933
805229774 2 6896 805229804 1 6957
805532270 2 6921 805532304 1 6960
805783548 0 2718 805783631 2 6949
813228098 2 6970 813228131 1 7040
813492596 0 2745 813492607 1 7043
813580475 2 6981 813580508 1 7044
814153520 2 7029 814153552 1 7049
814244556 2 7043 814244594 1 7050
820164796 0 2763 820164909 1 7115
822106949 0 2768 822107032 2 7075 822107063 1 7141
822133615 0 2769 822133701 2 7078
822195210 0 2770 822195296 2 7082
822252946 0 2771 822253031 2 7088
822277097 0 2772 822277182 2 7091
822524738 2 7119 822524772 1 7146
822762432 2 7147 822762465 1 7148
830240921 2 7166 830240953 1 7254
830318654 2 7174 830318683 1 7255
830357571 2 7178 830357604 1 7256
830515901 2 7191 830515931 1 7258
830610515 2 7194 830610549 1 7260
830739892 2 7208 830739923 1 7262
831057003 2 7230 831057035 1 7267
831857175 1 7276 831857271 0 2800
838434569 2 7254 838434603 1 7362
838505597 0 2832 838505682 2 7257
838530768 0 2833 838530857 2 7258
838554274 2 7259 838554309 1 7363
838631743 2 7262 838631777 1 7364
838774977 0 2835 838775064 2 7276
838782622 2 7277 838782654 1 7366
838961296 2 7291 838961327 1 7368
839144973 0 2838 839145057 2 7303
839173535 2 7307 839173570 1 7370
839209287 2 7312 839209323 1 7371
839360597 2 7326 839360629 1 7373
844740264 0 2854 844740394 1 7447
846787791 2 7350 846787828 1 7475
846828810 2 7353 846828845 1 7476
847116871 2 7369 847116904 1 7481
847179331 2 7374 847179362 1 7482
847295819 2 7384 847295854 1 7483
847467064 2 7396 847467099 1 7486
847742073 0 2865 847742157 2 7417
848253745 0 2866 848253863 1 7496
848383295 0 2867 848383411 1 7498
854176012 1 7579 854176101 0 2884
854828221 2 7433 854828253 1 7587
855265039 2 7448 855265070 1 7594
855525543 2 7463 855525573 1 7598
856160568 2 7533 856160600 1 7606
863623010 2 7551 863623040 1 7709
863992347 0 2918 863992433 2 7574 863992465 1 7714
864305016 2 7612 864305051 1 7717
864412522 2 7621 864412554 1 7719
864502120 2 7631 864502152 1 7720
864553792 0 2920 864553909 1 7721
864759331 0 2922 864759449 1 7724
871754129 2 7639 871754158 1 7820
871803644 2 7641 871803674 1 7822
872107208 0 2944 872107293 2 7660
872196657 2 7669 872196690 1 7829
872515845 2 7700 872515879 1 7831
872795227 2 7733 872795262 1 7836
880447140 2 7775 880447174 1 7941
880529026 2 7780 880529059 1 7942
880661892 2 7788 880661926 1 7945
880723236 2 7793 880723271 1 7946
880844566 2 7806 880844601 1 7948
880927268 0 2972 880927352 2 7814
880941168 0 2973 880941253 2 7816
881120096 2 7833 881120129 1 7951
881255442 0 2975 881255525 2 7845 881255559 1 7952
888333894 2 7853 888333930 1 8050
888946462 2 7885 888946493 1 8057
889009972 0 2999 889010057 2 7891
889025291 2 7892 889025323 1 8058
889051843 2 7895 889051872 1 8059
889237509 2 7915 889237545 1 8061
892003837 0 3005 892003955 1 8101
897163517 2 7987 897163551 1 8175
897214714 2 7991 897214748 1 8176
897385370 2 8008 897385405 1 8179
897778170 2 8052 897778204 1 8185
897846245 2 8056 897846277 1 8186
900936535 0 3030 900936649 1 8227
904374813 0 3049 904374927 1 8271
904594721 0 3053 904594841 1 8274
905219076 2 8076 905219109 1 8280
905237448 2 8078 905237483 1 8281
905429518 2 8090 905429549 1 8284
905462160 2 8091 905462191 1 8285
905658590 2 8106 905658620 1 8288
905823531 2 8120 905823562 1 8291
905938186 2 8137 905938219 1 8292
905941347 2 8138 905941382 1 8293
906223303 2 8172 906223334 1 8297
906242614 2 8173 906242648 1 8298
906402724 0 3054 906402841 1 8301
907055993 1 8307 907056002 0 3059
912520163 0 3074 912520282 1 8384
913595140 2 8196 913595173 1 8397
913706488 2 8205 913706519 1 8398
913774444 2 8208 913774474 1 8400
913829579 2 8209 913829612 1 8401
913987544 2 8219 913987579 1 8403
914470546 2 8272 914470576 1 8411
914534288 2 8278 914534320 1 8412
915033759 0 3083 915033877 1 8417
917211971 0 3093 917212088 1 8447
921856999 1 8508 921857146 2 8293
921981389 2 8300 921981423 1 8510
922162385 0 3115 922162527 2 8313
922170970 0 3116 922171055 2 8315
922462910 2 8344 922462940 1 8516
922672082 2 8363 922672116 1 8519
922804730 0 3118 922804812 2 8374
922971106 0 3119 922971191 2 8386 922971224 1 8522
923429351 0 3121 923429470 1 8529
979980053 2 8555 979980087 1 8563
980731087 2 8571 980731120 1 8571
980954794 0 3305 980954880 2 8572
988157977 2 8576 988158011 1 8647
988632407 2 8583 988632440 1 8652
989187960 2 8633 989187992 1 8657
989197404 2 8635 989197496 0 3331
989323323 2 8654 989323356 1 8658
996767301 0 3352 996767421 1 8736
996925009 1 8737 996925063 2 8676
997015510 0 3353 997015595 2 8680
997098173 2 8688 997098205 1 8739
997311417 2 8704 997311451 1 8741
997643430 0 3356 997643510 2 8738
997707289 0 3357 997707372 2 8740
997739081 0 3358 997739170 2 8741
997749718 0 3359 997749800 2 8744
998915872 0 3365 998915985 1 8757
1005336764 2 8762 1005336796 1 8829
1005457445 2 8773 1005457481 1 8830
1005761364 2 8795 1005761398 1 8835
1005976830 2 8812 1005976863 1 8838
1006013967 2 8818 1006014004 1 8839
1006085378 2 8828 1006085410 1 8840
1006136863 2 8836 1006136896 0 3385
1006239748 2 8842 1006239780 1 8842
1013472177 0 3419 1013472262 2 8847 1013472295 1 8938
1013821719 2 8873 1013821749 1 8942
1013987062 2 8881 1013987094 1 8944
1014006638 0 3421 1014006721 2 8884
1014250646 0 3422 1014250731 2 8903
1014320851 2 8912 1014320886 1 8949
1015382833 0 3425 1015382950 1 8964
1021847966 0 3450 1021848052 2 8949
1021998294 2 8959 1021998329 1 9053
1022247524 2 8974 1022247555 1 9056
1022273870 1 9057 1022273893 2 8976
1022504049 1 9060 1022504158 2 9002
1022559557 2 9007 1022559591 1 9061
1022669161 0 3454 1022669254 2 9024
1022727464 2 9035 1022727500 1 9064
1030082606 2 9058 1030082639 1 9166
1030297514 2 9068 1030297546 1 9169
1030443354 2 9077 1030443386 1 9171
1030578387 2 9085 1030578418 1 9173
1030598886 2 9087 1030598917 1 9174
1031235366 2 9131 1031235474 1 9184
1031250146 2 9134 1031250182 1 9185
1036562797 0 3483 1036562915 1 9260
1038609182 2 9152 1038609215 1 9286
1038803586 2 9162 1038803620 1 9290
1039038843 2 9181 1039038878 1 9293
1039399752 2 9223 1039399783 1 9299
1046822637 2 9260 1046822667 1 9397
1047079013 2 9277 1047079047 1 9401
1047195961 2 9284 1047195995 1 9403
1047368402 2 9298 1047368436 1 9405
1047564792 0 3525 1047564880 2 9320
1047598900 0 3526 1047598983 2 9326
1047745668 2 9340 1047745703 1 9410
1055280034 2 9360 1055280066 1 9514
1055574507 2 9382 1055574540 1 9518
1055628195 0 3550 1055628283 2 9388
1055674501 2 9392 1055674533 1 9521
1056004391 2 9436 1056004426 1 9524
1056070998 2 9447 1056071031 1 9525
1056470970 0 3553 1056471090 1 9530
1059742450 0 3567 1059742568 1 9575
1060372045 0 3569 1060372162 1 9583
1062346889 0 3574 1062347008 1 9612
1063748388 2 9493 1063748416 1 9630
1063859431 2 9501 1063859465 1 9632
1064202977 2 9525 1064203009 1 9634
1064249695 0 3581 1064249779 2 9527
1064268191 0 3582 1064268273 2 9529
1064298363 2 9532 1064298394 1 9637
1064508200 2 9556 1064508233 1 9640
1064549963 2 9560 1064549995 1 9641
1071869626 2 9575 1071869653 1 9747
1072159505 0 3598 1072159589 2 9590
1072236377 0 3599 1072236460 2 9600
1072493777 2 9622 1072493808 1 9755
1072546330 2 9630 1072546364 1 9756
1077118244 0 3613 1077118362 1 9820
1080667202 2 9720 1080667235 1 9864
1080677167 2 9721 1080677200 1 9865
1080842696 2 9735 1080842727 1 9867
1081646405 0 3632 1081646525 1 9879
1088331508 2 9784 1088331542 1 9974
1088584298 0 3651 1088584414 1 9976
1088618499 0 3652 1088618585 2 9792
1089176099 2 9837 1089176131 1 9984
1089340949 2 9866 1089340982 1 9987
1089456408 2 9880 1089456442 1 9989
1089578985 2 9890 1089579020 1 9990
1092159965 0 3666 1092160067 1 10024
1092733687 0 3669 1092733804 1 10031
1097158524 2 9921 1097158554 1 10094
1097449131 2 9949 1097449162 1 10099
1097584032 2 9961 1097584063 1 10100
1097649076 2 9968 1097649110 1 10101
1097873010 0 3683 1097873096 2 9990 1097873130 1 10105
1097969608 2 9994 1097969639 1 10106
1099781932 0 3690 1099782051 1 10131
1104981228 0 3709 1104981347 1 10200
1105219804 2 10005 1105219837 1 10203
1105365412 2 10011 1105365446 1 10205
1105783333 2 10046 1105783365 1 10210
1106063874 2 10079 1106063908 1 10215
1106164470 2 10091 1106164502 1 10216
1106186029 2 10093 1106186062 1 10217
1113730025 0 3740 1113730109 2 10117
1114371699 0 3747 1114371784 2 10176
1122421727 0 3774 1122421810 2 10247
1122505901 0 3776 1122505983 2 10258
1172263508 2 10315 1172263540 1 10356
1172416102 2 10327 1172416135 1 10358
1172520291 2 10343 1172520325 1 10359
1180210920 2 10374 1180210953 1 10438
1180397454 2 10383 1180397485 1 10440
1180534841 0 3995 1180534925 2 10388
1180538503 2 10389 1180538533 1 10441
1180852188 0 3997 1180852272 2 10412
1180918629 2 10424 1180918660 1 10446
1181152839 2 10448 1181152871 1 10448
1182164353 0 3999 1182164471 1 10458
1183130522 0 4004 1183130641 1 10468
1187579979 0 4017 1187580100 1 10515
1188605062 2 10461 1188605094 1 10525
1188784221 2 10474 1188784250 1 10527
1188868928 2 10481 1188868959 1 10528
1189127491 2 10504 1189127524 1 10530
1189225196 0 4027 1189225281 2 10512
1189244083 2 10514 1189244118 1 10532
1189320039 2 10522 1189320069 1 10533
1189415504 2 10533 1189415538 1 10534
1197136666 2 10552 1197136697 1 10621
1197181111 2 10557 1197181140 1 10622
1197311400 2 10569 1197311431 1 10624
1197386613 2 10577 1197386648 1 10625
1197458989 2 10585 1197459022 1 10626
1197500724 0 4057 1197500808 2 10593
1200000829 0 4066 1200000947 1 10660
1202162800 0 4071 1202162919 1 10690
1203383366 0 4074 1203383486 1 10707
1205559908 0 4081 1205560049 2 10662
1205646026 2 10674 1205646057 1 10740
1205833296 2 10690 1205833332 1 10741
1205979961 2 10709 1205979993 1 10742
1206185391 2 10737 1206185427 1 10745
1208041941 1 10771 1208041998 0 4091
1213584730 2 10754 1213584763 1 10851
1214130292 2 10790 1214130324 1 10858
1214205273 2 10801 1214205308 1 10859
1214398479 2 10820 1214398516 1 10862
1215581394 0 4113 1215581512 1 10877
1217090791 0 4122 1217090910 1 10897
1221935512 2 10856 1221935546 1 10963
1222092593 2 10869 1222092626 1 10964
1222218391 2 10881 1222218426 1 10966
1222224273 0 4140 1222224356 2 10883
1222270448 0 4141 1222270532 2 10885
1222537881 2 10911 1222537915 1 10970
1222901926 0 4144 1222902012 2 10953
1227418313 1 11031 1227418425 0 4169
1230247044 2 10967 1230247078 1 11068
1230318018 2 10971 1230318049 1 11069
1230501969 2 10986 1230502004 1 11072
1230621993 2 10996 1230622026 1 11074
1230927695 2 11026 1230927729 1 11078
1230975664 2 11033 1230975698 1 11079
1231059989 2 11040 1231060022 1 11080
1231369825 0 4187 1231369911 2 11057
1238691851 0 4209 1238691935 2 11076
1238971261 2 11098 1238971291 1 11189
1239050331 2 11104 1239050365 1 11191
1239165207 2 11113 1239165240 1 11193
1239426628 2 11150 1239426659 1 11197
1240756491 0 4218 1240756555 1 11214
1245241355 0 4231 1245241473 1 11272
1245374497 0 4234 1245374617 1 11274
1246870604 0 4241 1246870690 2 11179
1247525509 2 11227 1247525543 1 11301
1247682165 2 11244 1247682194 1 11303
1247727101 2 11246 1247727131 1 11304
1247796701 2 11254 1247796732 1 11305
1253278833 0 4262 1253278951 1 11381
1255339302 2 11288 1255339334 1 11410
1255344247 2 11289 1255344282 1 11411
1255472796 2 11302 1255472830 1 11412
1255588902 2 11308 1255588932 1 11414
1255824107 2 11324 1255824144 1 11418
1255862208 2 11328 1255862241 1 11419
1255933062 2 11336 1255933097 1 11420
1256051653 2 11352 1256051674 1 11422
1256231113 2 11371 1256231146 1 11425
1256300599 2 11378 1256300630 1 11426
1262973052 0 4286 1262973144 1 11517
1263697555 2 11401 1263697586 1 11525
1263834463 2 11412 1263834499 1 11527
1264209771 2 11441 1264209804 1 11533
1264372781 2 11455 1264372815 1 11535
1264465356 2 11466 1264465387 1 11537
1265176395 0 4294 1265176470 1 11545
1272104157 2 11499 1272104236 1 11639
1272111860 2 11500 1272111892 1 11640
1272357546 2 11519 1272357576 1 11644
1272435579 2 11528 1272435613 1 11645
1272579444 2 11541 1272579478 1 11648
1272665894 2 11552 1272665928 1 11649
1277212237 0 4335 1277212356 1 11711
1280681285 0 4347 1280681371 2 11634
1280708726 2 11637 1280708759 1 11759
1280956232 2 11650 1280956264 1 11763
1281063024 0 4348 1281063109 2 11663
1281147879 2 11674 1281147913 1 11764
1288750557 2 11705 1288750589 1 11868
1289025608 2 11727 1289025641 1 11871
1289560067 0 4387 1289560150 2 11787
1295296027 0 4409 1295296145 1 11954
1297381249 0 4417 1297381332 2 11829
1297828473 0 4419 1297828558 2 11874
1306007598 0 4455 1306007682 2 11953
1353516371 0 4643 1353516483 1 11987
1355362588 2 11989 1355362619 1 12006
1359941663 0 4675 1359941779 1 12054
1363922146 2 12047 1363922171 1 12094
1364117491 2 12067 1364117523 1 12095
1364295149 2 12087 1364295289 1 12097
1368055408 0 4700 1368055433 1 12136
1368782426 0 4703 1368782542 1 12144
1372089625 2 12117 1372089658 1 12178
1372123387 0 4714 1372123471 2 12118
1372544795 2 12158 1372544827 1 12182
1372619479 2 12166 1372619513 1 12183
1380502654 2 12209 1380502687 1 12264
1380752671 2 12228 1380752705 1 12267
1380920087 0 4756 1380920171 2 12240
1380930291 2 12242 1380930323 1 12269
1381113033 2 12261 1381113066 1 12271
1383279068 0 4764 1383279185 1 12294
1384576563 0 4771 1384576681 1 12307
1388508378 2 12278 1388508401 1 12348
1388849731 0 4783 1388849816 2 12297
1388866139 2 12300 1388866171 1 12354
1388926411 2 12307 1388926446 1 12355
1388975070 0 4786 1388975156 2 12312
1389045051 2 12317 1389045084 1 12356
1389322079 2 12343 1389322112 1 12359
1390816093 0 4793 1390816212 1 12380
1395666379 0 4813 1395666498 1 12444
1397405313 2 12401 1397405344 1 12468
1397449971 2 12406 1397450001 1 12469
1397533471 2 12412 1397533503 1 12470
1397856784 2 12438 1397856817 1 12475
1397923573 2 12447 1397923620 1 12477
1405432242 2 12476 1405432274 1 12581
1405517554 2 12481 1405517586 1 12582
1405706590 2 12495 1405706623 1 12584
1405811977 0 4842 1405812041 2 12500
1406056342 2 12523 1406056373 1 12590
1406171971 2 12538 1406172001 1 12592
1413996020 2 12599 1413996055 1 12694
1414224003 0 4876 1414224088 2 12613
1414236433 2 12614 1414236465 1 12697
1419939842 0 4896 1419939960 1 12775
1421820577 2 12666 1421820611 1 12802
1421977367 2 12674 1421977398 1 12805
1422063929 2 12679 1422063962 1 12806
1422294938 2 12688 1422294969 1 12807
1422358334 2 12690 1422358372 1 12808
1422370888 2 12691 1422370920 1 12809
1422391402 2 12693 1422391435 1 12810
1422470835 2 12700 1422470868 1 12811
1422560188 2 12706 1422560219 1 12812
1422884664 2 12737 1422884698 1 12816
1430508837 2 12768 1430508868 1 12924
1430528199 2 12770 1430528233 1 12926
1430664476 2 12777 1430664510 1 12928
1430935290 2 12802 1430935321 1 12930
1431114463 2 12817 1431114495 1 12933
1431122464 2 12818 1431122496 1 12934
1431166816 2 12820 1431166850 1 12935
1438852040 2 12864 1438852150 0 4957
1439206722 2 12895 1439206754 1 13042
1439263154 2 12902 1439263183 1 13043
1439394614 2 12918 1439394646 1 13044
1439562527 0 4958 1439562612 2 12934
1439573182 2 12935 1439573216 1 13048
1441151233 0 4965 1441151352 1 13069
1447280267 0 4993 1447280349 2 12971
1447374518 2 12973 1447374554 1 13150
1447541715 2 12989 1447541749 1 13152
1447588819 0 4994 1447588902 2 12994
1447608595 2 12995 1447608622 1 13154
1447777155 2 13012 1447777187 1 13156
1447857211 2 13020 1447857243 1 13157
1447870636 2 13021 1447870668 1 13158
1447926446 2 13030 1447926563 1 13159
1448079670 0 4996 1448079755 2 13041
1448121655 1 13162 1448121676 2 13045
1455209277 2 13051 1455209312 1 13258
1455406019 2 13062 1455406054 1 13261
1455452261 2 13065 1455452293 1 13262
1455464135 0 5021 1455464218 2 13067
1455555332 2 13074 1455555366 1 13263
1455632308 2 13081 1455632340 1 13264
1455710623 2 13090 1455710657 1 13265
1455872357 0 5024 1455872443 2 13109
1456054537 2 13127 1456054570 1 13269
1456115594 0 5025 1456115676 2 13139
1456141015 2 13142 1456141146 1 13271
1456317976 2 13156 1456318011 1 13273
1456348246 0 5027 1456348331 2 13158
1457048775 0 5030 1457048893 1 13282
1463282507 2 13166 1463282541 1 13370
1463790711 2 13187 1463790741 1 13378
1463900219 2 13192 1463900252 1 13379
1463968529 0 5047 1463968613 2 13197
1463986690 2 13199 1463986723 1 13381
1464302909 2 13226 1464302942 1 13385
1464458657 2 13243 1464458689 1 13387
1467694379 0 5060 1467694497 1 13432
1472172056 2 13291 1472172087 1 13494
1472191441 2 13293 1472191476 1 13495
1472407885 0 5073 1472407968 2 13311
1472594688 2 13332 1472594720 1 13501
1472792707 2 13354 1472792741 1 13504
1472893123 2 13367 1472893156 1 13505
1475392089 0 5086 1475392207 1 13538
1480372175 0 5101 1480372185 2 13388
1480476499 2 13397 1480476532 1 13609
1480709682 2 13417 1480709711 1 13612
1480782190 2 13424 1480782222 1 13613
1480925859 2 13437 1480925894 1 13615
1481295759 2 13480 1481295791 1 13618
1485859872 0 5116 1485859992 1 13685
1546960543 2 13699 1546960577 1 13740
1550548769 0 5326 1550548888 1 13777
1550891540 0 5329 1550891657 1 13781
1555414619 2 13764 1555414653 1 13827
1555703761 2 13792 1555703796 1 13831
1555902247 2 13814 1555902281 1 13833
1555968128 0 5348 1555968212 2 13821
1556068257 2 13832 1556068293 1 13835
1563725607 2 13850 1563725637 1 13913
1563793175 2 13854 1563793207 1 13914
1563938676 2 13863 1563938708 1 13916
1563980046 0 5371 1563980129 2 13866
1564095709 0 5372 1564095796 2 13874 1564095831 1 13917
1564116375 2 13877 1564116409 1 13918
1564408595 2 13914 1564408626 1 13921
1564487052 2 13919 1564487086 1 13922
1567105628 0 5380 1567105746 1 13948
1572312851 2 13957 1572312885 1 14017
1572495543 2 13971 1572495673 1 14019
1572583342 2 13978 1572583376 1 14022
1572593228 0 5402 1572593361 2 13980
1572931858 2 14019 1572931893 1 14025
1580576402 2 14050 1580576434 1 14133
1580633478 2 14059 1580633507 1 14134
1581015467 2 14087 1581015615 1 14138
1581038688 2 14088 1581038751 0 5427
1581179918 2 14104 1581179949 1 14140
1581297234 0 5430 1581297317 2 14118
1582975243 0 5438 1582975359 1 14163
1588720385 2 14137 1588720419 1 14244
1588783629 2 14138 1588783664 1 14245
1589142428 2 14166 1589142459 1 14248
1589242710 2 14177 1589242745 1 14249
1589554921 2 14222 1589554955 1 14253
1589752365 2 14243 1589752395 1 14257
1597414519 0 5482 1597414604 2 14289
1597688571 2 14316 1597688605 1 14365
1597813689 2 14326 1597813720 1 14367
1597901054 2 14337 1597901089 1 14368
1598384193 0 5485 1598384311 1 14376
1604912756 0 5497 1604912875 1 14471
1605568524 2 14371 1605568557 1 14479
1605859875 0 5500 1605859994 1 14482
1606160259 2 14426 1606160294 1 14487
1606187554 2 14430 1606187589 1 14488
1606222045 2 14433 1606222077 1 14489
1612805915 0 5517 1612806021 1 14583
1613675062 2 14463 1613675098 1 14594
1614188934 0 5520 1614189058 1 14602
1614234634 2 14503 1614234670 1 14603
1614306478 2 14509 1614306510 1 14604
1614449442 2 14527 1614449474 1 14606
1614517035 0 5522 1614517150 1 14607
1616458852 0 5533 1616458968 1 14632
1619799069 0 5541 1619799184 1 14679
1622027186 2 14552 1622027218 1 14709
1622036377 0 5547 1622036463 2 14553
1622136881 2 14561 1622136984 1 14711
1622416096 2 14576 1622416130 1 14715
1622536143 2 14587 1622536179 1 14717
1622851587 2 14628 1622851619 1 14722
1622885159 2 14632 1622885195 1 14723
1626376999 0 5558 1626377119 1 14773
1630771094 2 14681 1630771129 1 14832
1630977341 2 14698 1630977366 1 14836
1631038286 2 14701 1631038318 1 14837
1631193679 2 14715 1631193712 1 14840
1631222826 0 5572 1631222909 2 14721
1631300943 2 14729 1631301043 0 5573
1639018561 2 14770 1639018597 1 14948
1639459653 2 14815 1639459685 1 14955
1639653621 2 14831 1639653653 1 14956
1646936209 2 14845 1646936243 1 15057
1647014443 2 14846 1647014476 1 15060
1647027882 2 14847 1647027912 1 15061
1647273516 2 14858 1647273551 1 15064
1647340308 2 14865 1647340339 1 15065
1647382487 2 14868 1647382521 1 15066
1647417267 2 14872 1647417298 1 15067
1647498591 2 14881 1647498624 1 15068
1647565805 2 14886 1647565833 1 15069
1648015193 2 14919 1648015228 1 15073
1650783677 0 5629 1650783797 1 15113
1655750906 2 14967 1655750941 1 15177
1655971368 2 14989 1655971405 1 15180
1656031965 2 14995 1656031998 1 15181
1663707800 2 15050 1663707830 1 15280
1664323991 2 15086 1664324022 1 15289
1664446591 2 15100 1664446632 1 15291
1664602148 0 5680 1664602234 2 15112
1672081487 2 15129 1672081517 1 15395
1672706867 0 5707 1672706952 2 15172
1680923778 0 5739 1680923866 2 15272
1681403098 0 5741 1681403183 2 15318
1688524531 0 5766 1688524614 2 15324
1730328826 2 15405 1730328857 1 15434
1730513001 0 5900 1730513088 2 15415
1730610463 2 15424 1730610498 1 15437
1730857536 0 5902 1730857619 2 15438
1737291565 0 5924 1737291681 1 15506
1738728327 2 15453 1738728358 1 15521
1739159334 2 15486 1739159371 1 15526
1739209002 0 5927 1739209084 2 15493
1739251360 0 5928 1739251444 2 15498
1747226173 2 15545 1747226205 1 15609
1747409510 2 15564 1747409542 1 15611
1747472974 2 15568 1747473089 1 15612
1747680969 2 15583 1747681001 1 15614
1747829954 0 5959 1747830038 2 15594
1750960247 0 5967 1750960366 1 15648
1752177264 0 5971 1752177383 1 15660
1752833665 0 5973 1752833782 1 15668
1755406183 2 15628 1755406215 1 15697
1755659296 0 5991 1755659338 2 15640
1756171181 2 15683 1756171214 1 15707
1756349110 0 5997 1756349195 2 15706
1756365478 2 15707 1756365511 1 15708
1764061868 2 15736 1764061900 1 15813
1764136248 0 6021 1764136333 2 15743
1764169421 2 15745 1764169459 1 15815
1764190449 2 15748 1764190479 1 15816
1764346355 2 15761 1764346387 1 15817
1764427849 0 6024 1764427931 2 15768
1767408042 0 6036 1767408162 1 15858
1772120616 2 15819 1772120646 1 15918
1772173250 2 15823 1772173281 1 15919
1772274460 2 15831 1772274491 1 15920
1772440034 2 15845 1772440067 1 15922
1772557893 2 15852 1772557927 1 15924
1772951312 2 15907 1772951348 1 15927
1773014707 2 15914 1773014740 1 15928
1776453064 0 6075 1776453182 1 15977
1779034897 0 6086 1779035014 1 16013
1780599858 2 15950 1780599891 1 16034
1780647723 2 15954 1780647755 1 16035
1780701558 2 15957 1780701593 1 16036
1781235311 0 6093 1781235394 2 16002
1781380280 1 16044 1781380343 2 16017
1788776597 0 6117 1788776684 2 16030
1789050340 2 16046 1789050372 1 16147
1789081895 2 16048 1789081929 1 16148
1789539433 2 16098 1789539571 1 16153
1789580470 2 16101 1789580503 1 16154
1789647025 2 16110 1789647060 1 16155
1789764065 2 16126 1789764097 1 16157
1795637175 0 6132 1795637289 1 16241
1797305376 2 16147 1797305410 1 16263
1797805816 1 16268 1797805838 0 6141
1797819188 2 16196 1797819216 1 16269
1798000431 2 16213 1798000462 1 16271
1798052367 2 16217 1798052401 1 16272
1798122373 0 6144 1798122458 2 16221
1805188475 2 16225 1805188510 1 16371
1805498477 0 6163 1805498562 2 16235
1806024243 2 16279 1806024277 1 16379
1806166306 0 6164 1806166391 2 16298
1806337186 2 16318 1806337219 1 16385
1806416058 0 6165 1806416145 2 16327
1806848264 0 6167 1806848379 1 16392
1806903244 0 6168 1806903362 1 16393
1812411539 0 6190 1812411656 1 16465
1813797058 2 16346 1813797092 1 16485
1813979524 0 6198 1813979642 1 16486
1814048767 2 16360 1814048798 1 16487
1814142847 2 16366 1814142879 1 16488
1814565271 2 16402 1814565305 1 16494
1814637266 2 16409 1814637299 1 16495
1814655244 2 16411 1814655277 1 16496
1818983218 0 6214 1818983341 1 16555
1822309976 2 16457 1822310008 1 16605
1822482766 2 16467 1822482800 1 16608
1822615471 2 16476 1822615500 1 16609
1822673143 2 16482 1822673176 1 16610
1822678847 2 16484 1822678880 1 16611
1822739450 2 16492 1822739479 1 16612
1823068418 2 16529 1823068529 1 16617
1823109101 2 16532 1823109131 1 16618
1823918730 0 6219 1823918847 1 16629
1830250318 2 16536 1830250351 1 16715
1830757898 1 16719 1830757954 2 16565
1830862314 2 16577 1830862344 1 16721
1831142624 0 6244 1831142710 2 16593
1831238039 2 16604 1831238074 1 16726
1831252114 0 6245 1831252197 2 16606
1836027541 0 6259 1836027659 1 16791
1838750822 0 6270 1838750910 2 16642
1838940613 2 16655 1838940648 1 16829
1839030302 1 16830 1839030303 2 16661
1839251694 2 16683 1839251728 1 16834
1839324445 2 16690 1839324480 1 16835
1839522003 2 16715 1839522035 1 16838
1839685893 0 6273 1839685981 2 16729
1839883470 0 6274 1839883518 1 16843
1847091228 2 16748 1847091262 1 16942
1847156323 2 16751 1847156357 1 16943
1847243171 2 16756 1847243201 1 16944
1847647779 2 16777 1847647810 1 16950
1847886504 0 6302 1847886588 2 16806
1848109505 2 16831 1848109537 1 16956
1855741330 2 16865 1855741362 1 17052
1856066919 2 16904 1856066952 1 17057
1856312965 2 16935 1856312999 1 17061
1856495891 0 6337 1856495975 2 16952 1856496007 1 17063
1863813280 0 6361 1863813366 2 16968
1921695813 0 6556 1921695930 1 17173
1922260889 2 17132 1922260921 1 17178
1922363049 2 17138 1922363080 1 17179
1922452455 2 17147 1922452487 1 17180
1922654176 2 17164 1922654201 1 17182
1922794877 2 17175 1922794907 1 17184
1929137429 0 6576 1929137543 1 17249
1930807462 2 17223 1930807496 1 17266
1931119025 2 17253 1931119058 1 17269
1931238534 2 17262 1931238566 1 17271
1931331486 2 17269 1931331519 1 17272
1938795237 2 17279 1938795271 1 17349
1939022093 2 17289 1939022128 1 17351
1939054452 2 17294 1939054480 1 17352
1939320918 2 17315 1939320951 1 17355
1946349968 0 6628 1946350085 1 17447
1947402390 2 17393 1947402421 1 17461
1947633387 2 17404 1947633419 1 17464
1947695162 0 6633 1947695244 2 17412 1947695278 1 17466
1947791820 2 17424 1947791858 1 17467
1947837814 0 6634 1947837898 2 17427
1950566660 0 6648 1950566778 1 17502
1955627806 2 17477 1955627839 1 17572
1955665032 2 17479 1955665063 1 17573
1955881879 2 17498 1955881913 1 17576
1955914527 0 6666 1955914611 2 17501
1956041187 0 6667 1956041268 2 17515
1956226785 2 17539 1956226864 1 17580
1961254307 0 6689 1961254431 1 17647
1963890308 2 17573 1963890342 1 17684
1964149434 2 17589 1964149465 1 17689
1964841816 2 17651 1964841849 1 17697
1972083090 2 17661 1972083121 1 17795
1972366940 2 17681 1972366974 1 17798
1972584127 2 17697 1972584162 1 17799
1973064802 2 17740 1973064835 1 17807
1980302975 2 17757 1980303009 1 17909
1980603976 1 17914 1980604073 2 17773
1980853238 2 17795 1980853270 1 17916
1981217706 2 17828 1981217740 1 17922
1981246200 2 17830 1981246208 0 6755
1981364788 2 17841 1981364819 1 17924
1981408001 0 6756 1981408087 2 17846
1981516081 0 6757 1981516199 1 17926
1981726199 0 6758 1981726319 1 17929
1982903922 0 6761 1982904038 1 17946
1987423724 0 6777 1987423843 1 18006
1988920291 0 6782 1988920376 2 17873 1988920409 1 18028
1989079500 2 17882 1989079534 1 18030
1989187193 0 6785 1989187278 2 17892
1989454907 2 17922 1989454941 1 18034
1989674124 2 17948 1989674158 1 18038
1989825360 2 17958 1989825393 1 18040
1993400847 0 6798 1993400956 1 18088
1996266122 0 6820 1996266241 1 18121
1997093954 2 17969 1997093988 1 18132
1997190495 2 17972 1997190525 1 18133
1997403092 2 17984 1997403124 1 18136
1997682095 2 18012 1997682125 1 18140
1997793089 2 18024 1997793123 1 18142
1997851040 2 18026 1997851074 1 18143
1998030181 2 18039 1998030217 1 18145
1998044193 0 6825 1998044278 2 18041
2002049801 0 6838 2002049919 1 18200
2003853030 0 6849 2003853144 1 18223
2005571094 2 18062 2005571127 1 18247
2005619263 2 18064 2005619294 1 18248
2005811730 2 18073 2005811761 1 18251
2005919428 2 18077 2005919462 1 18253
2006083077 2 18098 2006083108 1 18255
2006112514 0 6856 2006112596 2 18103
2006140950 2 18106 2006140982 1 18256
2006228344 2 18119 2006228378 1 18257
2006398148 2 18138 2006398181 1 18259
2006411395 1 18260 2006411493 2 18139
2006491966 2 18150 2006492000 1 18261
2009446031 0 6863 2009446147 1 18303
2011757738 0 6872 2011757856 1 18333
2013950921 2 18171 2013950946 1 18360
2013996640 2 18175 2013996673 1 18361
2014002894 2 18177 2014002929 1 18362
2014303397 2 18202 2014303429 1 18366
2014633426 0 6883 2014633509 2 18231
2014683309 2 18235 2014683343 1 18372
2016991297 0 6892 2016991415 1 18402
2022030615 2 18260 2022030651 1 18472
2022330744 2 18282 2022330777 1 18476
2022463011 2 18292 2022463042 1 18478
2022603385 2 18306 2022603419 1 18479
2022698535 2 18315 2022698566 1 18481
2022996499 2 18340 2022996535 1 18486
2023087575 2 18349 2023087604 1 18488
2025768261 0 6923 2025768379 1 18525
2030271187 2 18361 2030271221 1 18587
2030780567 2 18391 2030780598 1 18595
2030802717 2 18393 2030802749 1 18596
2031178102 2 18423 2031178136 1 18600
2031255334 2 18432 2031255367 1 18601
2031371565 2 18445 2031371599 1 18602
2031492214 2 18452 2031492248 1 18604
2036293785 0 6953 2036293898 1 18671
2038878766 0 6962 2038878851 2 18466
2038966227 2 18474 2038966258 1 18707
2039045637 2 18479 2039045671 1 18709
2039368298 0 6965 2039368381 2 18508
2039544408 2 18528 2039544442 1 18714
2039662138 2 18540 2039662174 1 18716
2041569748 0 6973 2041569867 1 18743
2064200728 0 7060 2064200812 2 18791
2105638200 2 18834 2105638230 1 18857
2105660297 0 7196 2105660381 2 18836
2105756793 2 18845 2105756858 1 18858
2105931424 2 18855 2105931458 1 18860
2106738327 0 7197 2106738446 1 18869
2113977511 2 18880 2113977545 1 18943
2114201279 0 7236 2114201365 2 18899
2114375233 2 18909 2114375265 1 18947
2114410181 2 18911 2114410213 1 18948
2114420878 0 7237 2114420964 2 18914
2114626736 2 18934 2114626770 1 18949
2114651378 2 18937 2114651413 1 18950
2114781488 2 18951 2114781519 1 18952
2119013611 0 7251 2119013729 1 18995
2122229097 2 18963 2122229136 1 19028
2122288471 2 18966 2122288505 1 19029
2122837574 2 19023 2122837609 1 19035
2130702769 2 19062 2130702800 1 19119
2130777036 2 19066 2130777071 1 19120
2130843862 2 19072 2130843898 1 19121
2130960061 2 19081 2130960091 1 19123
2131048932 2 19089 2131048961 1 19124
2131102934 2 19095 2131102971 1 19125
2131135793 2 19097 2131135827 1 19126
2138801970 2 19137 2138802002 1 19228
2138987148 2 19150 2138987179 1 19229
2139293144 2 19177 2139293176 1 19234
2139339259 0 7317 2139339344 2 19181
2139394951 2 19186 2139394986 1 19236
2139466120 2 19196 2139466152 1 19237
2139946259 2 19241 2139946292 1 19241
2147260941 2 19258 2147260977 1 19342
2147297076 2 19260 2147297110 1 19344
2147380901 2 19265 2147380926 1 19345
2147420116 0 7344 2147420199 2 19268
2147508747 2 19277 2147508782 1 19347
2147634505 1 19349 2147634545 2 19289
2147907460 0 7347 2147907544 2 19318
2148004113 2 19332 2148004145 1 19352
2148058328 0 7348 2148058412 2 19339
2155559173 0 7377 2155559259 2 19362
2155596789 2 19363 2155596819 1 19454
2156026266 2 19387 2156026300 1 19460
2156202593 2 19402 2156202624 1 19463
2156336278 0 7380 2156336294 2 19421
2156473894 2 19432 2156473918 1 19466
2163462215 2 19458 2163462248 1 19561
2164071138 0 7408 2164071223 2 19478
2164107023 0 7409 2164107109 2 19480
2164125187 2 19482 2164125221 1 19570
2164612868 2 19532 2164612901 1 19577
2164653968 2 19536 2164654002 1 19578
2164692745 2 19542 2164692777 1 19579
2164826796 2 19556 2164826832 1 19581
2164881467 2 19559 2164881500 1 19582
2172460585 2 19589 2172460617 1 19687
2172469308 2 19590 2172469341 1 19688
2172879853 2 19627 2172879885 1 19694
2173192386 0 7432 2173192470 2 19660
2173230675 2 19662 2173230707 1 19700
2180666839 0 7452 2180666954 1 19804
2180819742 2 19694 2180819772 1 19806
2181180843 2 19715 2181180875 1 19811
2181319738 2 19733 2181319769 1 19814
2181422661 2 19743 2181422692 1 19816
2181540006 2 19757 2181540039 1 19817
2181567009 2 19760 2181567040 1 19818
2184958612 0 7468 2184958728 1 19863
2188590265 2 19764 2188590298 1 19911
2188692374 0 7484 2188692460 2 19769
2188741297 0 7485 2188741415 1 19912
2188907222 2 19784 2188907258 1 19915
2189147074 2 19798 2189147107 1 19917
2189149817 0 7489 2189149902 2 19799
2189397336 2 19818 2189397444 1 19921
2189596330 2 19833 2189596363 1 19923
2189697623 2 19851 2189697658 1 19925
2189752137 2 19856 2189752171 1 19926
2189883740 2 19868 2189883772 1 19928
2197339558 2 19890 2197339592 1 20029
2197470492 0 7515 2197470576 2 19899
2197622353 0 7516 2197622470 1 20033
2197701302 2 19913 2197701336 1 20034
2197768758 0 7518 2197768843 2 19919
2197971475 2 19944 2197971510 1 20037
2198073416 2 19951 2198073451 1 20039
2198187210 2 19965 2198187244 1 20041
2205296742 2 19975 2205296775 1 20138
2205443280 2 19982 2205443313 1 20139
2206161019 2 20035 2206161052 1 20152
2206196464 0 7544 2206196547 2 20041
2206212407 0 7545 2206212494 2 20044
2206215406 2 20045 2206215438 1 20153
2206439880 2 20064 2206439913 1 20154
2208482469 0 7551 2208482588 1 20182
2214040061 2 20099 2214040091 1 20262
2214170291 2 20106 2214170320 1 20264
2214320396 0 7566 2214320477 2 20121
2214464789 2 20137 2214464819 1 20268
2214589202 2 20150 2214589233 1 20269
2214668632 2 20160 2214668665 1 20270
2214705785 2 20164 2214705819 1 20271
2214809708 2 20176 2214809741 1 20272
2214891840 2 20182 2214891872 1 20274
2221787327 0 7584 2221787446 1 20372
2222240036 2 20202 2222240068 1 20378
2222271885 2 20205 2222271968 1 20379
2222396838 2 20213 2222396872 1 20381
2222463547 2 20219 2222463576 1 20382
2222573607 0 7587 2222573693 2 20227
2222689400 2 20235 2222689437 1 20384
2222828111 2 20251 2222828142 1 20385
2222839758 2 20252 2222839793 1 20386
2223106748 0 7589 2223106866 1 20390
2223299749 2 20285 2223299780 1 20392
2228439890 0 7605 2228439902 1 20465
2230398756 2 20292 2230398790 1 20492
2230903948 2 20318 2230903980 1 20497
2230955952 2 20327 2230955987 1 20498
2231096057 2 20343 2231096087 1 20499
2231135226 2 20348 2231135258 1 20501
2231226649 2 20359 2231226681 1 20502
2231562045 2 20392 2231562076 1 20508
2239939613 0 7644 2239939699 2 20496
2290284579 0 7804 2290284698 1 20562
2297791194 2 20605 2297791225 1 20639
2299989973 0 7838 2299990092 1 20662
2305568895 2 20655 2305568927 1 20719
2305769181 2 20674 2305769211 1 20721
2305962163 2 20687 2305962194 1 20723
2306023886 2 20695 2306023918 1 20724
2307724344 0 7857 2307724462 1 20740
2308463239 0 7859 2308463356 1 20748
2312164668 0 7874 2312164797 1 20786
2313813082 2 20735 2313813115 1 20809
2313908175 2 20736 2313908233 1 20810
2313978513 2 20740 2313978545 1 20812
2314082825 2 20750 2314082859 1 20813
2314107589 2 20752 2314107623 1 20814
2314225286 2 20759 2314225343 1 20816
2314258346 2 20761 2314258380 1 20817
2314326114 2 20766 2314326148 1 20818
2314459487 2 20787 2314459520 1 20819
2314861932 2 20826 2314861962 1 20826
2319611850 0 7896 2319611968 1 20890
2322261611 2 20841 2322261696 1 20927
2322508560 2 20849 2322508594 1 20931
2322553393 2 20853 2322553428 1 20932
2323009604 2 20889 2323009637 1 20939
2323103183 2 20904 2323103218 1 20940
2323159062 2 20909 2323159095 1 20941
2329365427 0 7924 2329365542 1 21026
2330386111 0 7927 2330386119 2 20925
2330651234 0 7928 2330651320 2 20934
2330737083 0 7929 2330737169 2 20941
2330828905 2 20948 2330828935 1 21046
2331009367 2 20958 2331009398 1 21049
2331236948 2 20983 2331236982 1 21052
2331827091 0 7932 2331827212 1 21059
2339105462 2 21043 2339105492 1 21157
2339499632 2 21080 2339499663 1 21162
2339508511 2 21082 2339508543 1 21163
2346988598 2 21138 2346988631 1 21267
2347317432 0 7979 2347317517 2 21150
2347593606 2 21163 2347593640 1 21276
2347689731 2 21171 2347689767 1 21278
2347978518 2 21201 2347978551 1 21280
2348035531 2 21207 2348035563 1 21281
2351012358 0 7992 2351012476 1 21323
2355816049 2 21253 2355816080 1 21392
2356001681 0 8004 2356001765 2 21272
2356542023 0 8007 2356542104 2 21321
2363633864 2 21333 2363633897 1 21498
2363713919 2 21336 2363713952 1 21499
2364089061 2 21352 2364089095 1 21504
2364161979 2 21357 2364162012 1 21506
2364328641 2 21371 2364328672 1 21507
2364421729 2 21383 2364421763 1 21508
2364622587 2 21404 2364622618 1 21511
2364762077 2 21422 2364762110 1 21513
2364883590 2 21428 2364883627 1 21515
2364925710 0 8032 2364925795 2 21432
2366227706 0 8039 2366227821 1 21532
2368218920 0 8045 2368219040 1 21560
2369939532 0 8053 2369939650 1 21583
2372258892 2 21453 2372258926 1 21616
2372659428 2 21479 2372659462 1 21620
2372907916 2 21500 2372907951 1 21624
2373059401 0 8062 2373059483 2 21520
2373186958 0 8063 2373187042 2 21530
2373375687 2 21540 2373375720 1 21631
2380378094 1 21726 2380378223 2 21545
2380561927 2 21552 2380561957 1 21730
2380696548 2 21560 2380696582 1 21731
2381184725 2 21588 2381184757 1 21737
2381267902 2 21598 2381267933 1 21739
2381403600 2 21610 2381403633 1 21741
2383999973 0 8099 2384000092 1 21775
2386516067 0 8107 2386516185 1 21811
2388570991 2 21632 2388571025 1 21841
2389247466 2 21657 2389247498 1 21849
2389399024 2 21677 2389399054 1 21852
2389451717 2 21682 2389451753 1 21853
2389672754 2 21708 2389672788 1 21856
2389724926 2 21718 2389724955 1 21857
2389798831 2 21725 2389798866 1 21859
2389872384 2 21732 2389872422 1 21860
2396908661 2 21746 2396908694 1 21955
2397166085 0 8138 2397166174 2 21752
2397338474 2 21762 2397338504 1 21960
2397502089 2 21777 2397502118 1 21962
2397849215 2 21806 2397849246 1 21968
2397925196 2 21814 2397925229 1 21969
2398026671 2 21827 2398026702 1 21971
2398036112 0 8142 2398036197 2 21829
2398250731 2 21842 2398250762 1 21974
2405614868 2 21861 2405614902 1 22074
2405867339 2 21873 2405867373 1 22078
2406024563 2 21885 2406024597 1 22080
2406302298 0 8170 2406302382 2 21920
2406376772 2 21933 2406376804 1 22086
2406449906 2 21943 2406449941 1 22087
2406585125 2 21957 2406585158 1 22089
2414039089 2 21991 2414039091 0 8194
2414106257 2 21993 2414106290 1 22193
2414273323 2 22005 2414273356 1 22195
2414493015 2 22020 2414493048 1 22199
2414622437 0 8195 2414622522 2 22031
2414638549 2 22033 2414638581 1 22201
2431288614 0 8251 2431288699 2 22236
2472385698 2 22250 2472385729 1 22253
2473228572 2 22261 2473228603 1 22261
2473818833 0 8396 2473818953 1 22267
2478930348 0 8410 2478930468 1 22321
2480748359 2 22279 2480748392 1 22339
2481050242 2 22299 2481050276 1 22343
2481239881 2 22314 2481240018 1 22344
2489161200 2 22367 2489161234 1 22427
2489413911 2 22385 2489413944 1 22428
2489735659 2 22425 2489735689 1 22432
2497324494 0 8478 2497324580 2 22446
2497742560 2 22475 2497742591 1 22514
2497998653 2 22492 2497998688 1 22517
2498151418 2 22510 2498151455 1 22519
2504665008 0 8503 2504665130 1 22605
2504709396 0 8504 2504709511 1 22606
2505888666 2 22547 2505888698 1 22621
2506129136 2 22564 2506129168 1 22625
2506340836 2 22590 2506340870 1 22626
2506344943 2 22591 2506344975 1 22627
2506609227 2 22620 2506609260 1 22633
2510069012 0 8516 2510069131 1 22683
2514076076 2 22650 2514076109 1 22738
2514254722 2 22663 2514254749 1 22741
2514266677 0 8528 2514266762 2 22664
2514374073 0 8529 2514374159 2 22670
2514404048 0 8530 2514404133 2 22675
2514738943 2 22708 2514738977 1 22746
2514947449 2 22727 2514947481 1 22750
2517708255 0 8538 2517708374 1 22788
2520655188 0 8547 2520655306 1 22828
2522205925 2 22735 2522205959 1 22848
2522364632 0 8556 2522364718 2 22738
2522715846 0 8559 2522715964 1 22853
2522756761 2 22767 2522756792 1 22854
2523200190 0 8562 2523200273 2 22814
2523218822 2 22815 2523218854 1 22859
2523244679 0 8563 2523244762 2 22816
2523312756 0 8564 2523312841 2 22821
2523379899 1 22861 2523380047 2 22824
2526106172 0 8572 2526106288 1 22898
2530776349 2 22845 2530776379 1 22962
2531178925 2 22883 2531178952 1 22967
2531323917 2 22892 2531323946 1 22968
2531335905 2 22894 2531335937 1 22969
2531462770 2 22908 2531462801 1 22970
2531594404 2 22918 2531594437 1 22973
2539005600 2 22932 2539005630 1 23074
2539161737 2 22940 2539161771 1 23076
2539285173 1 23078 2539285175 2 22951
2539517273 2 22966 2539517313 1 23082
2539654653 2 22988 2539654685 1 23083
2539768603 2 23005 2539768636 1 23086
2539870097 2 23014 2539870129 1 23088
2539933880 2 23020 2539933914 1 23089
2546916092 1 23181 2546916127 2 23030
2547157927 2 23035 2547157957 1 23185
2547675403 2 23062 2547675436 1 23193
2547768477 0 8641 2547768562 2 23072
2547833301 0 8642 2547833387 2 23076
2547854958 1 23196 2547855079 2 23079
2548031803 2 23100 2548031838 1 23198
2548064913 2 23106 2548064945 1 23199
2548207590 2 23122 2548207625 1 23202
2553047112 0 8658 2553047230 1 23268
2555413933 2 23135 2555413967 1 23297
2555884211 2 23155 2555884243 1 23304
2555900022 0 8670 2555900104 2 23157
2555968419 2 23162 2555968452 1 23305
2556081950 2 23174 2556081982 1 23307
2556219327 1 23308 2556219463 2 23181
2556315180 2 23192 2556315212 1 23309
2556415154 2 23205 2556415186 1 23312
2556428594 2 23207 2556428625 1 23313
2556667268 0 8673 2556667351 2 23233
2561923548 0 8689 2561923665 1 23384
2564186314 2 23259 2564186345 1 23414
2564316510 0 8699 2564316629 1 23416
2564341213 0 8700 2564341300 2 23271
2564553451 0 8701 2564553536 2 23288
2564822576 2 23324 2564822607 1 23422
2564900389 1 23424 2564900491 2 23334
2572459835 2 23360 2572459870 1 23525
2572533633 2 23366 2572533669 1 23526
2572582460 2 23369 2572582494 1 23527
2572851517 2 23398 2572851549 1 23530
2573229617 2 23436 2573229649 1 23536
2575648139 0 8741 2575648255 1 23566
2579943087 0 8751 2579943201 1 23626
2580756620 2 23466 2580756653 1 23634
2580859794 0 8755 2580859879 2 23473
2580998112 2 23481 2580998145 1 23637
2581263993 2 23501 2581264027 1 23639
2581410931 2 23521 2581410960 1 23643
2581641605 2 23543 2581641636 1 23645
2583958367 0 8763 2583958484 1 23675
2589313078 2 23574 2589313111 1 23746
2589418482 2 23583 2589418514 1 23747
2589460059 0 8781 2589460140 2 23589
2589578630 2 23598 2589578659 1 23749
2589643353 2 23605 2589643389 1 23750
2589949347 2 23638 2589949381 1 23755
2593551257 0 8800 2593551375 1 23801
2597356156 2 23660 2597356243 1 23849
2597459011 2 23666 2597459045 1 23851
2597667378 2 23679 2597667414 1 23854
2597798621 2 23692 2597798706 1 23857
2597919685 2 23707 2597919716 1 23859
2598105193 2 23727 2598105226 1 23862
2598170938 2 23734 2598170969 1 23863
2602808612 0 8831 2602808734 1 23926
2663741382 2 23956 2663741415 1 23997
2664005638 0 9038 2664005722 2 23970
2664027201 2 23972 2664027232 1 24001
2664218794 2 23983 2664218828 1 24003
2664306602 0 9039 2664306688 2 23986
2664451496 0 9040 2664451581 2 23996
2664560907 2 24004 2664560942 1 24005
2669869609 0 9055 2669869727 1 24059
2672131463 0 9060 2672131581 1 24083
2672493189 0 9061 2672493282 2 24030
2672885818 0 9062 2672885903 2 24052
2672971195 2 24062 2672971228 1 24091
2673066959 2 24078 2673066990 1 24092
2673257241 2 24094 2673257275 1 24094
2677029870 0 9073 2677029989 1 24133
2680540223 0 9083 2680540340 1 24170
2681111271 2 24130 2681111297 1 24175
2681253043 2 24143 2681253075 1 24176
2681454599 2 24166 2681454629 1 24178
2681465625 2 24167 2681465656 1 24179
2687493945 0 9108 2687494065 1 24246
2689192508 0 9114 2689192594 2 24200
2689403087 2 24215 2689403122 1 24272
2689426752 0 9116 2689426834 2 24219
2689645569 2 24243 2689645602 1 24274
2689669504 2 24248 2689669592 1 24275
2689700605 2 24254 2689700662 1 24276
2689802350 2 24271 2689802384 1 24277
2697483836 2 24301 2697483871 1 24380
2697724312 2 24323 2697724342 1 24383
2697790972 2 24330 2697791003 1 24384
2697812507 0 9152 2697812591 2 24332
2697927884 2 24338 2697927921 1 24386
2699077207 0 9158 2699077324 1 24401
2705079750 0 9185 2705079868 1 24481
2705891135 2 24397 2705891165 1 24490
2706051417 2 24409 2706051451 1 24493
2706149910 2 24416 2706149941 1 24495
2706292807 2 24434 2706292838 1 24497
2706648188 2 24478 2706648222 1 24503
2706756105 2 24484 2706756141 1 24505
2713297311 0 9211 2713297432 1 24595
2714242260 0 9215 2714242350 2 24516
2714449745 2 24532 2714449775 1 24609
2714467490 2 24533 2714467548 1 24610
2714575483 2 24543 2714575513 1 24612
2714630072 0 9216 2714630156 2 24545
2714676298 2 24550 2714676332 1 24614
2714842572 0 9218 2714842690 1 24616
2714930448 2 24576 2714930480 1 24617
2721818921 0 9249 2721819036 1 24707
2722512479 2 24612 2722512511 1 24717
2722814622 2 24627 2722814657 1 24723
2722927041 2 24636 2722927074 1 24724
2723057778 2 24654 2723057809 1 24726
2723344493 2 24691 2723344526 1 24729
2723393128 0 9251 2723393213 2 24696
2726942287 0 9262 2726942401 1 24780
2728869034 0 9269 2728869153 1 24807
2730180399 0 9274 2730180517 1 24823
2730820746 2 24720 2730820777 1 24833
2730972359 2 24735 2730972394 1 24835
2731013926 2 24738 2731013958 1 24836
2731090336 2 24747 2731090368 1 24837
2731211315 2 24758 2731211348 1 24839
2731387905 2 24772 2731387937 1 24840
2738841697 2 24817 2738841731 1 24944
2739102219 0 9302 2739102306 2 24829
2739584521 2 24860 2739584556 1 24952
2739613518 2 24865 2739613555 1 24953
2739664766 2 24870 2739664796 1 24954
2739733127 2 24880 2739733160 1 24955
2739759957 0 9304 2739760040 2 24882
2740006390 2 24911 2740006426 1 24959
2742973766 0 9312 2742973886 1 25000
2743467363 0 9316 2743467482 1 25006
2747088358 2 24918 2747088392 1 25059
2747192926 0 9322 2747193010 2 24923
2747309478 2 24928 2747309509 1 25063
2747529458 2 24947 2747529489 1 25066
2747741034 2 24964 2747741068 1 25067
2747873620 2 24976 2747873653 1 25068
2747899098 2 24979 2747899129 1 25069
2748088028 0 9327 2748088112 2 25003 2748088147 1 25070
2748275002 2 25020 2748275034 1 25073
2748309490 2 25022 2748309524 1 25074
2750934850 1 25107 2750934923 0 9342
2755317653 2 25034 2755317686 1 25165
2755454614 2 25037 2755454647 1 25167
2755626476 2 25045 2755626510 1 25169
2755921404 2 25059 2755921436 1 25172
2756088837 0 9366 2756088920 2 25069
2756146773 2 25076 2756146810 1 25175
2756191690 0 9368 2756191775 2 25081
2756252542 2 25084 2756252573 1 25176
2756370520 2 25103 2756370556 1 25177
2756448728 2 25113 2756448761 1 25178
2756617160 2 25131 2756617193 1 25180
2764416579 2 25179 2764416601 1 25289
2764530498 2 25186 2764530533 1 25291
2764642723 2 25203 2764642756 1 25292
2764695564 2 25214 2764695595 1 25293
2764758801 2 25227 2764758833 1 25294
2764838601 2 25238 2764838633 1 25295
2764979031 2 25252 2764979062 1 25297
2768120239 0 9407 2768120357 1 25340
2769515670 1 25358 2769515766 0 9416
2772642808 2 25299 2772642839 1 25398
2772943866 2 25322 2772943898 1 25402
2773188697 0 9428 2773188779 2 25355
2773230586 2 25359 2773230617 1 25407
2773359561 2 25373 2773359596 1 25408
2777032091 0 9438 2777032204 1 25461
2780829877 2 25392 2780829908 1 25513
2781048913 0 9449 2781049000 2 25412
2781166851 0 9450 2781166932 2 25420
2781224217 2 25425 2781224251 1 25519
2781314657 2 25435 2781314689 1 25520
2781397854 2 25450 2781397886 1 25521
2781587196 2 25463 2781587227 1 25524
2781613694 2 25465 2781613727 1 25525
2781668920 0 9451 2781669004 2 25471
2789087363 0 9485 2789087449 2 25499
2789160825 2 25507 2789160858 1 25618
2789429168 2 25521 2789429203 1 25622
2789535556 2 25529 2789535594 1 25623
2789660570 2 25541 2789660599 1 25624
2791846253 0 9493 2791846373 1 25656
2855454446 0 9694 2855454565 1 25730
2856302978 2 25712 2856303005 1 25738
2856314163 0 9699 2856314246 2 25714
2856382770 2 25723 2856382806 1 25739
2856686896 2 25742 2856686918 1 25742
2864031708 2 25753 2864031744 1 25817
2864083509 2 25758 2864083540 1 25818
2864184310 2 25762 2864184386 0 9725
2864443589 0 9726 2864443672 2 25781
2864802921 2 25813 2864802958 1 25826
2864941993 2 25827 2864942025 1 25827
2872284658 0 9743 2872284743 2 25831
2872332673 2 25833 2872332705 1 25903
2872759766 2 25856 2872759799 1 25908
2872857655 2 25867 2872857686 1 25909
2873136517 2 25895 2873136550 1 25912
2873232605 2 25906 2873232637 1 25913
2878850514 0 9765 2878850632 1 25988
2887191410 0 9792 2887191527 1 26103
2888905565 0 9797 2888905683 1 26127
2889526730 2 26068 2889526764 1 26136
2889651230 2 26078 2889651262 1 26138
2889659445 0 9800 2889659531 2 26079
2889991961 2 26117 2889991995 1 26141
2890180346 2 26130 2890180381 1 26145
2892399769 1 26178 2892399886 0 9805
2894967897 0 9814 2894968015 1 26212
2897361741 2 26139 2897361777 1 26245
2897421994 2 26145 2897422026 1 26246
2897677332 2 26160 2897677363 1 26249
2897821984 2 26173 2897822015 1 26251
2897940306 2 26185 2897940339 1 26254
2898199514 2 26205 2898199544 1 26256
2898287602 2 26215 2898287630 1 26257
2898410146 0 9826 2898410231 2 26226
2902635276 0 9839 2902635393 1 26319
2906323882 2 26285 2906323912 1 26371
2906559154 2 26304 2906559192 0 9849
2906594287 0 9850 2906594369 2 26310
2906635565 1 26375 2906635701 2 26316
2906729305 2 26325 2906729340 1 26376
2910593792 0 9870 2910593906 1 26427
2914927711 2 26420 2914927744 1 26483
2915123444 2 26434 2915123478 1 26485
2922527514 2 26452 2922527548 1 26585
2922654085 0 9926 2922654169 2 26461
2922689232 2 26465 2922689264 1 26587 2922689369 0 9927
2922873834 2 26482 2922873873 1 26589
2923081761 2 26496 2923081796 1 26591
2923258460 2 26516 2923258492 1 26593
2923355235 2 26523 2923355268 1 26594
2923375508 2 26524 2923375542 1 26595
2926055729 0 9934 2926055848 1 26634
2930755398 0 9949 2930755483 2 26537
2930864756 2 26548 2930864789 1 26697
2930956090 0 9951 2930956176 2 26555 2930956209 1 26698
2931120924 0 9952 2931121010 2 26569
2931305054 0 9953 2931305136 2 26579
2931444926 2 26591 2931444960 1 26704
2931577049 0 9955 2931577132 2 26602
2933046687 0 9963 2933046804 1 26724
2939123191 0 9983 2939123275 2 26643
2939345710 2 26652 2939345741 1 26809
2939408352 0 9984 2939408437 2 26656
2939570275 2 26670 2939570305 1 26812
2939734574 2 26686 2939734605 1 26814
2939752708 2 26688 2939752741 1 26815
2939927364 2 26707 2939927395 1 26817
2940139915 2 26727 2940139945 1 26820
2943346647 0 10002 2943346763 1 26859
2947513578 2 26746 2947513611 1 26916
2947518400 1 26917 2947518464 2 26747
2947636229 2 26759 2947636261 1 26918
2947666465 2 26761 2947666496 1 26919
2947870906 0 10013 2947870989 2 26776
2947916268 2 26782 2947916301 1 26923
2947993828 2 26789 2947993861 1 26924
2948196581 2 26814 2948196655 1 26926
2948219673 2 26817 2948219704 1 26927
2948635944 0 10016 2948636061 1 26934
2951402778 0 10027 2951402893 1 26966
2951701877 0 10028 2951701996 1 26971
2955959535 2 26856 2955959567 1 27026
2956000748 2 26858 2956000782 1 27027
2956078261 2 26865 2956078295 1 27028
2956158661 0 10043 2956158744 2 26869
2956275080 2 26877 2956275114 1 27031
2956428443 0 10045 2956428524 2 26896
2956464435 2 26900 2956464474 1 27034
2956572626 2 26918 2956572660 1 27035
2956842509 2 26944 2956842539 1 27039
2958778117 0 10048 2958778232 1 27069
2964156791 2 26963 2964156824 1 27140
2964270995 2 26971 2964271026 1 27142
2964398303 0 10065 2964398388 2 26982
2964410598 2 26983 2964410632 1 27144
2964475804 0 10066 2964475887 2 26990 2964475920 1 27145
2964719575 2 27007 2964719605 1 27148
2966521786 1 27176 2966521877 0 10068
2971839368 0 10083 2971839480 1 27249
2972616626 2 27079 2972616658 1 27257
2972709658 2 27089 2972709690 1 27259
2973095323 2 27126 2973095356 1 27265
2973340924 2 27162 2973340959 1 27269
2973504546 2 27172 2973504586 1 27272
2980735725 2 27185 2980735761 1 27366
2981211926 0 10114 2981212012 2 27212
2981227690 2 27213 2981227726 1 27371
2981328023 2 27223 2981328057 1 27372
2981456441 2 27237 2981456478 1 27374
2981693958 0 10115 2981694041 2 27257
2989527155 0 10142 2989527237 2 27305
2990114607 0 10145 2990114691 2 27371
2990127422 0 10146 2990127507 2 27372
3038959775 2 27383 3038959808 1 27393
3039156275 2 27394 3039156305 1 27395
3047608313 2 27424 3047608353 1 27481
3047796425 2 27439 3047796460 1 27483
3047880157 2 27444 3047880188 1 27484
3048173496 2 27471 3048173530 1 27487
3050808592 0 10345 3050808710 1 27514
3053846121 0 10355 3053846235 1 27544
3056060988 2 27520 3056061020 1 27568
3056508428 0 10364 3056508512 2 27552
3064444168 2 27607 3064444199 1 27656
3064517283 2 27614 3064517315 1 27657
3064562872 2 27618 3064562906 1 27658
3064644651 2 27629 3064644684 1 27659
3064831164 2 27640 3064831193 1 27662
3065040306 2 27662 3065040339 1 27665
3072518527 2 27673 3072518555 1 27768
3072762447 2 27693 3072762478 1 27771
3072951538 2 27703 3072951572 1 27775
3073063362 2 27709 3073063394 1 27777
3080779641 2 27773 3080779671 1 27881
3080835395 2 27776 3080835430 1 27882
3081040484 2 27786 3081040518 1 27885
3081137611 2 27793 3081137642 1 27886
3081179013 2 27796 3081179047 1 27887
3081276500 2 27805 3081276533 1 27888
3081439763 2 27822 3081439794 1 27889
3081463355 0 10448 3081463438 2 27824
3081710890 2 27853 3081710925 1 27892
3086307059 0 10461 3086307173 1 27958
3089215651 2 27871 3089215681 1 27998
3089357901 2 27881 3089357933 1 28000
3089471358 2 27891 3089471392 1 28001
3089625576 2 27897 3089625658 1 28002
3089936082 0 10477 3089936166 2 27933
3090003789 0 10478 3090003872 2 27938
3090137048 2 27953 3090137079 1 28008
3097441278 2 27971 3097441312 1 28110
3097562445 2 27977 3097562476 1 28112
3097727313 2 27990 3097727344 1 28113
3097881798 2 27999 3097881830 1 28115
3097929723 2 28004 3097929754 1 28116
3098021075 2 28012 3098021108 1 28117
3098122419 2 28020 3098122452 1 28118
3098299083 0 10505 3098299167 2 28034
3098499900 2 28058 3098499931 1 28124
3106221342 2 28097 3106221377 1 28225
3106442011 2 28112 3106442044 1 28228
3106556505 2 28128 3106556541 1 28230
3106867982 2 28154 3106868016 1 28235
3106882443 2 28156 3106882477 1 28236
3114325756 2 28178 3114325788 1 28336
3114616193 0 10558 3114616282 2 28205
3114909332 2 28240 3114909366 1 28344
3114979083 2 28246 3114979115 1 28345
3115007694 2 28247 3115007776 1 28346
3115107967 0 10560 3115108054 2 28255
3119109594 0 10572 3119109713 1 28402
3122629048 2 28284 3122629084 1 28451
3122687071 2 28289 3122687103 1 28452
3122875164 0 10581 3122875282 1 28455
3123306859 2 28359 3123306886 1 28461
3123421682 0 10583 3123421766 2 28370
3123496009 2 28380 3123496044 1 28464
3131332215 2 28418 3131332246 1 28570
3131754723 2 28472 3131754754 1 28577
3131772321 2 28474 3131772357 1 28578
3133846467 0 10618 3133846585 1 28607
3137013478 0 10632 3137013598 1 28646
3138848066 2 28488 3138848145 1 28673
3139130923 2 28497 3139130955 1 28676
3139329807 2 28511 3139329839 1 28679
3139489146 2 28520 3139489180 1 28682
3139546440 0 10637 3139546524 2 28526 3139546559 1 28683
3139758728 0 10639 3139758814 2 28548 3139758848 1 28685
3140031647 2 28580 3140031679 1 28689
3140276541 2 28598 3140276572 1 28693
3143709732 0 10653 3143709850 1 28737
3147496512 2 28610 3147496548 1 28787
3147869506 2 28626 3147869537 1 28791
3147889140 2 28627 3147889176 1 28793
3148075125 2 28638 3148075158 1 28796
3148244048 0 10668 3148244133 2 28662 3148244167 1 28798
3148314181 2 28669 3148314216 1 28799
3148432041 2 28679 3148432075 1 28800
3151136747 0 10683 3151136863 1 28836
3155461123 2 28687 3155461157 1 28895
3156151814 2 28718 3156151846 1 28905
3156276111 2 28727 3156276140 1 28907
3156361857 2 28734 3156361888 1 28908
3156419216 2 28740 3156419251 1 28909
3156433208 0 10702 3156433293 2 28742
3156513449 2 28752 3156513483 1 28910
3156653015 2 28773 3156653046 1 28911
3156674450 2 28775 3156674485 1 28912
3164453030 2 28819 3164453064 1 29018
3164727794 2 28846 3164727828 1 29022
3165020200 2 28869 3165020236 1 29025
3172419041 0 10749 3172419125 2 28896
3173511725 0 10751 3173511810 2 29000
3227548243 0 10971 3227548361 1 29120
3228778376 0 10974 3228778493 1 29133
3231162462 2 29127 3231162495 1 29157
3231332183 2 29144 3231332214 1 29159
3231539963 2 29161 3231539998 1 29161
3236201334 0 10997 3236201451 1 29209
3239497147 2 29199 3239497181 1 29243
3239640139 2 29212 3239640170 1 29244
3239878766 2 29237 3239878802 1 29247
3239978118 0 11012 3239978203 2 29245
3246424769 0 11033 3246424886 1 29313
3247566131 2 29264 3247566164 1 29324
3247790235 2 29276 3247790268 1 29327
3247898303 2 29285 3247898337 1 29328
3248234124 2 29331 3248234155 1 29332
3248431349 2 29334 3248431384 1 29334
3255976339 2 29346 3255976371 1 29411
3256398829 2 29380 3256398862 1 29416
3259636688 0 11080 3259636806 1 29460
3264173018 2 29431 3264173052 1 29516
3264317838 2 29439 3264317874 1 29518
3264445708 2 29447 3264445739 1 29520
3264688923 0 11101 3264689008 2 29464
3264824038 0 11104 3264824122 2 29481
3264919716 2 29488 3264919750 1 29527
3265144669 0 11105 3265144754 2 29515
3269499479 0 11122 3269499598 1 29585
3272468283 2 29532 3272468314 1 29621
3272539616 2 29535 3272539664 1 29622
3272661915 2 29544 3272661948 1 29624
3273289193 2 29601 3273289226 1 29631
3273371329 2 29612 3273371362 1 29632
3275915389 0 11151 3275915508 1 29666
3278241654 0 11162 3278241769 1 29696
3280875692 2 29633 3280875724 1 29729
3280949599 2 29636 3280949630 1 29730
3281188300 2 29652 3281188332 1 29734
3281498161 2 29685 3281498242 1 29738
3281649875 2 29704 3281649908 1 29740
3281807985 2 29722 3281808017 1 29742
3281820856 2 29723 3281820888 1 29743
3281935977 2 29733 3281936007 1 29745
3286879957 0 11196 3286880074 1 29806
3289048504 2 29746 3289048538 1 29835
3289176041 2 29753 3289176070 1 29836
3289384922 2 29770 3289384954 1 29838
3289529058 2 29779 3289529090 1 29840
3289687588 0 11203 3289687672 2 29791
3289756760 2 29800 3289756791 1 29844
3289964167 2 29825 3289964169 1 29847
3290060249 2 29832 3290060282 1 29848
3290184860 2 29837 3290184892 1 29850
3290278132 2 29844 3290278165 1 29851
3290287727 0 11206 3290287810 2 29845
3293060097 0 11214 3293060216 1 29886
3295296277 0 11225 3295296394 1 29916
3295635035 0 11227 3295635153 1 29920
3297224218 2 29848 3297224253 1 29939
3297375511 2 29853 3297375544 1 29941
3297653835 2 29861 3297653867 1 29945
3297884341 2 29881 3297884376 1 29947
3298039513 2 29901 3298039547 1 29950
3298143299 2 29914 3298143335 1 29951
3298168926 2 29916 3298168958 1 29952
3300349737 0 11239 3300349859 1 29985
3305376186 0 11267 3305376306 1 30047
3305987961 2 29980 3305988083 0 11272
3306160825 2 29994 3306160859 1 30055
3306383766 2 30014 3306383799 1 30058
3306553131 2 30035 3306553164 1 30060
3310696769 1 30115 3310696884 0 11291
3314070028 2 30069 3314070060 1 30161
3314158544 2 30072 3314158574 1 30162
3314352500 0 11301 3314352586 2 30080
3314365441 2 30081 3314365472 1 30165
3314525480 2 30090 3314525509 1 30166
3314739290 2 30112 3314739324 1 30169
3314742139 0 11302 3314742223 2 30113
3314760739 2 30115 3314760773 1 30170
3314873751 2 30129 3314873786 1 30171
3315029693 0 11303 3315029778 2 30144
3315090717 0 11304 3315090835 1 30173
3315100526 2 30158 3315100559 1 30174
3315157243 2 30164 3315157273 1 30175
3316963088 0 11311 3316963206 1 30198
3322855765 2 30210 3322855798 1 30277
3323129542 2 30232 3323129578 1 30281
3323241580 2 30242 3323241612 1 30283
3323248246 0 11331 3323248330 2 30243
3323519327 2 30269 3323519361 1 30287
3325633241 0 11338 3325633359 1 30315
3330688635 2 30281 3330688668 1 30383
3330788847 2 30283 3330788878 1 30385
3331371596 2 30323 3331371628 1 30391
3331448196 2 30327 3331448225 1 30392
3336343719 0 11369 3336343837 1 30461
3339151903 2 30384 3339151936 1 30498
3339286894 2 30389 3339286928 1 30499
3339308504 2 30390 3339308540 1 30500
3339349443 0 11384 3339349530 2 30394
3339617496 2 30411 3339617531 1 30501
3339822933 2 30433 3339822967 1 30504
3339994872 0 11386 3339994989 1 30506
3340199891 2 30473 3340199921 1 30509
3340294400 2 30481 3340294434 1 30510
3341678030 0 11395 3341678151 1 30525
3347894812 0 11413 3347894897 2 30511
3347956542 2 30513 3347956576 1 30612
3348017434 0 11415 3348017518 2 30514
3348329143 2 30551 3348329176 1 30615
3348422073 2 30563 3348422106 1 30616
3348526862 2 30572 3348526898 1 30617
3348617294 0 11419 3348617379 2 30578
3356070002 2 30600 3356070036 1 30715
3356156299 2 30607 3356156330 1 30716
3356216615 2 30611 3356216646 1 30717
3356251572 2 30614 3356251605 1 30718
3356606016 2 30650 3356606049 1 30720
3356791960 2 30665 3356791991 1 30723
3359642594 0 11458 3359642710 1 30763
3364316269 0 11471 3364316355 2 30691
3364975706 0 11473 3364975792 2 30745
3422635308 2 30810 3422635343 1 30835
3422783824 0 11630 3422783945 1 30837
3422887278 2 30824 3422887312 1 30838
3422956063 2 30831 3422956095 1 30839
3430767652 2 30851 3430767686 1 30919
3431185336 2 30876 3431185367 1 30924
3431331053 2 30888 3431331087 1 30925
3431453895 2 30900 3431453925 1 30927
3431517616 0 11664 3431517701 2 30906
3434558366 0 11671 3434558485 1 30959
3438952108 2 30933 3438952141 1 31002
3439245711 0 11684 3439245799 2 30944
3439561277 2 30968 3439561319 1 31009
3439919514 2 31005 3439919548 1 31013
3447196826 0 11709 3447196945 1 31108
3447429065 2 31024 3447429101 1 31111
3447586449 2 31035 3447586483 1 31114
3448033815 2 31066 3448033846 1 31120
3448164650 2 31076 3448164682 1 31122
3456022525 2 31140 3456022557 1 31222
3456108099 2 31146 3456108135 1 31223
3456307792 2 31157 3456307824 1 31227
3456525995 2 31181 3456526029 1 31230
3456618870 2 31189 3456618904 1 31232
3456909658 2 31218 3456909694 1 31236
3462461455 0 11765 3462461573 1 31307
3464104539 2 31231 3464104578 1 31325
3464404724 2 31252 3464404755 1 31330
3464477860 0 11779 3464477947 2 31255
3464544811 2 31259 3464544842 1 31331
3464649555 2 31266 3464649590 1 31332
3464721634 2 31270 3464721666 1 31333
3464770307 2 31274 3464770339 1 31334
3465116485 0 11781 3465116571 2 31301
3465135870 2 31305 3465135904 1 31339
3465223133 2 31313 3465223167 1 31340
3472660118 0 11808 3472660201 2 31345
3472810692 2 31354 3472810722 1 31439
3472911556 2 31359 3472911590 1 31440
3472921383 2 31360 3472921418 1 31441
3472998623 2 31368 3472998656 1 31442
3473035598 2 31373 3473035633 1 31443
3473346760 2 31409 3473346792 1 31447
3473386228 2 31413 3473386328 1 31448
3473599685 2 31432 3473599717 1 31451
3473634703 0 11811 3473634786 2 31434
3475092072 0 11817 3475092190 1 31471
3475964743 0 11819 3475964862 1 31482
3481119032 2 31458 3481119064 1 31552
3481356867 2 31477 3481356899 1 31556
3481397713 2 31481 3481397744 1 31557
3481500751 2 31487 3481500784 1 31558
3481544541 2 31490 3481544577 1 31559
3481698283 2 31508 3481698316 1 31560
3481732328 2 31510 3481732364 1 31562
3481831304 2 31519 3481831334 1 31563
3489652656 2 31570 3489652690 1 31671
3489726113 2 31574 3489726144 1 31673
3489882254 0 11857 3489882345 2 31584
3490064308 0 11859 3490064391 2 31599
3497684573 0 11892 3497684665 2 31652
3497907224 0 11893 3497907308 2 31668
3497935952 2 31669 3497935982 1 31781
3498034177 2 31673 3498034209 1 31782
3498467300 2 31713 3498467330 1 31788
3498515326 2 31716 3498515360 1 31789
3498548359 0 11896 3498548443 2 31719
3505278350 0 11922 3505278465 1 31879
3506463911 2 31775 3506463943 1 31895
3507056728 2 31829 3507056760 1 31904
3514317356 2 31842 3514317389 1 32006
3514525282 2 31860 3514525415 1 32009
3514606255 2 31865 3514606289 1 32011
3514697266 0 11945 3514697351 2 31874
3514943499 2 31896 3514943531 1 32015
3515194899 2 31918 3515194935 1 32017
3519766447 0 11965 3519766567 1 32080
3522792286 2 31955 3522792319 1 32119
3522856304 2 31961 3522856317 1 32120
3523018894 2 31975 3523018928 1 32122
3523061902 0 11979 3523061985 2 31979
3523487190 0 11981 3523487309 1 32127
3530908574 0 12004 3530908691 1 32228
3531033911 2 32055 3531033942 1 32230
3531165052 1 32232 3531165166 2 32066
3531358477 2 32077 3531358509 1 32235
3531447951 2 32086 3531447983 1 32236
3536905625 0 12021 3536905743 1 32307
3539418741 0 12034 3539418827 2 32164
3539564756 2 32180 3539564790 1 32343
3539607052 2 32186 3539607082 1 32344
3539658571 2 32192 3539658605 1 32345
3540148319 2 32241 3540148350 1 32349
3540205593 2 32244 3540205626 1 32350
3542559599 0 12044 3542559684 1 32386
3547653140 2 32264 3547653171 1 32452
3547769208 2 32269 3547769243 1 32454
3547905739 2 32277 3547905773 1 32456
3548149422 0 12068 3548149506 2 32291
3548228941 2 32297 3548228975 1 32459
3548329393 2 32307 3548329424 1 32461
3556738887 0 12103 3556738971 2 32418
3556920774 2 32432 3556920861 0 12104
3607022104 0 12276 3607022221 1 32518
3614515290 2 32535 3614515320 1 32595
3614718221 0 12295 3614718305 2 32547
3614933209 2 32565 3614933242 1 32600
3615110833 2 32586 3615110867 1 32602
3615232211 2 32598 3615232242 1 32603
3622787734 2 32618 3622787768 1 32679
3626476216 0 12334 3626476334 1 32717
3630965066 2 32697 3630965099 1 32762
3631161279 2 32710 3631161309 1 32764
3631425048 0 12348 3631425132 2 32735
3631625924 2 32756 3631625959 1 32769
3631755738 2 32769 3631755768 1 32770
3638074337 0 12381 3638074456 1 32849
3639242174 1 32863 3639242251 2 32778
3639314864 2 32780 3639314897 1 32865
3639434674 2 32790 3639434708 1 32867
3640176037 2 32854 3640176069 1 32875
3640202902 2 32858 3640202938 1 32876
3640282970 2 32865 3640283006 1 32878
3647814993 2 32903 3647815026 1 32982
3647865141 2 32907 3647865176 1 32983
3647933794 2 32912 3647933825 1 32984
3648010021 2 32919 3648010053 1 32985
3648337640 2 32940 3648337672 1 32990
3648494311 2 32962 3648494343 1 32992
3648559108 2 32971 3648559142 1 32993
3652114178 0 12424 3652114297 1 33043
3655788416 0 12438 3655788533 1 33093
3656199168 2 32999 3656199199 1 33100
3656653836 2 33038 3656653869 1 33107
3656942832 2 33076 3656942864 1 33110
3656989492 0 12441 3656989577 2 33082
3657098562 2 33091 3657098596 1 33112
3664215622 2 33096 3664215653 1 33213
3664704098 2 33135 3664704133 1 33221
3664763100 2 33139 3664763133 1 33222
3664826522 0 12460 3664826605 2 33148
3664929152 0 12461 3664929237 2 33161
3665112647 0 12464 3665112723 2 33180
3665118289 0 12466 3665118372 2 33181
3672796024 2 33216 3672796060 1 33325
3672907862 2 33221 3672907896 1 33327
3672952288 2 33227 3672952323 1 33328
3673432987 0 12494 3673433069 2 33279
3673452842 2 33281 3673452912 1 33334
3673552005 0 12495 3673552086 2 33287
3673584657 2 33291 3673584689 1 33336
3676787101 0 12504 3676787219 1 33381
3681105107 2 33330 3681105139 1 33440
3681126314 2 33331 3681126345 1 33441
3681406743 0 12523 3681406827 2 33354
3681434067 2 33358 3681434101 1 33443
3681465438 2 33360 3681465471 1 33444
3681704609 2 33387 3681704643 1 33447
3681768289 2 33393 3681768321 1 33448
3681802696 2 33397 3681802729 1 33449
3684187041 0 12532 3684187157 1 33483
3688804535 0 12545 3688804654 1 33547
3689281790 2 33432 3689281819 1 33552
3689446561 2 33437 3689446593 1 33555
3689747409 0 12549 3689747495 2 33455
3689968736 1 33562 3689968793 2 33478
3690196679 2 33508 3690196713 1 33565
3690309439 2 33527 3690309475 1 33567
3690319533 2 33528 3690319565 1 33568
3694702172 0 12570 3694702289 1 33625
3697985605 2 33568 3697985639 1 33671
3698282045 2 33590 3698282077 1 33676
3698422764 2 33602 3698422797 1 33679
3698530045 2 33612 3698530077 1 33680
3703877542 0 12602 3703877658 1 33751
3706256739 0 12614 3706256823 2 33656
3706371610 2 33668 3706371644 1 33781
3706401718 2 33669 3706401761 1 33782
3706756690 2 33694 3706756693 0 12618
3706773320 2 33696 3706773356 1 33786
3714279783 2 33739 3714279816 1 33886
3714569470 2 33753 3714569503 1 33890
3714907308 2 33778 3714907339 1 33895
3715056448 2 33794 3715056483 1 33897
3715268975 2 33815 3715269003 1 33900
3719820711 0 12667 3719820828 1 33961
3719834778 0 12668 3719834897 1 33962
3721009312 0 12676 3721009431 1 33975
3722685385 2 33838 3722685420 1 33998
3722767834 2 33842 3722767865 1 33999
3723070317 2 33864 3723070348 1 34004
3723123164 2 33870 3723123200 1 34005
3723377326 2 33897 3723377360 1 34008
3723677234 2 33926 3723677265 1 34013
3730992397 2 33942 3730992428 1 34111
3731182509 2 33953 3731182537 1 34115
3731530217 1 34121 3731530231 2 33983
3731606158 2 33990 3731606193 1 34122
3731691257 0 12712 3731691343 2 34003
3731898351 2 34022 3731898382 1 34126
3734653723 0 12721 3734653842 1 34163
3739913949 0 12735 3739914031 2 34102
3740052336 0 12736 3740052421 2 34118
3748231837 2 34201 3748231933 0 12765
3798273578 2 34268 3798273687 0 12913
3804581517 0 12928 3804581635 1 34333
3805979814 2 34280 3805979849 1 34347
3806131719 2 34293 3806131751 1 34349
3806223047 2 34302 3806223080 1 34350
3806352060 2 34311 3806352090 1 34351
3806540988 0 12934 3806541072 2 34326
3809574403 0 12941 3809574521 1 34384
3810826067 0 12943 3810826183 1 34397
3814609038 2 34379 3814609068 1 34437
3814922541 2 34412 3814922575 1 34438
3815077462 2 34427 3815077498 1 34439
3815121611 0 12963 3815121696 2 34435
3815446328 2 34444 3815446358 1 34444
3817255015 0 12968 3817255134 1 34466
3822678395 2 34446 3822678431 1 34540
3822793530 2 34452 3822793560 1 34542
3822918681 2 34460 3822918714 1 34544
3823192839 0 12990 3823192922 2 34482
3823581290 2 34524 3823581324 1 34552
3823797752 0 12991 3823797866 1 34555
3823814125 2 34546 3823814159 1 34556
3830975929 2 34553 3830975958 1 34654
3831374112 2 34577 3831374258 1 34657
3831381858 2 34578 3831381885 1 34658
3831491813 2 34588 3831491844 1 34659
3831638946 2 34602 3831639002 1 34660
3831975574 2 34641 3831975605 1 34667
3832058576 2 34645 3832058609 1 34668
3839114370 0 13033 3839114490 1 34769
3839507554 2 34667 3839507587 1 34773
3839834242 2 34700 3839834273 1 34778
3839904545 2 34705 3839904581 1 34779
3840009291 2 34717 3840009321 1 34781
3840213323 2 34741 3840213358 1 34784
3840227541 0 13036 3840227624 2 34742 3840227656 1 34785
3847765388 2 34773 3847765422 1 34883
3847859174 0 13066 3847859261 2 34779
3848043600 0 13067 3848043683 2 34800
3848052272 2 34802 3848052305 1 34888
3848146305 2 34813 3848146339 1 34889
3848307554 2 34826 3848307587 1 34890
3848324643 2 34828 3848324676 1 34891
3848445975 2 34836 3848446007 1 34893
3848448154 2 34837 3848448189 1 34894
3848590739 2 34858 3848590770 1 34896
3848753194 2 34867 3848753228 1 34899
3856050071 2 34884 3856050104 1 34996
3856139582 2 34891 3856139615 1 34998
3856360798 2 34908 3856360827 1 35001
3856508785 2 34918 3856508816 1 35004
3856651294 2 34930 3856651326 1 35006
3856668008 2 34932 3856668041 1 35007
3856777728 2 34946 3856777760 1 35008
3864499697 2 34995 3864499730 1 35111
3864536938 2 34998 3864536972 1 35112
3864665681 2 35008 3864665715 1 35114
3864793830 0 13125 3864793911 2 35016 3864793946 1 35116
3865021753 2 35031 3865021784 1 35119
3865308037 2 35069 3865308068 1 35124
3871038218 0 13140 3871038338 1 35203
3872879528 2 35099 3872879551 1 35229
3872930274 2 35104 3872930306 1 35230
3873056346 2 35113 3873056381 1 35231
3873105308 2 35118 3873105339 1 35232
3873245899 2 35126 3873245932 1 35233
3873248176 2 35127 3873248207 1 35234
3873384526 2 35144 3873384560 1 35235
3873695698 0 13148 3873695782 2 35173
3873702296 0 13149 3873702378 2 35174
3881164096 2 35200 3881164128 1 35342
3881271739 0 13177 3881271825 2 35203
3881341092 2 35207 3881341126 1 35344
3881680256 2 35241 3881680290 1 35349
3881696551 2 35243 3881696683 0 13179
3881755878 0 13180 3881755961 2 35247
3881791185 0 13181 3881791271 2 35250
3884997257 0 13192 3884997373 1 35395
3889147535 2 35279 3889147570 1 35450
3889509885 2 35300 3889509918 1 35455
3890079841 2 35342 3890079874 1 35464
3890213118 2 35350 3890213151 1 35465
3890364867 2 35363 3890364897 1 35466
3890452333 2 35368 3890452371 1 35468
3893427094 0 13221 3893427214 1 35508
3897789336 2 35388 3897789367 1 35570
3897795946 2 35389 3897795974 1 35571
3897869720 0 13231 3897869785 2 35396
3897959699 2 35403 3897959733 1 35573
3898216680 2 35429 3898216714 1 35577
3898611464 2 35464 3898611498 1 35579
3898707604 2 35473 3898707636 1 35581
3901004068 0 13244 3901004185 1 35611
3905726433 2 35480 3905726466 1 35672
3905850354 2 35482 3905850388 1 35674
3905932312 2 35488 3905932349 1 35676
3906022473 2 35490 3906022506 1 35677
3906238762 0 13265 3906238847 2 35498
3906298812 2 35500 3906298948 1 35682
3906518928 2 35519 3906518960 1 35684
3906556610 2 35524 3906556644 1 35685
3906751812 0 13269 3906751898 2 35543
3906876172 2 35560 3906876212 1 35686
3907013956 2 35581 3907013987 1 35687
3907171516 0 13271 3907171633 1 35689
3909287098 0 13281 3909287214 1 35718
3914067272 2 35596 3914067307 1 35785
3914073691 2 35597 3914073702 0 13293
3914639444 2 35619 3914639473 1 35793
3914734735 2 35624 3914734768 1 35795
3914992738 2 35645 3914992771 1 35797
3915156520 2 35663 3915156554 1 35799
3915255223 0 13298 3915255306 2 35674
3915318411 2 35681 3915318444 1 35802
3918081362 0 13312 3918081484 1 35837
3922704795 2 35708 3922704826 1 35900
3922713256 0 13329 3922713342 2 35709
3922997721 2 35726 3922997754 1 35902
3923007774 2 35728 3923007814 1 35903
3923304815 2 35758 3923304841 1 35907
3923591545 2 35789 3923591580 1 35911
3923620453 2 35795 3923620577 1 35912
3931450602 0 13367 3931450686 2 35840
3981134369 2 35941 3981134403 1 35948
3981148274 2 35942 3981148307 1 35949
3988279533 0 13567 3988279652 1 36023
3989472911 0 13573 3989472996 2 35971
3989626317 2 35978 3989626347 1 36036
3989640991 0 13574 3989641075 2 35979
3989899773 0 13576 3989899857 2 36002
3998102200 2 36082 3998102234 1 36123
3998444859 2 36120 3998444891 1 36126
4000533086 0 13598 4000533202 1 36149
4006461076 0 13617 4006461165 2 36156
4006543318 2 36165 4006543350 1 36209
4006759338 2 36188 4006759380 1 36212
4006828381 2 36195 4006828416 1 36213
4006997326 2 36213 4006997360 1 36215
4014369341 2 36226 4014369376 1 36317
4014611595 0 13632 4014611681 2 36238
4014633431 2 36240 4014633461 1 36322
4014946948 2 36269 4014946978 1 36326
4015153570 2 36288 4015153603 1 36329
4015205165 2 36293 4015205202 1 36330
4015423338 2 36308 4015423370 1 36332
4015450186 2 36310 4015450220 1 36333
4015464790 2 36312 4015464813 1 36334
4015478065 0 13635 4015478147 2 36313
4022848197 2 36333 4022848229 1 36429
4023079384 1 36433 4023079427 2 36353
4023233316 2 36372 4023233348 1 36435
4023361696 2 36381 4023361731 1 36437
4023383727 0 13670 4023383813 2 36383
4023575084 2 36407 4023575117 1 36440
4030779422 2 36432 4030779456 1 36536
4031145640 2 36449 4031145777 1 36541
4031215127 2 36452 4031215158 1 36542
4031303773 2 36459 4031303809 1 36544
4031815102 2 36500 4031815135 1 36550
4032084849 2 36522 4032084884 1 36552
4032156089 2 36528 4032156120 1 36553
4039239458 2 36531 4039239492 1 36650
4039583705 2 36547 4039583736 1 36654
4039619619 1 36656 4039619635 2 36549
4039631250 0 13733 4039631335 2 36550
4039766845 2 36558 4039766881 1 36658
4039976010 2 36573 4039976047 1 36661
4040351625 2 36617 4040351657 1 36664
4040454029 2 36625 4040454063 1 36665
4047942205 2 36659 4047942239 1 36771
4048231855 2 36673 4048231889 1 36775
4048307327 0 13762 4048307414 2 36682
4048448820 2 36694 4048448854 1 36776
4048607856 2 36712 4048607889 1 36778
4048835026 0 13766 4048835110 2 36731
4053313891 0 13783 4053314008 1 36841
4056753114 2 36812 4056753146 1 36886
4056878272 2 36828 4056878304 1 36889
4057067621 1 36892 4057067742 2 36849
4060855375 1 36944 4060855397 0 13807
4064457359 2 36870 4064457380 1 36993
4064795824 2 36889 4064795856 1 36997
4064987807 2 36902 4064987839 1 37000
4065259308 2 36931 4065259343 1 37004
4065311183 2 36938 4065311214 1 37005
4065397263 2 36944 4065397293 1 37006
4067777344 0 13826 4067777463 1 37042
4073130203 2 36993 4073130235 1 37114
4073223480 2 37000 4073223512 1 37115
4073277154 0 13845 4073277238 2 37005
4073318461 2 37012 4073318494 1 37116
4073406328 2 37026 4073406360 1 37118
4073471841 2 37036 4073471873 1 37119
4073534157 2 37045 4073534193 1 37120
4073624407 2 37056 4073624437 1 37121
4073637887 2 37059 4073637924 1 37122
4073717717 2 37068 4073717752 1 37123
4073760587 2 37074 4073760621 1 37124
4081183020 2 37096 4081183052 1 37226
4081332581 2 37104 4081332617 1 37227
4081431200 2 37109 4081431233 1 37229
4081614641 2 37122 4081614672 1 37232
4081670559 2 37127 4081670590 1 37233
4081783401 0 13868 4081783488 2 37138
4081893323 2 37148 4081893358 1 37236
4089535920 2 37183 4089535953 1 37336
4089787865 2 37200 4089787896 1 37340
4089860900 2 37207 4089860936 1 37341
4090028144 2 37220 4090028179 1 37343
4090371469 2 37263 4090371504 1 37349
4090417222 2 37271 4090417254 1 37350
4091626917 0 13902 4091627036 1 37367
4098108941 2 37317 4098108976 1 37449
4098173041 2 37323 4098173074 1 37450
4098269010 2 37330 4098269044 1 37451
4098536974 2 37361 4098537007 1 37454
4098695307 2 37373 4098695342 1 37458
4098877797 2 37382 4098877832 1 37460
4100321502 0 13935 4100321617 1 37478
4106008181 2 37390 4106008215 1 37550
4106051375 1 37551 4106051491 2 37392
4106095868 2 37393 4106095898 1 37552
4106286193 2 37408 4106286227 1 37554
4106678687 1 37558 4106678715 2 37443
4106691611 2 37446 4106691645 1 37559
4106773968 2 37455 4106774003 1 37560
4112475358 0 13987 4112475482 1 37630
4114879244 0 13994 4114879330 2 37547
4173096005 2 37667 4173096038 1 37679
4181138046 2 37696 4181138076 1 37760
4181278584 2 37704 4181278613 1 37762
4181472713 2 37717 4181472744 1 37764
4181691198 0 14214 4181691283 2 37732
4181769499 2 37741 4181769535 1 37766
4181860644 2 37753 4181860680 1 37768
4189678647 2 37794 4189678678 1 37844
4189892523 2 37809 4189892557 1 37847
4190036088 0 14242 4190036172 2 37820
4190465926 0 14244 4190466045 1 37853
4198162511 2 37880 4198162541 1 37937
4198392712 2 37909 4198392745 1 37941
4198552366 2 37923 4198552397 1 37943
4198729054 2 37936 4198729085 1 37946
4198757652 2 37940 4198757684 1 37947
4203987724 1 38015 4203987843 0 14290
4206500640 2 37979 4206500674 1 38048
4206653252 2 37992 4206653284 1 38050
4206700678 2 37998 4206700706 1 38051
4206924238 2 38023 4206924270 1 38054
4214024236 0 14312 4214024385 1 38155
4214746923 0 14313 4214747009 2 38079
4214786174 2 38085 4214786208 1 38165
4214994897 0 14314 4214994982 2 38097
4215178010 0 14315 4215178129 1 38171
4215233980 2 38123 4215234014 1 38172
4215337873 2 38132 4215337905 1 38173
4215486261 2 38144 4215486295 1 38175
4215490306 2 38145 4215490336 1 38176
4218857961 0 14323 4218858074 1 38224
4220531047 0 14327 4220531164 1 38246
4223115859 2 38177 4223115891 1 38280
4223245527 2 38186 4223245559 1 38282
4223296924 2 38190 4223296959 1 38283
4223532959 2 38214 4223533075 1 38286
4223662671 2 38225 4223662704 1 38288
4223797421 0 14331 4223797536 2 38240
4224973434 0 14335 4224973549 1 38306
4231021481 2 38254 4231021514 1 38389
4231372298 2 38268 4231372329 1 38391
4231609530 2 38283 4231609564 1 38392
4231630482 2 38286 4231630510 1 38393
4231979351 2 38329 4231979382 1 38400
4232653272 0 14361 4232653390 1 38411
4239359412 0 14384 4239359531 1 38497
4239532821 2 38359 4239532851 1 38500
4239727635 2 38378 4239727665 1 38501
4239902404 2 38389 4239902435 1 38503
4240027236 2 38399 4240027266 1 38504
4240032849 2 38401 4240032883 1 38505
4240050507 2 38406 4240050540 1 38506
4240112807 2 38416 4240112835 1 38507
4240192396 2 38425 4240192432 1 38508
4240303657 2 38438 4240303692 1 38510
4240363011 2 38446 4240363043 1 38511
4240405111 2 38449 4240405145 1 38512
4247720510 2 38477 4247720544 1 38611
4247750370 0 14412 4247750455 2 38480
4248382073 2 38531 4248382104 1 38617
4248589688 2 38550 4248589720 1 38620
4248822079 2 38577 4248822109 1 38623
4252790498 0 14430 4252790615 1 38676
4252885897 0 14432 4252886012 1 38677
4256306204 2 38597 4256306235 1 38722
4256491097 2 38615 4256491128 1 38723
4256612130 2 38622 4256612164 1 38725
4256690774 2 38633 4256690808 1 38726
4256798712 2 38644 4256798746 1 38728
4256887908 2 38651 4256887940 1 38729
4256979401 0 14444 4256979488 2 38661
4257023164 2 38668 4257023198 1 38732
4257197019 0 14445 4257197105 2 38680
4259298235 0 14452 4259298352 1 38763
4264550875 2 38699 4264550906 1 38833
4264727323 1 38835 4264727436 2 38716
4264904001 1 38837 4264904137 2 38727
4264996437 2 38737 4264996468 1 38838
4265048456 2 38742 4265048489 1 38839
4265194660 2 38753 4265194694 1 38842
4265256341 2 38761 4265256373 1 38843
4265534962 2 38787 4265534997 1 38847
4272394276 0 14494 4272394392 1 38944
4272565066 2 38794 4272565097 1 38946
4273225116 2 38826 4273225149 1 38953
4273277296 2 38834 4273277331 1 38954
4273346165 2 38838 4273346197 1 38955
4273549052 2 38861 4273549083 1 38958
4273691371 2 38879 4273691407 1 38961
4281157210 2 38898 4281157241 1 39062
4281170355 2 38899 4281170385 1 39063
4281493463 2 38919 4281493493 1 39067
4281711001 0 14528 4281711086 2 38942
4281722712 2 38944 4281722747 1 39071
4282179717 2 38979 4282179748 1 39077
4289520999 2 38995 4289521033 1 39171
4289650528 2 39003 4289650558 1 39173
4289862073 2 39019 4289862110 1 39176
4289878161 2 39022 4289878195 1 39177
4290248256 2 39064 4290248289 1 39181
4291513539 0 14570 4291513657 1 39199
