2911906 0 10 2912024 1 38
2959418 2 14 2959448 1 39
3194349 2 31 3194383 1 41
3206039 2 33 3206070 1 42
3278883 2 42 3278915 1 43
3340189 2 44 3340221 1 44
3415974 2 51 3416006 1 45
3610334 2 71 3610367 1 48
3722257 2 80 3722292 1 50
11249435 0 30 11249520 2 107
11616696 0 31 11616779 2 133
12014198 0 33 12014251 2 169
68082275 0 219 68082390 1 160
69351938 1 174 69352001 2 250
69921987 2 288 69922021 1 179
70182937 2 314 70182971 1 182
70284100 2 323 70284131 1 183
70360717 0 230 70360835 1 184
77893038 2 336 77893069 1 261
77994763 2 346 77994793 1 262
78335024 2 362 78335055 1 266
78524096 0 258 78524180 2 376
78583239 2 383 78583276 1 269
78703883 2 400 78703915 1 270
78785924 0 259 78786044 1 271
81325521 0 263 81325636 1 296
86339744 2 433 86339778 1 348
86539434 2 450 86539468 1 350
86789687 2 475 86789719 1 353
86941989 2 496 86942089 1 355
87083463 2 498 87083496 1 356
94878105 0 306 94878190 2 532
95046809 2 546 95046845 1 460
95134822 2 555 95134856 1 461
95356311 2 582 95356346 1 465
95483864 2 594 95483899 1 467
103065863 2 640 103065897 1 563
103312290 0 340 103312377 2 659
103650053 2 681 103650087 1 572
103708064 2 684 103708099 1 573
103798093 0 341 103798176 2 690
103946292 0 344 103946376 2 702
106861931 0 353 106862049 1 616
111672093 0 368 111672180 2 745 111672213 1 680
111756538 2 753 111756574 1 681
111855978 2 762 111856010 1 682
112008799 2 783 112008830 1 685
112092968 2 795 112093002 1 686
112098604 0 369 112098688 2 796
112258566 0 370 112258685 1 688
113768914 0 373 113769032 1 709
119636189 0 397 119636275 2 829
119686289 2 832 119686320 1 785
119889579 2 840 119889609 1 786
120017350 2 847 120017382 1 790
120196536 2 860 120196570 1 793
120457723 2 888 120457757 1 796
127782240 2 921 127782277 1 894
128042925 0 413 128043010 2 936
128090886 2 942 128090917 1 899
128130217 0 414 128130302 2 945
128271312 2 956 128271346 1 901
128496658 2 972 128496689 1 904
128551329 2 978 128551363 1 905
128570398 2 980 128570432 1 906
128782967 2 1007 128783002 1 909
128896659 2 1021 128896692 1 911
128985753 2 1027 128985788 1 912
129026148 2 1029 129026180 1 913
133436852 0 434 133436972 1 969
136178756 1 1003 136178890 2 1036
136408607 1 1006 136408627 2 1055
136474904 2 1060 136474934 1 1007
136518072 2 1062 136518105 1 1008
136670080 2 1073 136670114 1 1009
136677827 2 1074 136677866 1 1010
136804118 2 1089 136804154 1 1012
137079906 2 1122 137080015 1 1016
137171168 2 1131 137171202 1 1018
137211446 2 1138 137211481 1 1019
144949834 2 1185 144949866 1 1122
145084751 2 1197 145084783 1 1125
145135243 2 1202 145135276 1 1126
145278048 2 1217 145278080 1 1128
145318579 2 1222 145318609 1 1129
145409571 2 1236 145409602 1 1130
145536803 2 1249 145536834 1 1131
145658896 2 1258 145658926 1 1133
152811370 2 1266 152811403 1 1226
152836076 0 502 152836192 1 1227
153203177 0 504 153203261 2 1285
153431317 1 1233 153431382 2 1301
153454849 2 1304 153454881 1 1234
153489248 2 1309 153489279 1 1236
153564947 2 1313 153564979 1 1237
153618865 2 1317 153618899 1 1238
153846171 2 1342 153846203 1 1240
153907299 2 1354 153907331 1 1242
161394081 2 1382 161394114 1 1346
161538844 0 521 161538929 2 1393
161658951 2 1403 161658978 1 1350
162015611 2 1436 162015644 1 1355
162141375 2 1449 162141407 1 1356
162270792 2 1464 162270823 1 1359
169664135 2 1480 169664214 1 1454
169732378 2 1484 169732409 1 1455
169985821 2 1503 169985845 1 1458
170214223 0 553 170214306 2 1523
170220390 2 1525 170220422 1 1463
170327913 1 1464 170327956 2 1540
170361500 0 554 170361590 2 1544
170424351 2 1556 170424385 1 1466
170537911 2 1568 170537942 1 1467
170583150 2 1571 170583182 1 1468
177427405 0 584 177427523 1 1554
177798168 2 1584 177798202 1 1558
178088725 2 1605 178088756 1 1560
178563900 2 1656 178563934 1 1566
178704118 2 1673 178704145 1 1568
178722347 2 1676 178722378 1 1569
178956707 2 1691 178956741 1 1571
179517994 0 596 179518113 1 1580
185922483 2 1698 185922514 1 1666
186520676 2 1723 186520706 1 1671
186575522 2 1727 186575555 1 1672
186619775 2 1729 186619805 1 1673
186748117 2 1737 186748149 1 1675
186949062 2 1755 186949094 1 1678
186963282 2 1757 186963311 1 1679
187061745 2 1768 187061847 1 1680
187277390 2 1786 187277423 1 1684
190907444 0 633 190907562 1 1732
194649800 2 1801 194649830 1 1784
194785863 2 1812 194785895 1 1786
194927249 2 1823 194927282 1 1788
195011706 2 1833 195011735 1 1790
195223710 2 1851 195223742 1 1793
195343934 2 1867 195343966 1 1795
196314676 0 644 196314794 1 1808
252924272 0 815 252924358 2 1966
261747778 2 2035 261747813 1 1927
262027601 2 2069 262027630 1 1930
269709928 0 856 269710012 2 2084
270297669 2 2138 270297701 1 2011
272239716 0 870 272239835 1 2030
272717659 0 872 272717778 1 2035
276841518 0 886 276841638 1 2087
278291745 2 2190 278291779 1 2106
278359623 2 2196 278359646 0 893
278373228 2 2197 278373261 1 2107
278426168 0 894 278426252 2 2202
278471001 2 2203 278471035 1 2108
278584237 2 2213 278584271 1 2110
278865236 2 2241 278865265 1 2114
278927956 2 2251 278927990 1 2115
286811731 2 2297 286811765 1 2215
286842796 0 924 286842881 2 2301
287163630 2 2334 287163663 1 2221
287325247 2 2351 287325282 1 2223
294785700 0 956 294785786 2 2375
294789071 2 2376 294789102 1 2319
295010808 2 2388 295010842 1 2322
295078119 2 2394 295078155 1 2323
295235701 2 2412 295235733 1 2325
295435304 2 2431 295435336 1 2328
295487715 2 2434 295487746 1 2329
295715392 2 2453 295715426 1 2332
300707352 0 970 300707470 1 2405
303475409 2 2510 303475453 1 2441
303573627 2 2515 303573660 1 2443
303701432 0 982 303701513 2 2531
303745573 2 2539 303745607 1 2445
303758832 2 2540 303758864 1 2446
303931975 2 2553 303932009 1 2448
309713339 0 997 309713457 1 2529
311393647 2 2581 311393678 1 2551
311952417 2 2626 311952450 1 2559
311964925 2 2627 311964956 1 2560
312052299 0 1003 312052386 2 2638
312124114 2 2642 312124153 1 2562
312213090 2 2654 312213124 1 2563
312876857 0 1007 312876976 1 2570
315663253 0 1014 315663373 1 2610
319168163 2 2667 319168171 1 2656
319943498 2 2692 319943534 1 2665
320037556 2 2700 320037590 1 2666
320103495 2 2708 320103528 1 2667
320195154 2 2719 320195188 1 2669
320648695 0 1030 320648778 2 2751
324539295 0 1044 324539412 1 2727
328165032 2 2778 328165145 1 2776
328335007 2 2791 328335039 1 2777
328438330 2 2801 328438361 1 2780
328782005 2 2836 328782040 1 2785
332826222 0 1068 332826340 1 2841
336669900 1 2893 336670001 2 2882
336943354 2 2907 336943388 1 2897
336970579 2 2912 336970705 1 2898
337038527 0 1085 337038614 2 2922
337081713 2 2928 337081745 1 2900
339574463 0 1095 339574582 1 2933
344695278 2 2975 344695308 1 2999
345053005 0 1117 345053092 2 3001
345076254 2 3003 345076284 1 3004
345290940 2 3026 345290974 1 3008
345350203 2 3034 345350236 1 3009
345406947 2 3040 345406979 1 3010
345613516 2 3050 345613548 1 3013
350453058 0 1128 350453179 1 3079
353134924 2 3080 353134958 1 3113
353314902 2 3098 353314934 1 3116
353654622 2 3130 353654646 1 3120
353935776 2 3160 353935805 1 3123
354031744 2 3167 354031776 1 3124
358747196 0 1162 358747314 1 3186
361394698 2 3187 361394732 1 3217
361459770 2 3192 361459804 1 3218
361510256 2 3196 361510288 1 3219
361715154 0 1176 361715239 2 3213
361749053 2 3217 361749085 1 3222
361864843 2 3228 361864876 1 3224
361941800 0 1178 361941883 2 3236
361953535 2 3238 361953571 1 3225
361955744 2 3239 361955778 1 3226
362205559 2 3260 362205594 1 3228
362318192 2 3267 362318226 1 3231
366586524 0 1189 366586642 1 3287
368645538 0 1194 368645656 1 3315
369323835 1 3325 369323876 0 1198
369913122 2 3300 369913153 1 3329
370047335 0 1203 370047419 2 3307
370175263 2 3318 370175296 1 3332
370294058 2 3337 370294092 1 3333
370413556 2 3352 370413587 1 3335
370676940 2 3375 370676972 1 3338
378231577 2 3404 378231610 1 3437
378455042 2 3425 378455076 1 3441
378571038 2 3433 378571070 1 3442
379018518 2 3489 379018553 1 3448
394689453 0 1291 394689538 2 3613
445008002 2 3700 445008035 1 3577
445020363 2 3701 445020396 1 3578
445241094 2 3715 445241099 1 3580
447135055 0 1459 447135172 1 3598
452842928 0 1481 452843047 1 3657
453215193 2 3748 453215221 1 3661
453386697 2 3757 453386730 1 3663
453835511 2 3787 453835542 1 3666
461403632 0 1513 461403718 2 3816
461598319 2 3825 461598349 1 3744
461633433 0 1516 461633521 2 3827
461774871 0 1517 461774955 2 3843
462016651 2 3867 462016687 1 3748
462148881 2 3883 462148913 1 3749
465779048 0 1529 465779166 1 3786
469503514 2 3898 469503548 1 3830
469578028 2 3900 469578068 1 3831
469803564 2 3912 469803595 1 3834
469998186 0 1540 469998272 2 3925
470074249 2 3932 470074283 1 3839
470287309 2 3948 470287344 1 3842
470471879 0 1541 470471960 2 3967
470506225 2 3973 470506257 1 3843
470684585 2 3987 470684619 1 3845
477765531 2 3992 477765564 1 3936
477985457 2 4000 477985490 1 3940
478197207 2 4016 478197237 1 3943
478225036 0 1565 478225121 2 4018
478429080 2 4031 478429115 1 3947
478522971 2 4038 478523003 1 3948
478766702 2 4069 478766735 1 3951
478892216 2 4078 478892249 1 3952
478970668 2 4084 478970698 1 3954
480858842 0 1575 480858961 1 3979
486642927 2 4127 486642956 1 4059
486675560 0 1595 486675638 2 4129
486813088 2 4141 486813123 1 4061
486925858 2 4153 486925888 1 4063
486965392 2 4158 486965423 1 4064
487314235 2 4181 487314271 1 4067
487437699 2 4189 487437731 1 4069
494480898 2 4194 494480934 1 4168
494734219 2 4205 494734252 1 4172
494770906 2 4208 494770936 1 4173
495012352 2 4224 495012383 1 4176
495190031 2 4239 495190063 1 4179
495613852 2 4288 495613882 1 4182
502925802 2 4306 502925834 1 4283
503029070 2 4313 503029104 1 4284
503064606 2 4314 503064638 1 4285
503387450 2 4334 503387484 1 4288
503407138 2 4335 503407172 1 4290
503504691 2 4343 503504733 0 1647
503593311 2 4353 503593344 1 4292
503663078 2 4366 503663111 1 4293
503765000 2 4380 503765034 1 4294
504079439 0 1650 504079525 2 4416
511850784 2 4463 511850817 1 4404
511959951 2 4475 511960085 1 4405
512021695 2 4486 512021727 1 4406
512105926 2 4494 512105960 1 4407
512216109 2 4512 512216143 1 4409
512461090 2 4531 512461121 1 4413
518007576 0 1693 518007695 1 4494
519559031 2 4537 519559065 1 4513
519729570 0 1701 519729655 2 4543
520208188 2 4576 520208222 1 4519
520231559 0 1704 520231644 2 4578
520247582 2 4581 520247616 1 4520
520338727 0 1705 520338822 2 4590
520450211 2 4597 520450245 1 4522
520477460 0 1706 520477544 2 4601
520703000 0 1707 520703086 2 4626
520806105 2 4632 520806138 1 4525
528510434 2 4682 528510468 1 4628
528839923 2 4709 528839958 1 4634
536686478 2 4764 536686511 1 4739
537013742 2 4793 537013779 1 4744
537129748 0 1770 537129833 2 4805
537286199 2 4822 537286233 1 4747
537316516 2 4825 537316549 1 4748
537436425 2 4832 537436456 1 4750
543998405 0 1790 543998524 1 4842
544743452 2 4847 544743486 1 4852
544912029 0 1793 544912109 2 4863
545130378 2 4882 545130410 1 4857
545140828 0 1796 545140913 2 4885
545489853 2 4923 545489885 1 4861
545682377 2 4938 545682411 1 4864
549351826 0 1809 549351945 1 4914
552999686 2 4950 552999720 1 4959
553131907 0 1826 553131989 2 4959
553214855 2 4967 553214888 1 4962
553267170 0 1828 553267254 2 4972
553307068 2 4978 553307101 1 4963
553359534 0 1829 553359619 2 4984
553749401 2 5025 553749434 1 4967
553985424 2 5047 553985459 1 4973
554082335 2 5057 554082367 1 4974
556557549 0 1840 556557667 1 5005
557363074 0 1843 557363192 1 5016
561247051 2 5062 561247084 1 5066
561325023 2 5065 561325056 1 5067
561491297 2 5074 561491329 1 5070
561705268 0 1860 561705351 2 5091
561796113 2 5098 561796148 1 5074
561923956 2 5109 561923988 1 5075
562295388 2 5164 562295420 1 5080
562467288 2 5177 562467322 1 5082
569825830 2 5190 569825856 1 5183
570181304 2 5211 570181336 1 5189
570230864 2 5217 570230896 1 5190
570239027 0 1885 570239113 2 5219
570511025 2 5252 570511054 1 5193
570825159 2 5273 570825192 1 5198
636362511 2 5394 636362544 1 5320
636453613 2 5399 636453653 1 5321
636571992 2 5405 636572024 1 5322
636743683 2 5422 636743716 1 5324
637043207 2 5449 637043242 1 5326
644670248 2 5480 644670283 1 5405
645185323 2 5515 645185355 1 5410
645336248 2 5534 645336281 1 5412
645431553 2 5543 645431585 1 5413
651847608 0 2161 651847705 1 5477
653114639 2 5566 653114676 1 5491
653165074 0 2163 653165160 2 5570
653364559 0 2164 653364641 2 5583
653546422 2 5597 653546453 1 5494
653831681 2 5632 653831713 1 5497
653873170 0 2169 653873255 2 5637
661226613 2 5647 661226649 1 5593
661430682 0 2190 661430808 1 5596
661554003 2 5666 661554007 1 5597
661983366 2 5693 661983400 1 5600
662215885 0 2194 662215970 2 5724
662233808 0 2195 662233926 1 5603
666571040 0 2204 666571158 1 5664
669991786 2 5779 669991821 1 5709
670141920 2 5794 670141954 1 5711
670520369 2 5824 670520404 1 5714
670657560 2 5833 670657596 1 5715
678186530 2 5856 678186562 1 5821
678320506 2 5866 678320538 1 5823
678741741 0 2242 678741823 2 5892
678889417 2 5915 678889448 1 5828
686752478 2 5969 686752511 1 5935
686915273 0 2273 686915357 2 5983
686989682 2 5988 686989714 1 5937
687010270 2 5989 687010303 1 5938
687080421 0 2274 687080506 2 6000
687097770 2 6003 687097801 1 5939
687223718 2 6018 687223749 1 5941
687488966 0 2276 687489052 2 6044
690208790 0 2287 690208906 1 5980
694575244 2 6047 694575313 0 2303
695219290 2 6082 695219325 1 6047
695538853 2 6128 695538884 1 6052
703060974 2 6176 703061004 1 6153
703266638 2 6188 703266671 1 6156
703715701 2 6222 703715739 1 6162
703800566 2 6233 703800600 1 6163
703807281 0 2329 703807365 2 6234
703874104 2 6242 703874137 1 6164
703967892 2 6253 703967928 1 6165
704039358 2 6258 704039390 1 6166
704078840 2 6264 704078873 1 6167
710412688 0 2355 710412803 1 6250
711278126 2 6278 711278159 1 6262
711584244 0 2361 711584329 2 6298
711725448 0 2362 711725535 2 6309
711755210 0 2363 711755293 2 6312
711819829 2 6318 711819860 1 6268
711992283 2 6333 711992316 1 6270
712073104 0 2364 712073187 2 6339
712360827 2 6368 712360859 1 6275
719931824 2 6399 719931860 1 6379
719938382 2 6400 719938417 1 6380
720039505 2 6406 720039536 1 6382
720224939 2 6421 720224971 1 6385
720346326 2 6431 720346362 1 6387
720468952 2 6448 720468986 1 6388
720643087 1 6391 720643145 2 6467
720796330 2 6477 720796361 1 6393
727808218 0 2413 727808337 1 6491
728219758 0 2414 728219845 2 6501
728353696 2 6508 728353726 1 6494
728725038 2 6540 728725069 1 6499
728731089 2 6541 728731122 1 6500
728918781 2 6559 728918815 1 6503
729006319 2 6573 729006351 1 6504
729082170 2 6581 729082200 1 6505
729112031 2 6582 729112063 1 6506
736584030 2 6608 736584063 1 6606
736705256 2 6616 736705286 1 6607
736825207 0 2440 736825292 2 6624 736825324 1 6610
736891488 1 6611 736891623 2 6628
737117570 2 6653 737117604 1 6613
737372654 2 6675 737372686 1 6618
737505484 0 2442 737505568 2 6686
737528296 2 6687 737528326 1 6620
738831338 0 2446 738831457 1 6635
741143747 0 2460 741143866 1 6666
741687070 0 2463 741687192 1 6672
743959203 0 2472 743959330 1 6703
744997667 0 2474 744997784 1 6716
745005484 2 6704 745005518 1 6717
745019354 2 6705 745019390 1 6718
745212310 2 6714 745212345 1 6720
745246494 2 6717 745246529 1 6721
745309806 2 6724 745309840 1 6722
745434805 0 2476 745434900 2 6740
745627245 2 6762 745627277 1 6726
746417425 1 6736 746417518 0 2480
753380297 0 2508 753380383 2 6811
753897186 0 2513 753897272 2 6852
754508441 0 2516 754508555 1 6843
757763926 0 2528 757764043 1 6884
758373647 0 2532 758373766 1 6893
758977953 0 2534 758978070 1 6901
761682987 2 6888 761683021 1 6940
761708744 2 6890 761708775 1 6941
761837099 2 6899 761837130 1 6942
761970918 2 6913 761970952 1 6944
762072681 2 6921 762072707 1 6946
762220772 2 6943 762220806 1 6948
762315886 0 2544 762315972 2 6951
762329833 2 6953 762329869 1 6950
770119811 0 2568 770119895 2 7001
770342560 0 2570 770342645 2 7019
770349754 0 2571 770349840 2 7021
770791562 0 2573 770791647 2 7067
820072732 2 7119 820072765 1 6977
820449703 2 7123 820449736 1 6981
828443462 2 7165 828443494 1 7063
828445718 2 7166 828445751 1 7064
828673110 2 7185 828673143 1 7066
836526181 2 7219 836526217 1 7146
844182597 0 2831 844182716 1 7224
844995419 2 7324 844995456 1 7233
845257356 2 7343 845257390 1 7236
845339580 0 2835 845339664 2 7352
853305758 2 7407 853305790 1 7341
853390153 2 7414 853390189 1 7342
853817688 2 7453 853817723 1 7347
854190912 2 7483 854190944 1 7354
858310462 0 2881 858310581 1 7412
861571527 2 7505 861571561 1 7456
861969814 0 2895 861969899 2 7537
862262699 0 2896 862262784 2 7573
862347708 2 7586 862347739 1 7466
862487388 2 7599 862487420 1 7467
862501736 2 7600 862501767 1 7468
870031233 0 2912 870031318 2 7625
870183996 2 7636 870184029 1 7579
870191692 0 2913 870191776 2 7637
870821260 2 7697 870821294 1 7588
878043724 2 7712 878043759 1 7691
878289679 2 7725 878289709 1 7694
878324484 2 7727 878324517 1 7695
878354812 2 7731 878354847 1 7696
878399778 2 7733 878399813 1 7697
878435218 2 7734 878435252 1 7698
878536436 2 7747 878536467 1 7699
878763916 2 7770 878763949 1 7703
878903110 2 7788 878903143 1 7705
879079949 2 7804 879079978 1 7706
879082928 1 7707 879082984 2 7805
879191723 2 7817 879191756 1 7710
884603007 0 2951 884603124 1 7782
886433494 2 7838 886433527 1 7807
887003448 2 7876 887003482 1 7817
887163702 2 7894 887163737 1 7819
887244195 2 7903 887244228 1 7821
887322106 2 7906 887322139 1 7822
888399400 0 2962 888399518 1 7836
891751848 1 7881 891751905 0 2970
895012472 2 7935 895012504 1 7928
895196597 1 7931 895196738 2 7949
895484022 2 7975 895484054 1 7936
895658141 2 8002 895658173 1 7939
895713655 2 8005 895713687 1 7940
903230610 2 8033 903230641 1 8041
903375310 2 8044 903375342 1 8043
903934597 2 8094 903934631 1 8051
904049720 0 3011 904049804 2 8104
911499783 0 3050 911499869 2 8128
911545039 2 8133 911545068 1 8148
911740767 2 8152 911740801 1 8150
911967822 2 8171 911967854 1 8154
911978505 2 8172 911978536 1 8155
912097788 2 8180 912097820 1 8156
912421607 0 3053 912421687 2 8219
913715487 0 3059 913715605 1 8177
919395284 0 3077 919395404 1 8254
919915801 2 8249 919915834 1 8260
920075109 2 8258 920075131 1 8263
920128372 2 8264 920128505 1 8264
920527065 2 8302 920527099 1 8268
920572122 2 8305 920572156 1 8269
920591164 0 3081 920591249 2 8309
920637658 2 8312 920637690 1 8270
920823889 2 8329 920823922 1 8272
923572763 0 3087 923572882 1 8311
928290144 2 8350 928290179 1 8375
928591464 2 8374 928591496 1 8380
928773780 0 3106 928773865 2 8395
928797108 2 8399 928797145 1 8381
928829244 2 8404 928829278 1 8382
929081917 2 8425 929081950 1 8385
929119047 2 8430 929119070 1 8386
929197990 0 3107 929198075 2 8436
929377323 0 3108 929377441 1 8390
929831453 0 3111 929831568 1 8396
936254655 2 8444 936254688 1 8482
936288491 2 8445 936288524 1 8483
936584396 2 8458 936584427 1 8487
936639766 2 8464 936639796 1 8488
936721978 1 8489 936722056 2 8470
936972142 2 8488 936972176 1 8492
936993846 0 3139 936993928 2 8491
937009036 0 3140 937009114 2 8495
942444107 1 8565 942444229 0 3161
944575154 2 8553 944575189 1 8595
945053801 2 8572 945053835 1 8600
945223876 2 8584 945223909 1 8603
945249822 2 8586 945249853 1 8604
945656151 2 8634 945656183 1 8610
945727206 2 8643 945727242 1 8611
953240311 0 3191 953240397 2 8675
1008114264 1 8698 1008114293 0 3356
1012042478 2 8845 1012042514 1 8739
1012079319 2 8848 1012079352 1 8740
1012200858 2 8860 1012200893 1 8741
1012219383 0 3369 1012219465 2 8864
1012354656 2 8884 1012354687 1 8743
1019712141 2 8891 1019712174 1 8818
1020063560 2 8908 1020063592 1 8822
1020515431 0 3392 1020515515 2 8950
1020574464 2 8957 1020574496 1 8828
1028444650 2 8997 1028444684 1 8912
1028618933 2 9005 1028618968 1 8914
1028986432 2 9048 1028986464 1 8920
1028998361 0 3419 1028998447 2 9049
1029109704 0 3422 1029109790 2 9062
1031697585 0 3432 1031697702 1 8955
1036562398 2 9076 1036562432 1 9024
1036858732 2 9091 1036858761 1 9028
1036950311 2 9096 1036950345 1 9030
1036987983 0 3445 1036988067 2 9103
1037015482 2 9105 1037015513 1 9031
1037137710 0 3447 1037137795 2 9116
1037437985 2 9152 1037438017 1 9035
1037586823 2 9165 1037586858 1 9037
1042300589 1 9104 1042300650 0 3459
1044818506 2 9175 1044818539 1 9140
1044944771 0 3468 1044944856 2 9183
1045068013 2 9188 1045068047 1 9143
1045489129 2 9228 1045489164 1 9146
1045569329 2 9235 1045569364 1 9147
1045627492 2 9242 1045627524 1 9148
1045725385 2 9251 1045725420 1 9149
1045835575 2 9263 1045835609 1 9150
1045867044 2 9268 1045867075 1 9151
1049741288 0 3485 1049741406 1 9205
1053009838 2 9277 1053009870 1 9247
1053314040 2 9291 1053314070 1 9251
1053620178 2 9323 1053620210 1 9256
1053933017 2 9349 1053933051 1 9258
1054048092 2 9362 1054048124 1 9259
1054052527 2 9363 1054052558 1 9260
1054167372 2 9375 1054167405 1 9261
1058569667 0 3508 1058569785 1 9327
1061546240 2 9395 1061546270 1 9369
1061653531 2 9402 1061653565 1 9370
1061891603 2 9417 1061891635 1 9374
1062081389 2 9425 1062081426 1 9376
1062199611 2 9433 1062199644 1 9377
1062258320 2 9438 1062258354 1 9378
1062291209 0 3515 1062291293 2 9441
1062440089 2 9458 1062440123 1 9380
1062590804 2 9466 1062590836 1 9382
1070244464 2 9502 1070244497 1 9482
1070847076 2 9561 1070847112 1 9488
1078189590 0 3570 1078189674 2 9577
1078324357 1 9595 1078324382 2 9587
1078419562 2 9590 1078419592 1 9596
1078519789 0 3572 1078519875 2 9599
1078592344 2 9602 1078592376 1 9597
1078606519 0 3573 1078606603 2 9603
1078769499 2 9617 1078769525 1 9599
1078911440 2 9633 1078911471 1 9601
1079167439 2 9659 1079167468 1 9604
1079181637 2 9662 1079181674 1 9605
1080598611 0 3580 1080598729 1 9624
1086597496 2 9674 1086597526 1 9710
1086661597 0 3593 1086661684 2 9680
1086861072 0 3594 1086861159 2 9691
1086933655 2 9698 1086933691 1 9713
1087117892 0 3595 1087117978 2 9711
1087202976 2 9719 1087203008 1 9717
1087312725 2 9729 1087312759 1 9719
1087467509 2 9745 1087467541 1 9720
1087618782 2 9749 1087618815 1 9723
1094885235 0 3614 1094885321 2 9763
1095088562 2 9781 1095088594 1 9829
1095144037 0 3615 1095144123 2 9785
1095234132 2 9789 1095234167 1 9831
1095348260 2 9800 1095348293 1 9833
1095464590 0 3616 1095464708 1 9835
1095616140 2 9834 1095616172 1 9836
1095777252 2 9854 1095777283 1 9839
1096333646 0 3620 1096333763 1 9846
1102077330 1 9922 1102077410 0 3645
1102426095 0 3647 1102426214 1 9927
1103386022 2 9889 1103386049 1 9939
1103460325 2 9892 1103460357 1 9940
1103499619 2 9895 1103499651 1 9941
1103564408 2 9900 1103564440 1 9942
1103782444 2 9919 1103782479 1 9945
1103986589 2 9940 1103986623 1 9948
1104204882 2 9963 1104204917 1 9952
1111310984 2 9973 1111311020 1 10050
1111849331 2 9999 1111849363 1 10058
1111866208 2 10001 1111866240 1 10059
1112142545 2 10029 1112142577 1 10064
1112488388 0 3676 1112488472 2 10076
1119809082 2 10094 1119809116 1 10163
1120262393 2 10123 1120262427 1 10170
1120571249 2 10150 1120571284 1 10175
1120636223 0 3706 1120636309 2 10158
1120670022 2 10162 1120670056 1 10176
1128407270 2 10206 1128407303 1 10278
1128500318 2 10210 1128500349 1 10279
1128632383 2 10222 1128632416 1 10281
1128768121 2 10239 1128768157 1 10284
1128953941 2 10264 1128953972 1 10285
1129106729 2 10285 1129106760 1 10289
1129152774 2 10290 1129152807 1 10290
1133913869 0 3738 1133913934 1 10359
1136995400 0 3742 1136995486 2 10347
1137137724 0 3743 1137137808 2 10358
1145061671 0 3775 1145061756 2 10429
1194046541 0 3949 1194046660 1 10421
1194966060 2 10530 1194966091 1 10430
1195118438 1 10431 1195118481 0 3952
1195338084 2 10559 1195338116 1 10434
1203184123 2 10588 1203184157 1 10515
1203641368 2 10616 1203641399 1 10520
1203751807 2 10628 1203751841 1 10521
1203798770 2 10633 1203798800 1 10522
1203994747 2 10652 1203994781 1 10524
1204057039 2 10660 1204057072 1 10525
1204130530 0 3990 1204130614 2 10666
1206990216 0 4002 1206990334 1 10555
1208928583 0 4007 1208928683 1 10575
1210026950 0 4010 1210027059 1 10586
1211826852 2 10697 1211826875 1 10604
1211857826 2 10700 1211857856 1 10605
1212049935 2 10717 1212049968 1 10607
1214532776 0 4027 1214532892 1 10632
1219703685 2 10758 1219703688 0 4045
1220149748 2 10785 1220149782 1 10694
1220252895 2 10791 1220252929 1 10696
1220316527 0 4050 1220316610 2 10796
1220633471 0 4051 1220633556 2 10828
1220657245 2 10832 1220657278 1 10700
1220788872 2 10843 1220788907 1 10701
1228277248 2 10858 1228277285 1 10808
1228454999 2 10868 1228455032 1 10811
1228656870 0 4071 1228656955 2 10886
1228665811 2 10887 1228665844 1 10813
1228717847 2 10893 1228717880 1 10814
1228864755 2 10907 1228864789 1 10816
1229091088 2 10931 1229091120 1 10819
1234503866 0 4093 1234503984 1 10893
1235635495 0 4099 1235635614 1 10908
1236822180 2 10975 1236822213 1 10923
1236832831 2 10976 1236832864 1 10924
1237021106 2 10994 1237021140 1 10927
1237092927 2 11005 1237092958 1 10928
1237226741 2 11021 1237226776 1 10930
1237466969 2 11044 1237466999 1 10934
1237632681 2 11059 1237632712 1 10936
1242228704 0 4119 1242228840 1 10999
1244984335 2 11070 1244984370 1 11038
1245060283 2 11075 1245060313 1 11039
1245153775 0 4125 1245153860 2 11084
1245206320 2 11087 1245206345 1 11042
1245317672 2 11096 1245317705 1 11043
1245400661 2 11104 1245400693 1 11044
1245557016 2 11119 1245557047 1 11046
1245570398 2 11121 1245570537 1 11047
1245730785 2 11143 1245730817 1 11050
1245811554 2 11154 1245811586 1 11051
1245982840 0 4126 1245982924 2 11171
1250866372 0 4142 1250866492 1 11120
1253092996 2 11180 1253093096 0 4148
1253327171 2 11189 1253327201 1 11151
1253480700 2 11197 1253480731 1 11153
1253657613 0 4153 1253657699 2 11207
1253704959 2 11209 1253704984 1 11156
1254044427 2 11241 1254044456 1 11161
1254249576 2 11257 1254249609 1 11164
1256053662 0 4162 1256053780 1 11188
1256131503 1 11189 1256131534 0 4163
1261613107 2 11274 1261613142 1 11262
1261684258 2 11281 1261684294 1 11264
1261840849 0 4179 1261840935 2 11292
1261912493 2 11298 1261912524 1 11267
1262104793 2 11314 1262104827 1 11270
1262300153 0 4181 1262300272 1 11272
1262337948 1 11273 1262338045 2 11342
1262550919 2 11371 1262550953 1 11276
1269420532 0 4205 1269420651 1 11367
1270238239 2 11415 1270238273 1 11378
1270552566 2 11444 1270552596 1 11383
1270580022 2 11448 1270580031 1 11384
1270664763 2 11456 1270664799 1 11385
1270720027 2 11461 1270720061 1 11386
1275274931 0 4226 1275275046 1 11444
1277888912 1 11481 1277888966 2 11482
1278243879 2 11495 1278243915 1 11485
1278349235 2 11499 1278349269 1 11487
1278488205 2 11511 1278488238 1 11489
1278650421 2 11528 1278650455 1 11491
1278870444 2 11552 1278870475 1 11495
1285032960 0 4250 1285033076 1 11582
1286573693 2 11626 1286573722 1 11603
1286580338 2 11628 1286580371 1 11604
1286772355 2 11641 1286772389 0 4253
1286796841 2 11642 1286796874 1 11608
1287192980 0 4255 1287193066 2 11681
1287382703 2 11705 1287382737 1 11616
1287530746 0 4257 1287530831 2 11721
1287624650 2 11728 1287624681 1 11619
1294636903 0 4281 1294637022 1 11714
1294855074 0 4282 1294855164 2 11744
1295414387 2 11780 1295414420 1 11726
1295652803 2 11806 1295652836 1 11730
1295750575 2 11828 1295750608 1 11732
1297994232 0 4289 1297994349 1 11762
1302995302 2 11857 1302995335 1 11833
1303385182 2 11869 1303385215 1 11839
1303478951 2 11879 1303478981 1 11840
1303493504 0 4304 1303493590 2 11881
1303577590 2 11885 1303577623 1 11842
1303721416 2 11893 1303721453 1 11844
1303771462 0 4306 1303771548 2 11900
1303978241 1 11847 1303978352 2 11920
1304193453 2 11939 1304193486 1 11849
1310068182 1 11932 1310068225 0 4325
1311188342 2 11952 1311188375 1 11945
1312009464 2 11987 1312009495 1 11959
1312143105 2 12000 1312143140 1 11961
1312608280 2 12048 1312608314 1 11967
1312630266 2 12050 1312630298 1 11968
1320058911 2 12071 1320058943 1 12068
1320558790 2 12114 1320558823 1 12074
1320666971 2 12122 1320667006 1 12076
1320836536 2 12135 1320836567 1 12077
1321035818 2 12145 1321035849 1 12081
1328765704 0 4380 1328765788 2 12194
1378304800 0 4535 1378304862 1 12114
1378374546 2 12242 1378374576 1 12115
1378530222 0 4537 1378530308 2 12252
1378618392 2 12257 1378618427 1 12117
1378629861 2 12258 1378629894 1 12118
1386789847 2 12286 1386789879 1 12202
1387066803 2 12302 1387066834 1 12204
1387169182 2 12316 1387169216 1 12205
1395557190 2 12414 1395557223 1 12292
1395851984 0 4597 1395852069 2 12437
1403423731 2 12453 1403423765 1 12388
1403502628 2 12463 1403502659 1 12389
1403849726 2 12497 1403849755 1 12394
1403912326 2 12506 1403912356 1 12395
1404082651 2 12532 1404082683 1 12397
1408953840 0 4644 1408953958 1 12463
1411814264 2 12560 1411814296 1 12499
1412047682 2 12573 1412047714 1 12504
1412380693 0 4656 1412380812 1 12509
1412547464 2 12635 1412547497 1 12511
1417012230 0 4667 1417012346 1 12571
1419925944 0 4673 1419926030 2 12657
1420008129 2 12661 1420008162 1 12611
1420114895 2 12666 1420114926 1 12613
1420288233 2 12678 1420288265 1 12616
1420346391 2 12684 1420346420 1 12617
1420462368 2 12697 1420462400 1 12618
1420611157 2 12709 1420611191 1 12619
1420614988 2 12710 1420615020 1 12620
1420661449 2 12715 1420661485 1 12621
1420864959 1 12624 1420865079 2 12732
1428293527 2 12753 1428293561 1 12724
1428418837 2 12758 1428418872 1 12726
1428705627 2 12775 1428705662 1 12731
1428795341 0 4697 1428795424 2 12784
1428806774 2 12785 1428806808 1 12732
1428809603 2 12786 1428809635 1 12733
1428905208 1 12734 1428905308 2 12800
1429206313 2 12836 1429206346 1 12737
1436599587 0 4723 1436599626 2 12860
1436976036 0 4725 1436976122 2 12891
1436991656 2 12892 1436991688 1 12843
1437209588 1 12846 1437209656 2 12905
1437314559 2 12913 1437314589 1 12847
1437366828 0 4727 1437366913 2 12916
1437518179 2 12926 1437518212 1 12850
1437621338 0 4728 1437621454 1 12852
1437950357 1 12857 1437950399 0 4729
1445164405 2 12957 1445164439 1 12949
1445334568 2 12967 1445334602 1 12952
1445427359 2 12974 1445427393 1 12953
1445784571 2 13016 1445784602 1 12959
1445975097 2 13039 1445975131 1 12962
1453750660 2 13079 1453750693 1 13068
1453833029 2 13086 1453833059 1 13069
1454054708 2 13102 1454054736 1 13073
1454116477 2 13107 1454116512 1 13074
1458229977 0 4789 1458230094 1 13131
1459213675 0 4794 1459213790 1 13145
1461571797 2 13134 1461571831 1 13177
1461652823 2 13139 1461652857 1 13178
1461701637 2 13144 1461701667 1 13179
1461880371 2 13160 1461880405 1 13182
1461940374 2 13163 1461940413 1 13183
1462048111 2 13175 1462048146 1 13185
1462156350 2 13186 1462156383 1 13186
1462330908 2 13198 1462330942 1 13189
1462357402 0 4803 1462357487 2 13202
1462567582 2 13228 1462567615 1 13193
1462651916 0 4805 1462652000 2 13235
1462718578 2 13241 1462718611 1 13195
1468306132 0 4826 1468306142 1 13269
1469932099 2 13252 1469932131 1 13292
1469948625 2 13253 1469948657 1 13293
1470131309 2 13258 1470131346 1 13296
1470302394 2 13274 1470302427 1 13298
1470432802 2 13284 1470432834 1 13300
1470497070 2 13291 1470497103 1 13301
1470568908 2 13295 1470568943 1 13302
1470625391 2 13298 1470625515 1 13303
1470793782 2 13309 1470793813 1 13305
1478044873 2 13340 1478044906 1 13408
1478576025 1 13417 1478576031 2 13365
1478798719 2 13387 1478798751 1 13420
1478909572 2 13399 1478909604 1 13421
1478993232 2 13408 1478993263 1 13423
1479092364 2 13423 1479092403 1 13424
1479138118 0 4854 1479138203 2 13426
1484919364 0 4877 1484919480 1 13501
1486601627 2 13462 1486601664 1 13525
1486897930 0 4881 1486898013 2 13482
1486986366 0 4883 1486986449 2 13488
1487135845 0 4884 1487135928 2 13504
1487566881 2 13544 1487566917 1 13537
1487626475 2 13548 1487626508 1 13538
1491829852 0 4895 1491829968 1 13599
1495207031 2 13585 1495207064 1 13646
1495252874 2 13588 1495252910 1 13647
1495489637 2 13606 1495489668 1 13649
1495638607 2 13621 1495638646 1 13651
1495872233 0 4907 1495872316 2 13642
1496075281 2 13663 1496075314 1 13658
1496703560 0 4911 1496703679 1 13667
1501547984 0 4929 1501548103 1 13732
1503129673 2 13669 1503129707 1 13752
1503361919 2 13679 1503361953 1 13756
1503545266 0 4934 1503545348 2 13696 1503545380 1 13759
1503828839 2 13723 1503828873 1 13761
1503913599 1 13762 1503913633 2 13731
1503981362 0 4937 1503981411 2 13737
1504021974 2 13740 1504022009 1 13763
1504089452 2 13748 1504089486 1 13764
1504255603 2 13764 1504255637 1 13766
1561424379 2 13939 1561424412 1 13806
1561811711 2 13952 1561811745 1 13810
1570004771 0 5155 1570004887 1 13894
1570575184 2 14005 1570575219 1 13899
1578192407 2 14052 1578192439 1 13979
1578351840 2 14062 1578351872 1 13980
1578462305 2 14070 1578462337 1 13981
1578750347 2 14092 1578750381 1 13984
1586689270 2 14140 1586689293 1 14066
1586832231 0 5223 1586832327 2 14148 1586832360 1 14067
1586989204 2 14156 1586989235 1 14069
1587195622 2 14176 1587195653 1 14070
1587201794 2 14177 1587201828 1 14071
1591350582 0 5241 1591350700 1 14123
1594835423 2 14223 1594835457 1 14170
1595278376 2 14244 1595278408 1 14175
1595553486 0 5261 1595553572 2 14269
1595698781 2 14280 1595698814 1 14180
1595765526 2 14287 1595765558 1 14181
1595938412 2 14306 1595938444 1 14183
1596138040 2 14319 1596138072 1 14187
1596151522 0 5262 1596151607 2 14321
1603694659 0 5299 1603694776 1 14285
1604074484 0 5300 1604074567 2 14388
1604162238 2 14398 1604162269 1 14292
1611390946 2 14424 1611390980 1 14390
1611735583 2 14434 1611735616 1 14396
1611764917 2 14438 1611764952 1 14397
1612058545 0 5325 1612058632 2 14454 1612058665 1 14402
1612453969 2 14496 1612454001 1 14408
1612813409 0 5327 1612813494 2 14533
1619047975 0 5353 1619048094 1 14495
1620059508 2 14542 1620059539 1 14509
1620268442 0 5359 1620268526 2 14561
1620389841 2 14574 1620389873 1 14513
1620442473 2 14579 1620442504 1 14514
1628289897 2 14646 1628289927 1 14629
1628480624 2 14652 1628480657 1 14631
1628773667 2 14670 1628773701 1 14635
1629066256 2 14698 1629066290 1 14637
1629301731 2 14723 1629301766 1 14640
1629347986 2 14728 1629348017 1 14642
1636467413 2 14735 1636467446 1 14740
1636829751 2 14749 1636829783 1 14746
1636933275 0 5403 1636933360 2 14755
1637142748 2 14773 1637142779 1 14749
1637221963 2 14782 1637221998 1 14750
1637382259 2 14797 1637382292 1 14752
1637443200 2 14803 1637443233 1 14753
1637580783 2 14818 1637580816 1 14756
1637586776 0 5405 1637586861 2 14819
1639486762 0 5413 1639486877 1 14781
1643766047 0 5426 1643766164 1 14840
1645045887 2 14843 1645045919 1 14858
1645409508 2 14865 1645409538 1 14861
1645681939 2 14891 1645681978 1 14866
1645699573 2 14892 1645699607 1 14867
1645995523 2 14929 1645995556 1 14872
1646123606 0 5432 1646123691 2 14937
1651924612 0 5451 1651924731 1 14951
1653100801 2 14941 1653100834 1 14970
1653755810 2 14990 1653755844 1 14976
1653785294 2 14992 1653785325 1 14977
1653963259 2 15008 1653963289 1 14979
1654092256 0 5456 1654092340 2 15019
1654253806 2 15031 1654253835 1 14983
1661427495 2 15051 1661427528 1 15077
1661749283 2 15062 1661749317 1 15083
1661931814 2 15074 1661931847 1 15086
1662112084 1 15087 1662112117 2 15088
1662236214 2 15099 1662236247 1 15088
1662244162 2 15101 1662244196 1 15089
1662350317 2 15113 1662350352 1 15091
1662406389 2 15120 1662406417 1 15092
1662575106 2 15134 1662575139 1 15094
1662684872 2 15142 1662684906 1 15096
1669775510 0 5499 1669775629 1 15197
1670169530 2 15173 1670169561 1 15201
1670229440 2 15179 1670229473 1 15202
1670410695 2 15190 1670410730 1 15205
1670452189 0 5501 1670452274 2 15195
1670487859 2 15198 1670487890 1 15206
1670585158 2 15211 1670585191 1 15207
1670827135 2 15234 1670827169 1 15211
1670831530 0 5503 1670831614 2 15235
1675330280 0 5517 1675330398 1 15273
1678473514 0 5528 1678473599 2 15280
1678678385 2 15290 1678678419 1 15318
1678836260 2 15300 1678836291 1 15320
1679151116 2 15339 1679151151 1 15324
1686859496 2 15396 1686859531 1 15425
1687384119 2 15434 1687384154 1 15430
1687593674 2 15451 1687593706 1 15433
1687733489 0 5557 1687733574 2 15463
1695311021 0 5579 1695311157 2 15490
1753572127 2 15669 1753572161 1 15560
1753660185 2 15674 1753660215 1 15561
1757960918 0 5807 1757961039 1 15606
1761702449 0 5823 1761702534 2 15727
1761843710 0 5824 1761843796 2 15736
1761970399 2 15746 1761970432 1 15647
1762095420 2 15757 1762095439 1 15648
1762234798 2 15769 1762234830 1 15650
1762413207 2 15785 1762413243 1 15652
1762708773 2 15797 1762708807 1 15655
1770354661 2 15816 1770354698 1 15733
1770591877 2 15838 1770591908 1 15736
1770701391 1 15737 1770701483 2 15846
1770775659 2 15849 1770775690 1 15738
1770875802 1 15739 1770875906 2 15860
1778210120 2 15883 1778210153 1 15813
1778345700 0 5888 1778345782 2 15889
1778646732 2 15912 1778646763 1 15818
1778778683 2 15920 1778778716 1 15819
1778908338 2 15928 1778908370 1 15821
1786709513 2 15975 1786709546 1 15927
1786953566 2 15983 1786953597 1 15931
1787070120 2 15993 1787070151 1 15933
1787180534 2 16003 1787180568 1 15935
1787258913 2 16009 1787258944 1 15936
1787583237 2 16045 1787583273 1 15940
1787733666 2 16060 1787733700 1 15942
1787807417 2 16063 1787807447 1 15943
1794793400 2 16070 1794793432 1 16040
1795167104 2 16084 1795167233 1 16045
1795404716 2 16095 1795404750 1 16049
1795865992 2 16140 1795866025 1 16053
1795931977 2 16151 1795932013 1 16054
1803369452 2 16184 1803369485 1 16151
1803547593 2 16189 1803547625 1 16154
1803704547 2 16201 1803704578 1 16155
1803747090 2 16206 1803747121 1 16157
1803984704 2 16229 1803984736 1 16161
1804051411 2 16236 1804051443 1 16162
1804102991 2 16245 1804103025 1 16163
1804231404 2 16256 1804231435 1 16164
1807655468 0 5977 1807655586 1 16211
1811531144 2 16283 1811531178 1 16266
1812043362 2 16313 1812043392 1 16273
1812331971 2 16334 1812332003 1 16277
1812723817 2 16379 1812723848 1 16281
1813942323 0 5999 1813942444 1 16299
1820020220 2 16394 1820020254 1 16382
1820137712 2 16398 1820137740 1 16384
1820266978 2 16407 1820267010 1 16386
1820372641 2 16417 1820372673 1 16387
1820589606 2 16438 1820589638 1 16389
1820822460 2 16457 1820822492 1 16393
1821016187 2 16480 1821016217 1 16396
1828457262 1 16501 1828457352 2 16511
1829085855 2 16567 1829085888 1 16509
1829179242 2 16576 1829179276 1 16511
1829257426 2 16588 1829257458 1 16512
1829374693 2 16599 1829374725 1 16514
1829479505 2 16609 1829479537 1 16515
1832110282 0 6050 1832110400 1 16552
1836435394 2 16613 1836435543 1 16615
1836542102 0 6058 1836542185 2 16617
1837109333 2 16654 1837109366 1 16622
1837247369 0 6063 1837247453 2 16665
1837624345 0 6065 1837624427 2 16700
1837647521 2 16702 1837647552 1 16628
1837668708 2 16704 1837668742 1 16629
1840690611 0 6076 1840690732 1 16670
1844763091 2 16719 1844763124 1 16726
1845379494 0 6094 1845379579 2 16750
1845493597 2 16760 1845493632 1 16735
1845604047 2 16769 1845604168 0 6095
1845614238 2 16772 1845614273 1 16737
1845898648 2 16811 1845898681 1 16741
1845942536 2 16820 1845942570 1 16742
1846105464 2 16837 1846105496 1 16744
1846175206 2 16842 1846175241 1 16746
1853504988 2 16859 1853505018 1 16849
1853651829 2 16869 1853651864 1 16851
1853856859 2 16886 1853856894 1 16853
1854049231 2 16898 1854049267 1 16856
1854309960 2 16926 1854309994 1 16860
1862053788 2 16971 1862053824 1 16965
1862211545 2 16982 1862211579 1 16968
1862271999 2 16989 1862272031 1 16969
1862697927 2 17040 1862697961 1 16976
1862800555 0 6147 1862800592 2 17049
1868587534 0 6160 1868587652 1 17059
1870135818 2 17068 1870135854 1 17082
1870179637 2 17070 1870179671 1 17083
1870257746 2 17075 1870257779 1 17084
1870304860 2 17078 1870304892 1 17085
1870404575 2 17086 1870404607 1 17086
1870537700 2 17093 1870537735 1 17089
1870624279 2 17100 1870624313 1 17090
1870650398 2 17102 1870650432 1 17091
1870889982 2 17122 1870890017 1 17095
1870992569 0 6162 1870992651 2 17133
1871129239 2 17145 1871129270 1 17097
1873749891 0 6166 1873749914 1 17137
1878128868 1 17196 1878128880 2 17149
1878559209 2 17166 1878559238 1 17203
1878667598 2 17174 1878667631 1 17204
1878692637 0 6183 1878692721 2 17175
1878745048 2 17179 1878745079 1 17205
1878917403 2 17192 1878917437 1 17208
1879283036 2 17237 1879283068 1 17211
1879463138 2 17258 1879463170 1 17214
1886887143 0 6212 1886887231 2 17283
1887409674 0 6213 1887409760 2 17331
1940174309 0 6383 1940174428 1 17285
1945203117 2 17417 1945203150 1 17336
1945211864 2 17418 1945211894 1 17337
1945513212 0 6400 1945513297 2 17437
1945566762 2 17439 1945566831 1 17341
1946115776 0 6402 1946115861 2 17488
1953521733 2 17501 1953521764 1 17421
1953715497 2 17515 1953715529 1 17423
1953783268 2 17522 1953783299 1 17424
1954260944 2 17564 1954260978 1 17429
1961508073 1 17515 1961508144 2 17574
1961814037 2 17588 1961814072 1 17518
1962047033 2 17595 1962047064 1 17520
1962201176 2 17601 1962201206 1 17524
1962526915 2 17642 1962526956 1 17529
1962616706 2 17652 1962616766 0 6446
1962662044 2 17659 1962662177 1 17532
1962740998 2 17668 1962741029 1 17533
1964216177 0 6451 1964216295 1 17553
1970258982 2 17696 1970259014 1 17637
1970265144 2 17697 1970265179 1 17638
1970398672 2 17708 1970398708 1 17640
1970441384 2 17712 1970441417 1 17641
1970567591 2 17726 1970567623 1 17643
1970985111 2 17765 1970985145 1 17649
1971188331 2 17777 1971188364 1 17653
1975218305 0 6475 1975218423 1 17711
1977245851 0 6487 1977245969 1 17736
1978284839 2 17782 1978284862 1 17748
1978667656 2 17808 1978667687 1 17753
1978741659 2 17813 1978741692 1 17754
1978914177 2 17826 1978914209 1 17757
1979050160 2 17838 1979050197 1 17759
1979117910 2 17844 1979117944 1 17760
1979221379 2 17858 1979221412 1 17761
1979278339 2 17866 1979278374 1 17763
1979398048 2 17873 1979398064 1 17765
1979489483 2 17880 1979489518 1 17766
1987317273 2 17930 1987317341 1 17872
1987427762 2 17940 1987427795 1 17873
1987454536 2 17943 1987454566 1 17874
1987638680 2 17966 1987638716 1 17879
1987711392 2 17971 1987711424 1 17880
1995069459 2 17986 1995069490 1 17980
1995298095 2 18003 1995298125 1 17983
1995318294 2 18006 1995318328 1 17984
1995569554 0 6541 1995569640 2 18027
1995710710 0 6544 1995710793 2 18037
1995740900 2 18039 1995740936 1 17989
1995754297 2 18042 1995754329 1 17990
1995995855 2 18063 1995995887 1 17992
2003498992 2 18092 2003499030 1 18098
2003562161 2 18096 2003562192 1 18099
2003904879 2 18123 2003904911 1 18104
2004058114 2 18141 2004058146 1 18107
2004245345 2 18163 2004245351 0 6565
2004462007 0 6566 2004462092 2 18188
2011838937 2 18202 2011838969 1 18219
2012074378 2 18214 2012074465 0 6580
2012243646 2 18227 2012243680 1 18225
2012734302 2 18285 2012734335 1 18230
2012774326 2 18288 2012774352 1 18231
2012795068 2 18290 2012795097 1 18232
2013036011 0 6583 2013036126 1 18236
2020318350 2 18316 2020318384 1 18330
2020816348 2 18352 2020816383 1 18337
2021030669 2 18373 2021030702 1 18340
2025193118 0 6633 2025193237 1 18400
2026420114 0 6635 2026420152 1 18417
2028735119 0 6642 2028735205 2 18424
2028806343 2 18429 2028806374 1 18449
2029058457 2 18450 2029058490 1 18452
2029063483 2 18451 2029063517 1 18453
2029202658 0 6643 2029202745 2 18465
2029506354 2 18498 2029506389 1 18459
2030554938 0 6649 2030555054 1 18472
2033224435 0 6660 2033224552 1 18509
2036593839 2 18508 2036593873 1 18554
2036606657 2 18509 2036606690 1 18555
2036760724 2 18512 2036760758 1 18557
2037058088 2 18533 2037058118 1 18558
2037187621 2 18540 2037187634 1 18560
2037303115 2 18551 2037303146 1 18562
2037345042 0 6675 2037345125 2 18555
2037404179 2 18563 2037404216 1 18564
2037740070 2 18593 2037740104 1 18568
2037751810 2 18595 2037751844 1 18569
2037804437 2 18600 2037804469 1 18570
2039998836 0 6684 2039998954 1 18600
2045237171 2 18628 2045237201 1 18673
2045441300 2 18644 2045441333 1 18676
2045457728 2 18645 2045457759 1 18677
2045590511 2 18655 2045590545 1 18678
2045623354 2 18658 2045623388 1 18679
2045712750 2 18666 2045712788 1 18681
2045824836 2 18677 2045824867 1 18682
2046058859 2 18706 2046058889 1 18686
2046069950 0 6699 2046069980 2 18709
2053001853 2 18716 2053001887 1 18776
2054107749 2 18781 2054107782 1 18792
2054210629 2 18793 2054210662 1 18793
2054469812 2 18814 2054469843 1 18797
2054522510 2 18817 2054522542 1 18798
2061934616 2 18834 2061934652 1 18898
2062069823 2 18842 2062069854 1 18899
2062243880 2 18856 2062243917 1 18903
2062346275 2 18868 2062346308 1 18905
2062362061 0 6762 2062362145 2 18870
2062417832 2 18876 2062417865 1 18906
2078777110 0 6810 2078777194 2 19045
2078822434 0 6811 2078822517 2 19048
2118699713 0 6949 2118699832 1 18940
2119070204 0 6951 2119070322 1 18945
2120499364 2 19094 2120499396 1 18959
2121073992 2 19106 2121074028 1 18964
2128306552 1 19039 2128306568 0 6976
2128756000 2 19134 2128756031 1 19044
2129106493 2 19164 2129106530 1 19047
2129590758 2 19194 2129590794 1 19052
2130503363 0 6982 2130503479 1 19062
2132832399 0 6991 2132832520 1 19086
2136976541 2 19219 2136976570 1 19129
2137048372 2 19227 2137048406 1 19130
2137447844 2 19258 2137447882 1 19133
2137557321 2 19271 2137557354 1 19134
2145139751 2 19288 2145139782 1 19222
2145195072 2 19291 2145195103 1 19223
2146189386 2 19374 2146189416 1 19233
2149375141 0 7049 2149375257 1 19275
2153893626 2 19410 2153893658 1 19339
2154053016 2 19424 2154053046 1 19341
2154164333 2 19437 2154164367 1 19344
2154252791 2 19444 2154252825 1 19345
2154313251 2 19450 2154313280 1 19346
2154485706 0 7060 2154485791 2 19466
2157733423 0 7065 2157733543 1 19397
2159001334 0 7071 2159001451 1 19413
2161548143 0 7077 2161548241 1 19449
2161557524 2 19474 2161557557 1 19450
2161818486 2 19483 2161818512 1 19454
2162129994 0 7080 2162130078 2 19502
2162150415 0 7081 2162150499 2 19504
2162182439 2 19508 2162182473 1 19457
2162319079 2 19516 2162319113 1 19459
2162325196 0 7084 2162325280 2 19517
2162659143 0 7087 2162659157 2 19548
2162914143 2 19570 2162914177 1 19466
2166658246 0 7098 2166658364 1 19519
2169977692 2 19575 2169977726 1 19562
2170414723 2 19593 2170414755 1 19567
2170449212 0 7113 2170449295 2 19594
2170466985 2 19595 2170467018 1 19568
2170622392 2 19606 2170622426 1 19570
2170867099 2 19630 2170867134 1 19572
2171251551 2 19671 2171251583 1 19578
2178530255 0 7140 2178530366 1 19678
2178566254 2 19692 2178566285 1 19679
2178764340 2 19707 2178764373 1 19681
2179002314 0 7142 2179002399 2 19722
2179011821 0 7143 2179011906 2 19723
2179051093 2 19726 2179051126 1 19686
2179137245 0 7144 2179137327 2 19732
2179224788 2 19739 2179224820 1 19688
2179310697 2 19747 2179310729 1 19689
2179578944 2 19775 2179578979 1 19692
2186941520 2 19788 2186941551 1 19790
2187086226 2 19797 2187086261 1 19792
2187177321 2 19804 2187177351 1 19793
2187494678 2 19831 2187494709 1 19798
2187537204 2 19835 2187537236 1 19799
2191847663 0 7192 2191847780 1 19859
2195100746 2 19873 2195100777 1 19904
2195533181 2 19908 2195533214 1 19910
2195796063 2 19930 2195796095 1 19915
2195837067 0 7203 2195837152 2 19933
2195884990 2 19937 2195885024 1 19916
2203400644 0 7241 2203400762 1 20013
2203573900 0 7243 2203573985 2 19986
2203582812 0 7244 2203582895 2 19987
2203691034 0 7245 2203691071 2 19996
2203817863 2 20003 2203817894 1 20018
2203912604 2 20011 2203912636 1 20019
2204012383 2 20020 2204012417 1 20020
2204149239 2 20027 2204149273 1 20021
2204186255 2 20030 2204186291 1 20022
2204405980 2 20051 2204406013 1 20023
2204440322 2 20053 2204440356 1 20024
2208422938 0 7261 2208423061 1 20081
2211496629 2 20061 2211496661 1 20122
2211877991 2 20071 2211878026 1 20128
2212050496 2 20082 2212050528 1 20130
2212126661 2 20090 2212126698 1 20131
2212148549 2 20092 2212148581 1 20132
2212339933 2 20104 2212339969 1 20135
2212771517 2 20157 2212771551 1 20140
2219807627 2 20174 2219807660 1 20238
2220403707 2 20200 2220403737 1 20248
2220495327 2 20206 2220495362 1 20249
2220635674 0 7294 2220635760 2 20222
2220714235 2 20232 2220714266 1 20251
2220875273 2 20248 2220875305 1 20253
2221011753 2 20260 2221011789 1 20255
2221115877 1 20256 2221115885 2 20269
2221138815 2 20270 2221138849 1 20257
2221258967 2 20275 2221259001 1 20259
2227661500 0 7321 2227661618 1 20345
2228314487 0 7326 2228314604 1 20354
2228581704 2 20299 2228581734 1 20357
2228669582 2 20304 2228669616 1 20358
2228852177 0 7330 2228852261 2 20313
2228998438 2 20320 2228998472 1 20360
2229084107 2 20327 2229084138 1 20361
2229126013 2 20333 2229126046 1 20362
2229340296 2 20363 2229340329 1 20366
2229398932 2 20368 2229398968 1 20367
2229450720 2 20377 2229450751 1 20368
2229507698 2 20386 2229507732 1 20369
2232423375 0 7343 2232423492 1 20408
2235004751 0 7357 2235004868 1 20442
2236430775 0 7361 2236430843 2 20399
2236847948 2 20412 2236847984 1 20467
2237001458 2 20421 2237001489 1 20468
2237139203 0 7364 2237139326 1 20470
2237313448 2 20439 2237313479 1 20472
2237361704 2 20445 2237361739 1 20473
2237848856 2 20486 2237848891 1 20479
2237867063 2 20487 2237867095 1 20480
2241337885 0 7381 2241338002 1 20528
2245349966 2 20505 2245349999 1 20584
2245439882 2 20511 2245439913 1 20585
2245455664 0 7390 2245455748 2 20514
2245795897 2 20537 2245795928 1 20590
2245836474 2 20544 2245836504 1 20591
2245883876 2 20553 2245883906 1 20592
2246185136 2 20581 2246185168 1 20596
2246327929 2 20590 2246327963 1 20599
2253706830 0 7426 2253706915 2 20609
2253920312 0 7430 2253920396 2 20622
2253971297 0 7431 2253971382 2 20628
2262016652 0 7466 2262016741 2 20698
2262632014 0 7470 2262632099 2 20762
2311774925 2 20785 2311774958 1 20711
2312141680 2 20802 2312141720 1 20715
2312201486 0 7629 2312201568 2 20805
2312279675 2 20813 2312279706 1 20717
2312549035 2 20839 2312549067 1 20720
2312598324 0 7633 2312598411 2 20848
2312652834 2 20854 2312652865 1 20721
2320238925 2 20879 2320238959 1 20797
2320424404 0 7666 2320424490 2 20893
2320579106 2 20901 2320579137 1 20802
2320927081 2 20933 2320927117 1 20806
2328661512 2 20970 2328661544 1 20884
2328954692 2 20991 2328954723 1 20887
2329674130 0 7691 2329674248 1 20893
2330877308 0 7697 2330877428 1 20906
2336874717 2 21038 2336874746 1 20978
2337398738 2 21085 2337398770 1 20984
2337436558 2 21088 2337436592 1 20986
2337646521 2 21108 2337646556 1 20990
2337779979 2 21129 2337780013 1 20991
2340867976 0 7720 2340868094 1 21033
2341847461 0 7722 2341847574 1 21046
2345309541 0 7733 2345309625 2 21147 2345309658 1 21092
2345440069 2 21157 2345440103 1 21094
2345983304 2 21204 2345983336 1 21101
2346247115 0 7735 2346247197 2 21226
2353758200 0 7763 2353758285 2 21247
2353821319 2 21252 2353821352 1 21199
2353927169 0 7765 2353927255 2 21262
2354145480 2 21280 2354145514 1 21203
2354259735 2 21292 2354259767 1 21204
2354515570 0 7766 2354515659 2 21319
2354582010 2 21325 2354582043 1 21210
2361478602 0 7788 2361478720 1 21304
2361540729 2 21335 2361540762 1 21305
2361893700 1 21310 2361893825 2 21345
2362042185 2 21353 2362042220 1 21313
2362079862 0 7789 2362079946 2 21354
2362124629 2 21361 2362124663 1 21314
2362183435 0 7790 2362183521 2 21367
2362261832 2 21370 2362261864 1 21316
2362526902 0 7792 2362526988 2 21397
2362759157 2 21422 2362759203 1 21323
2362837824 2 21431 2362837926 0 7794
2364343969 0 7802 2364344088 1 21343
2364854641 0 7804 2364854760 1 21347
2370095519 0 7821 2370095666 1 21420
2370154613 2 21447 2370154647 1 21421
2370489858 2 21463 2370489892 1 21426
2370667776 2 21473 2370667806 1 21429
2370743690 2 21479 2370743721 1 21430
2370910665 1 21432 2370910797 2 21494
2371215359 2 21526 2371215393 1 21437
2371320779 2 21535 2371320812 1 21438
2378672668 2 21551 2378672698 1 21535
2379035105 2 21578 2379035141 1 21542
2379473768 0 7857 2379473856 2 21623
2386044759 0 7887 2386044878 1 21633
2386789678 1 21643 2386789709 2 21645
2387163175 2 21664 2387163208 1 21648
2387212862 2 21669 2387212898 1 21649
2387323913 1 21650 2387324034 2 21674
2387442297 2 21690 2387442330 1 21653
2387634627 2 21706 2387634659 1 21654
2387739357 2 21718 2387739388 1 21655
2389219280 1 21676 2389219371 0 7899
2395346418 2 21755 2395346449 1 21762
2395479811 2 21770 2395479846 1 21764
2395530585 2 21775 2395530616 1 21765
2395792042 2 21792 2395792074 1 21767
2395823333 0 7921 2395823420 2 21797
2395920362 2 21807 2395920394 1 21768
2396032101 2 21818 2396032135 1 21770
2396098520 0 7922 2396098605 2 21828
2396129102 2 21833 2396129135 1 21772
2396242950 2 21844 2396242981 1 21773
2403571813 2 21863 2403571846 1 21875
2403713136 2 21871 2403713170 1 21876
2403962745 0 7948 2403962831 2 21889
2404133862 2 21911 2404133896 1 21881
2404145237 2 21912 2404145269 1 21882
2404278973 2 21927 2404279008 1 21884
2411842646 2 21959 2411842680 1 21989
2412385651 2 21999 2412385684 1 21996
2412401250 0 7976 2412401336 2 22001
2412425763 0 7977 2412425852 2 22004 2412425887 1 21997
2412540377 2 22015 2412540413 1 21998
2412825454 0 7981 2412825539 2 22053
2412886370 2 22059 2412886403 1 22002
2412998920 2 22067 2412998954 1 22003
2414283909 0 7989 2414284026 1 22019
2418041339 0 8006 2418041457 1 22069
2420366186 2 22091 2420366221 1 22100
2420633947 2 22109 2420633981 1 22104
2420857661 2 22131 2420857693 1 22108
2421010838 2 22145 2421010956 1 22111
2421095731 2 22152 2421095763 1 22112
2421158337 2 22158 2421158438 1 22113
2423024628 0 8020 2423024747 1 22139
2428586870 2 22183 2428586900 1 22216
2428818366 2 22202 2428818397 1 22220
2428904649 2 22212 2428904681 1 22221
2429216140 2 22244 2429216173 1 22225
2429657613 1 22232 2429657718 2 22282
2436601840 2 22289 2436601874 1 22326
2437043851 2 22307 2437043883 1 22333
2437162464 2 22314 2437162498 1 22335
2437512172 2 22340 2437512203 1 22341
2437686340 2 22359 2437686372 1 22343
2437998821 1 22347 2437998930 0 8065
2446281066 0 8084 2446281152 2 22489
2494467330 0 8245 2494467448 1 22368
2495360753 2 22509 2495360785 1 22378
2503559314 2 22542 2503559344 1 22463
2503679104 2 22545 2503679138 1 22464
2503899874 0 8272 2503899958 2 22559
2503935383 0 8273 2503935464 2 22563
2504072396 2 22578 2504072431 1 22468
2511981907 2 22627 2511981939 1 22550
2512138058 2 22636 2512138091 1 22552
2512353045 2 22650 2512353077 1 22553
2512426138 2 22656 2512426173 1 22554
2512544460 2 22666 2512544491 1 22555
2512629204 2 22678 2512629236 1 22556
2520556804 0 8317 2520556886 2 22728
2521120501 2 22771 2521120534 1 22664
2528740098 2 22811 2528740132 1 22768
2528812016 2 22816 2528812041 1 22769
2528816945 0 8341 2528817029 2 22817
2529072837 0 8342 2529072920 2 22839
2529349930 2 22864 2529349958 1 22776
2529504026 2 22886 2529504054 1 22779
2536955771 2 22915 2536955802 1 22882
2537167650 1 22885 2537167686 2 22928
2537323092 2 22935 2537323123 1 22887
2537388049 2 22941 2537388084 1 22888
2537633605 2 22963 2537633637 1 22892
2537703475 0 8369 2537703557 2 22973
2537726014 2 22978 2537726047 1 22893
2537765639 2 22982 2537765673 1 22894
2545122216 2 23009 2545122249 1 22994
2545312457 2 23015 2545312489 1 22997
2545526215 2 23035 2545526247 1 23000
2545641661 2 23045 2545641696 1 23001
2546036294 2 23076 2546036330 1 23005
2546038858 2 23077 2546038890 1 23006
2546045058 2 23078 2546045091 1 23007
2546533584 0 8397 2546533700 1 23014
2550312515 0 8407 2550312632 1 23064
2554035049 2 23135 2554035077 1 23113
2554118422 2 23142 2554118455 1 23115
2554302085 2 23157 2554302120 1 23118
2554373374 2 23166 2554373405 1 23119
2554629537 2 23186 2554629569 1 23123
2554678397 2 23190 2554678430 1 23124
2562170107 2 23214 2562170138 1 23227
2562214829 2 23218 2562214861 1 23228
2562284428 2 23222 2562284458 1 23229
2570413718 2 23296 2570413752 1 23346
2570732234 0 8467 2570732351 1 23351
2578688141 2 23381 2578688171 1 23451
2578696152 0 8508 2578696237 2 23382
2578756689 2 23386 2578756725 1 23452
2578887685 0 8510 2578887770 2 23400
2579000126 2 23412 2579000158 1 23455
2579102603 2 23421 2579102636 1 23456
2579123497 0 8512 2579123616 1 23457
2579687059 0 8516 2579687175 1 23462
2586336484 0 8547 2586336603 1 23546
2586798826 2 23490 2586798860 1 23551
2586802138 2 23491 2586802171 1 23552
2587337940 0 8552 2587338056 1 23559
2587406890 2 23528 2587406924 1 23560
2587679805 2 23549 2587679840 1 23564
2587733517 2 23555 2587733550 1 23565
2587948743 2 23571 2587948863 1 23567
2594639465 0 8574 2594639584 1 23658
2595364749 0 8580 2595364834 2 23592
2595406177 2 23595 2595406212 1 23667
2595409854 2 23596 2595409889 1 23668
2595522530 2 23600 2595522565 1 23669
2595782074 2 23623 2595782108 1 23674
2596162970 2 23669 2596163001 1 23677
2596192378 2 23671 2596192409 1 23678
2599169934 0 8598 2599170054 1 23718
2603468221 2 23695 2603468256 1 23780
2603646204 2 23699 2603646233 1 23782
2603663509 2 23700 2603663540 1 23783
2603731520 0 8607 2603731608 2 23704
2603756930 2 23706 2603756962 1 23784
2604212157 2 23743 2604212225 1 23789
2604349763 2 23759 2604349793 1 23791
2604412809 2 23767 2604412841 1 23792
2604512412 0 8609 2604512532 1 23794
2604587243 0 8610 2604587329 2 23781
2611721718 0 8630 2611721802 2 23795
2612024499 0 8632 2612024584 2 23805
2612121843 0 8633 2612121927 2 23810
2612263844 0 8634 2612263929 2 23822
2612309540 2 23829 2612309570 1 23902
2612534005 2 23846 2612534039 1 23904
2612566589 0 8635 2612566673 2 23850
2612777265 2 23878 2612777299 1 23908
2612839479 2 23883 2612839513 1 23909
2620625957 2 23929 2620625993 1 24017
2620996846 2 23962 2620996881 1 24023
2621131024 2 23969 2621131058 1 24025
2621203753 2 23975 2621203786 1 24026
2621318983 2 23982 2621319014 1 24028
2621399550 2 23984 2621399583 1 24030
2678601575 2 24211 2678601609 1 24074
2678784485 2 24216 2678784517 1 24075
2687089812 2 24242 2687089846 1 24161
2687113751 2 24245 2687113782 1 24162
2687457547 0 8863 2687457630 2 24271
2687556755 0 8864 2687556840 2 24282
2687641820 2 24291 2687641854 1 24166
2687862709 2 24310 2687862741 1 24168
2689358223 0 8871 2689358340 1 24184
2695570952 2 24340 2695570985 1 24247
2695736854 2 24351 2695736888 1 24248
2695758229 2 24354 2695758261 1 24249
2695924408 2 24370 2695924440 1 24250
2696088824 2 24386 2696088855 1 24252
2696167138 2 24394 2696167171 1 24253
2699528652 0 8904 2699528771 1 24288
2702551967 0 8922 2702552087 1 24317
2703660627 2 24413 2703660660 1 24331
2704059430 2 24439 2704059462 1 24335
2704422021 2 24471 2704422051 1 24339
2712080483 2 24504 2712080512 1 24447
2712162808 2 24509 2712162839 1 24449
2712322266 2 24521 2712322301 1 24451
2718294704 0 8974 2718294823 1 24537
2719136490 0 8976 2719136609 1 24547
2720282036 2 24611 2720282071 1 24563
2720292462 0 8978 2720292548 2 24612
2720458235 2 24623 2720458267 1 24566
2720630757 2 24638 2720630792 1 24568
2720841264 2 24659 2720841299 1 24572
2721026551 2 24679 2721026695 1 24574
2721100711 2 24688 2721100746 1 24576
2721323534 2 24704 2721323563 1 24579
2725268843 1 24634 2725268982 0 8991
2728279504 1 24674 2728279537 2 24710
2728555022 2 24716 2728555057 1 24678
2728663449 2 24720 2728663482 1 24681
2729122040 2 24752 2729122074 1 24687
2729229926 2 24760 2729229961 1 24689
2729638901 2 24807 2729638932 1 24695
2733166774 1 24744 2733166781 0 9014
2737079726 1 24799 2737079787 2 24833
2737373747 2 24851 2737373780 1 24803
2737403255 2 24856 2737403287 1 24804
2737738143 2 24894 2737738174 1 24809
2737844256 2 24908 2737844289 1 24811
2745665741 0 9055 2745665825 2 24959
2745806636 1 24919 2745806704 2 24969
2745866083 2 24977 2745866118 1 24920
2746149509 0 9058 2746149598 2 24998
2746228229 2 25005 2746228261 1 24923
2749113187 0 9066 2749113310 1 24965
2749904143 0 9069 2749904258 1 24974
2753893470 2 25044 2753893502 1 25028
2753942042 2 25048 2753942076 1 25029
2754390268 0 9086 2754390352 2 25091
2754450341 2 25096 2754450370 1 25034
2754547473 2 25109 2754547504 1 25036
2754679714 2 25118 2754679745 1 25038
2756530953 0 9091 2756531072 1 25064
2761155322 1 25129 2761155405 0 9106
2762205642 2 25144 2762205677 1 25145
2762307439 2 25153 2762307473 1 25146
2762425173 0 9109 2762425258 2 25159
2762472363 2 25162 2762472397 1 25147
2762634569 2 25178 2762634601 1 25149
2762780206 2 25197 2762780232 1 25152
2762985369 2 25221 2762985402 1 25155
2766234537 0 9123 2766234655 1 25200
2770778383 2 25262 2770778414 1 25260
2770847407 2 25270 2770847439 1 25262
2770953212 2 25282 2770953243 1 25263
2771027693 2 25292 2771027726 1 25265
2771101047 2 25300 2771101080 1 25266
2771179355 2 25305 2771179390 1 25267
2771310241 2 25314 2771310273 1 25269
2771312338 0 9140 2771312422 2 25315
2776611258 0 9161 2776611375 1 25341
2778484311 2 25329 2778484345 1 25369
2778758235 2 25340 2778758269 1 25371
2778826133 0 9165 2778826218 2 25345
2778859884 2 25348 2778859917 1 25372
2778864404 2 25349 2778864434 1 25373
2779088879 2 25365 2779088910 1 25376
2779260553 1 25377 2779260656 2 25385
2779282100 2 25389 2779282133 1 25378
2779361718 2 25399 2779361752 1 25381
2779513924 2 25415 2779513963 0 9166
2787429790 2 25481 2787429821 1 25487
2787494113 2 25487 2787494146 1 25488
2787804840 2 25512 2787804871 1 25493
2795428343 2 25547 2795428373 1 25595
2795461751 0 9234 2795461833 2 25549
2795576173 2 25557 2795576208 1 25596
2795711942 2 25570 2795711974 1 25599
2795810950 0 9235 2795811034 2 25580
2795841748 2 25586 2795841784 1 25601
2795941439 2 25595 2795941473 1 25602
2796327138 2 25634 2796327170 1 25607
2796429381 2 25643 2796429415 1 25610
2803733023 2 25659 2803733055 1 25705
2803825209 2 25666 2803825242 1 25706
2804125097 2 25697 2804125131 1 25711
2804301655 0 9268 2804301737 2 25715
2804336410 2 25718 2804336442 1 25714
2812221209 0 9291 2812221293 2 25781
2812909812 0 9295 2812909895 2 25860
2820616738 0 9315 2820616822 2 25905
2867041655 0 9479 2867041772 1 25804
2870312235 2 25920 2870312266 1 25839
2870881104 2 25966 2870881137 1 25844
2870890483 0 9491 2870890568 2 25968
2871040479 0 9492 2871040562 2 25983
2875854012 1 25895 2875854074 0 9505
2879130600 2 26037 2879130635 1 25929
2879223781 2 26049 2879223811 1 25930
2886427432 0 9534 2886427548 1 26005
2887165655 0 9536 2887165738 2 26092
2887265663 2 26098 2887265698 1 26013
2887428594 2 26111 2887428628 1 26015
2887549219 2 26122 2887549253 1 26016
2887561837 0 9538 2887561853 2 26125
2887594640 0 9539 2887594673 2 26128
2887609777 2 26129 2887609808 1 26017
2887690859 0 9540 2887690983 1 26018
2887789825 2 26153 2887789861 1 26019
2895359798 2 26175 2895359828 1 26115
2895801478 2 26209 2895801525 1 26122
2895953590 2 26223 2895953624 1 26123
2895965873 2 26225 2895965907 1 26124
2896011712 2 26227 2896011748 1 26125
2896099353 0 9572 2896099438 2 26236
2896193859 2 26246 2896193885 1 26126
2896251322 2 26252 2896251356 1 26127
2896321794 2 26258 2896321825 1 26129
2903613862 2 26278 2903613896 1 26230
2903731088 2 26287 2903731119 1 26232
2903832109 2 26296 2903832139 1 26233
2903846910 2 26298 2903846942 1 26234
2903897328 2 26304 2903897362 1 26235
2903971219 2 26310 2903971253 1 26236
2904079739 2 26316 2904079775 1 26237
2904224164 2 26333 2904224196 1 26239
2904382150 0 9598 2904382234 2 26351
2904404043 2 26354 2904404073 1 26242
2904567508 2 26374 2904567539 1 26244
2911715306 0 9633 2911715424 1 26336
2912099963 2 26397 2912099995 1 26342
2912388778 1 26347 2912388835 2 26419
2912613466 0 9638 2912613550 2 26448
2912635436 2 26450 2912635470 1 26350
2913883960 0 9642 2913884078 1 26367
2920357388 0 9667 2920357492 2 26502
2920825437 2 26539 2920825472 1 26459
2921094490 2 26565 2921094522 1 26463
2921357679 0 9669 2921357762 2 26581
2921380630 2 26582 2921380658 1 26468
2922135012 0 9671 2922135130 1 26479
2928669576 2 26591 2928669609 1 26567
2928779990 2 26595 2928780020 1 26568
2928851379 0 9695 2928851469 2 26602
2928968990 2 26612 2928969022 1 26571
2929028661 0 9696 2929028746 2 26616
2929151929 0 9697 2929152013 2 26625
2929197033 2 26630 2929197067 1 26573
2929475199 2 26658 2929475235 1 26576
2929522552 2 26666 2929522585 1 26577
2929634045 2 26681 2929634077 1 26579
2929729300 2 26690 2929729331 1 26580
2937665063 2 26759 2937665099 1 26691
2937861169 2 26779 2937861204 1 26694
2937960193 2 26789 2937960227 1 26695
2938056768 2 26796 2938056802 1 26697
2938124650 0 9724 2938124735 2 26799
2941048930 0 9732 2941049048 1 26738
2945489837 2 26818 2945489870 1 26800
2945609717 2 26829 2945609749 1 26802
2945943677 1 26806 2945943810 0 9746
2945949463 2 26859 2945949495 1 26807
2946073495 2 26869 2946073531 1 26809
2946243646 2 26884 2946243681 1 26810
2948553962 0 9759 2948554077 1 26842
2953550036 2 26914 2953550071 1 26906
2954310085 0 9785 2954310169 2 26970
2954465070 2 26979 2954465101 1 26919
2954507211 2 26983 2954507244 1 26920
2954569559 2 26996 2954569590 1 26921
2954701282 2 27005 2954701315 1 26923
2956715294 0 9793 2956715413 1 26950
2958017329 0 9801 2958017448 1 26965
2961980556 2 27025 2961980586 1 27021
2962099951 2 27031 2962099987 1 27022
2962204273 2 27039 2962204307 1 27023
2962333643 2 27043 2962333675 1 27025
2962354365 2 27044 2962354398 1 27026
2962892837 2 27100 2962892870 1 27034
2970535776 2 27134 2970535808 1 27137
2970575265 2 27138 2970575298 1 27138
2970767104 2 27155 2970767136 1 27140
2971096102 0 9843 2971096185 2 27190
2971123564 2 27194 2971123596 1 27147
2971222902 2 27205 2971222935 1 27148
2971226170 0 9845 2971226254 2 27206
2971401353 2 27224 2971401382 1 27150
2976528317 0 9865 2976528435 1 27218
2978306884 2 27228 2978306917 1 27243
2979115305 2 27261 2979115336 1 27254
2979177448 2 27263 2979177484 1 27255
2979266559 2 27269 2979266593 1 27256
2979448425 2 27278 2979448460 1 27259
2979518745 2 27284 2979518776 1 27260
2987264518 2 27327 2987264550 1 27366
2987280031 2 27330 2987280064 1 27367
2987430946 2 27349 2987430977 1 27369
2987699582 2 27373 2987699612 1 27373
2987878361 1 27374 2987878439 2 27393
2987892453 2 27397 2987892485 1 27375
2988023419 2 27411 2988023454 1 27377
2988094584 2 27416 2988094615 1 27378
2995402573 2 27433 2995402606 1 27482
2995470383 2 27437 2995470422 1 27483
2995736879 0 9925 2995736963 2 27452
2995978339 0 9927 2995978426 2 27473
3004147483 0 9949 3004147569 2 27573
3053147880 0 10119 3053147999 1 27518
3053622641 2 27629 3053622674 1 27524
3053811965 2 27637 3053812002 1 27526
3054042655 2 27653 3054042776 0 10125
3054132016 2 27657 3054132050 1 27530
3054206986 0 10126 3054207072 2 27667
3054243874 2 27668 3054243907 1 27531
3062314934 2 27698 3062314965 1 27613
3062611327 2 27728 3062611359 1 27615
3062620614 2 27729 3062620648 1 27616
3062719984 1 27617 3062720110 2 27741
3067925050 0 10172 3067925165 1 27670
3070374645 2 27771 3070374681 1 27696
3070811685 2 27796 3070811721 1 27700
3070814737 2 27797 3070814770 1 27701
3071105920 2 27825 3071105952 1 27703
3071302328 2 27843 3071302374 1 27705
3075671701 1 27751 3075671837 0 10203
3079082863 2 27873 3079082897 1 27792
3079381513 2 27911 3079381551 1 27796
3079540635 0 10211 3079540718 2 27936
3087337408 2 27969 3087337440 1 27905
3087595111 2 27989 3087595142 1 27908
3087597880 2 27990 3087597916 1 27909
3087672586 2 27998 3087672619 1 27910
3087946768 2 28027 3087946800 1 27915
3088113324 2 28039 3088113356 1 27918
3095576676 0 10260 3095576765 2 28064
3095933498 2 28089 3095933531 1 28027
3096362851 2 28141 3096362881 1 28034
3096475718 2 28147 3096475752 1 28035
3104052842 2 28173 3104052874 1 28138
3104493150 2 28210 3104493185 1 28145
3104750548 2 28225 3104750580 1 28148
3104778574 2 28227 3104778602 1 28150
3112143850 0 10313 3112143931 2 28244
3112631859 2 28278 3112631891 1 28258
3112789155 2 28295 3112789187 1 28262
3112846927 2 28302 3112846961 1 28263
3112930037 2 28315 3112930072 1 28264
3113029298 2 28323 3113029331 1 28265
3113033807 2 28324 3113033840 1 28266
3117915016 0 10325 3117915139 1 28336
3120082162 2 28332 3120082198 1 28363
3120400450 2 28336 3120400482 1 28368
3120518687 2 28338 3120518716 1 28370
3120612631 2 28347 3120612665 1 28371
3120631720 2 28349 3120631742 1 28372
3121165758 2 28388 3121165792 1 28381
3121233437 2 28399 3121233470 1 28382
3121443845 2 28414 3121443875 1 28384
3128809153 2 28430 3128809186 1 28486
3128900172 2 28439 3128900203 1 28489
3129013913 0 10361 3129013999 2 28448
3129068595 2 28451 3129068629 1 28490
3129100071 2 28456 3129100103 1 28491
3129262758 2 28476 3129262790 1 28493
3129663471 2 28510 3129663505 1 28498
3129770816 2 28513 3129770848 1 28499
3129778473 2 28514 3129778506 1 28500
3137053104 2 28527 3137053140 1 28604
3137167765 0 10380 3137167850 2 28537
3137242842 2 28544 3137242875 1 28607
3137400133 2 28558 3137400168 1 28609
3137577499 2 28568 3137577535 1 28612
3137858800 2 28592 3137858832 1 28615
3137937417 2 28601 3137937455 1 28616
3138059069 2 28610 3138059099 1 28618
3143182648 0 10400 3143182765 1 28688
3145257959 2 28619 3145257997 1 28717
3145775457 2 28643 3145775490 1 28722
3145801714 2 28644 3145801746 1 28723
3146113021 2 28674 3146113052 1 28727
3148444088 0 10417 3148444208 1 28762
3149732285 0 10427 3149732403 1 28777
3153637401 2 28722 3153637432 1 28829
3154074727 2 28741 3154074761 1 28835
3154257614 2 28759 3154257647 1 28838
3154309828 2 28764 3154309862 1 28839
3154380777 2 28775 3154380809 1 28840
3154476647 2 28782 3154476679 1 28841
3154653595 2 28800 3154653628 1 28844
3154670504 0 10443 3154670590 2 28803
3154826079 2 28813 3154826113 1 28846
3160465724 0 10462 3160465844 1 28924
3162409931 2 28847 3162409961 1 28950
3162458848 0 10470 3162458932 2 28851
3162464655 2 28852 3162464687 1 28951
3162522068 0 10471 3162522152 2 28857
3162592265 2 28864 3162592297 1 28953
3162687035 2 28871 3162687069 1 28954
3162797654 2 28883 3162797689 1 28955
3162935309 2 28900 3162935342 1 28957
3163020915 2 28909 3163020955 1 28959
3164065428 0 10475 3164065546 1 28972
3170427669 2 28936 3170427701 1 29060
3170567048 2 28947 3170567078 1 29062
3170666902 2 28957 3170666930 1 29064
3170732157 2 28960 3170732190 1 29065
3170822248 2 28970 3170822281 1 29066
3170880323 2 28975 3170880351 1 29067
3171081866 2 28996 3171081901 1 29071
3171132863 2 29004 3171132895 1 29072
3171211659 2 29012 3171211696 1 29073
3171264560 2 29022 3171264594 1 29074
3171398761 2 29034 3171398794 1 29076
3171443507 2 29037 3171443594 1 29077
3173836987 0 10502 3173837107 1 29109
3175439230 0 10512 3175439349 1 29129
3178703085 2 29046 3178703118 1 29175
3178764129 2 29050 3178764161 1 29176
3178892387 2 29058 3178892415 1 29178
3179276671 2 29093 3179276705 1 29183
3179345430 2 29097 3179345465 1 29185
3179386816 0 10521 3179386900 2 29105
3179529214 2 29129 3179529246 1 29187
3179568581 2 29135 3179568681 1 29188
3187260405 0 10540 3187260491 2 29192
3187646208 0 10541 3187646292 2 29225
3187841212 0 10542 3187841296 2 29246
3195429037 0 10565 3195429122 2 29285
3195746889 0 10567 3195746974 2 29310
3237394875 2 29365 3237394909 1 29229
3237637109 0 10708 3237637194 2 29374
3245235533 2 29381 3245235566 1 29311
3245675477 0 10729 3245675563 2 29400
3245779383 2 29408 3245779418 1 29316
3246231257 2 29455 3246231289 1 29321
3253852968 2 29473 3253853002 1 29399
3253948725 2 29478 3253948756 1 29400
3254142831 0 10759 3254142915 2 29490
3254249934 2 29499 3254249966 1 29403
3254408735 2 29516 3254408763 1 29405
3254629731 2 29538 3254629765 1 29408
3261958880 0 10778 3261959029 2 29555
3261966883 2 29556 3261966915 1 29500
3262161989 2 29561 3262162022 1 29503
3262350193 0 10780 3262350277 2 29578
3262386160 0 10781 3262386246 2 29582
3262398305 2 29584 3262398338 1 29505
3262581076 0 10782 3262581157 2 29597
3262645612 2 29603 3262645643 1 29509
3262761150 2 29619 3262761182 1 29511
3263090369 0 10784 3263090453 2 29653
3267708300 0 10804 3267708418 1 29576
3270461602 2 29664 3270461638 1 29613
3270716591 2 29687 3270716626 1 29617
3270955896 2 29704 3270955930 1 29621
3271049849 2 29716 3271049883 1 29622
3271145631 2 29732 3271145663 1 29624
3271294059 0 10818 3271294143 2 29749
3271302520 2 29751 3271302551 1 29626
3271409957 2 29762 3271409988 1 29627
3278747963 0 10840 3278748081 1 29730
3279011995 2 29794 3279012030 1 29733
3279345059 2 29827 3279345091 1 29738
3279571954 2 29858 3279571986 1 29740
3279662460 2 29869 3279662495 1 29741
3279788929 2 29880 3279788959 1 29743
3279877619 2 29882 3279877652 1 29744
3286968617 2 29889 3286968652 1 29845
3287047521 2 29892 3287047555 1 29846
3287164892 2 29898 3287164922 1 29848
3287388402 2 29919 3287388437 1 29851
3287490024 2 29927 3287490058 1 29853
3287976698 2 29982 3287976729 1 29859
3293919600 1 29943 3293919684 0 10882
3295172675 2 30000 3295172709 1 29960
3295257297 2 30003 3295257331 1 29962
3295365524 2 30008 3295365564 1 29963
3295570411 2 30017 3295570440 1 29966
3295625086 0 10888 3295625176 2 30026
3296013770 0 10889 3296013854 2 30061 3296013889 1 29971
3296374433 2 30100 3296374463 1 29975
3299736007 0 10899 3299736124 1 30024
3304061679 2 30136 3304061710 1 30082
3304154873 2 30143 3304154899 1 30083
3304236349 2 30151 3304236385 1 30084
3304458635 2 30173 3304458666 1 30088
3304713236 2 30193 3304713270 1 30091
3306714839 0 10923 3306714958 1 30118
3307863389 0 10930 3307863508 1 30131
3312327145 2 30232 3312327175 1 30191
3312501151 2 30245 3312501190 1 30193
3312595289 2 30253 3312595324 1 30195
3312722866 2 30264 3312722901 1 30196
3313127521 2 30313 3313127555 1 30202
3315056307 0 10955 3315056425 1 30230
3317696864 0 10965 3317696978 1 30265
3319595764 0 10976 3319595883 1 30291
3320424832 2 30329 3320424860 1 30299
3320731331 2 30344 3320731362 1 30304
3320893162 2 30362 3320893191 1 30306
3320947896 2 30368 3320947928 1 30307
3321027004 1 30308 3321027068 2 30372
3321240787 0 10982 3321240872 2 30392
3321309957 2 30400 3321309990 1 30312
3321452043 2 30415 3321452076 1 30314
3328448521 1 30408 3328448587 2 30422
3328964924 2 30443 3328964955 1 30413
3329016562 2 30447 3329016597 1 30414
3329134415 0 11016 3329134500 2 30456
3329305516 2 30467 3329305548 1 30417
3329422543 2 30477 3329422570 1 30420
3329572949 2 30492 3329572981 1 30423
3329719097 2 30514 3329719129 1 30425
3329749415 2 30517 3329749446 1 30426
3336874248 2 30529 3336874284 1 30524
3337034888 2 30533 3337034921 1 30528
3337178806 2 30540 3337178839 1 30529
3337354474 2 30554 3337354505 1 30532
3337486512 2 30559 3337486547 1 30535
3337918623 2 30605 3337918659 1 30542
3338036460 0 11041 3338036543 2 30615
3338108157 2 30620 3338108191 1 30544
3345649153 2 30652 3345649187 1 30644
3345761491 2 30662 3345761526 1 30645
3345954283 2 30679 3345954316 1 30648
3346019213 2 30682 3346019248 1 30649
3346121449 2 30698 3346121484 1 30651
3346424275 0 11075 3346424361 2 30732
3346558124 2 30741 3346558154 1 30655
3348279403 0 11081 3348279517 1 30679
3353497315 2 30744 3353497350 1 30749
3354035529 2 30765 3354035562 1 30757
3354165195 0 11104 3354165280 2 30776
3354197052 2 30777 3354197083 1 30760
3354243632 0 11105 3354243716 2 30780
3354302927 2 30787 3354302957 1 30761
3354596337 2 30823 3354596365 1 30764
3354770913 2 30844 3354770947 1 30767
3362222529 2 30862 3362222565 1 30869
3362475955 2 30882 3362475986 1 30873
3362778330 2 30912 3362778362 1 30876
3362844911 2 30924 3362844941 1 30878
3363045422 0 11134 3363045506 2 30948
3422923056 0 11348 3422923175 1 30948
3429166116 2 31116 3429166141 1 31012
3429426131 2 31142 3429426166 1 31015
3429514326 2 31153 3429514358 1 31016
3430212176 0 11375 3430212292 1 31022
3436931750 2 31167 3436931785 1 31092
3437228378 2 31176 3437228412 1 31095
3437756182 2 31220 3437756213 1 31101
3437870903 2 31234 3437870935 1 31102
3438048368 2 31246 3438048404 1 31104
3445896685 2 31287 3445896716 1 31185
3446003521 1 31186 3446003600 2 31298
3446122525 2 31314 3446122560 1 31187
3450881783 0 11446 3450881900 1 31249
3453797924 0 11459 3453798008 2 31344
3454264321 2 31374 3454264355 1 31294
3454377702 2 31384 3454377731 1 31296
3454760323 0 11461 3454760408 2 31419
3462173426 2 31442 3462173459 1 31403
3462245226 2 31446 3462245260 1 31404
3462573399 2 31470 3462573433 1 31409
3462644788 2 31473 3462644820 1 31411
3470539468 2 31566 3470539499 1 31517
3470561237 2 31570 3470561266 1 31518
3470697811 2 31580 3470697842 1 31519
3471069528 2 31612 3471069562 1 31523
3471314560 0 11522 3471314646 2 31641
3471396883 2 31648 3471396915 1 31527
3478882465 2 31681 3478882497 1 31632
3479062098 2 31698 3479062134 1 31633
3479171616 2 31704 3479171645 1 31635
3479266643 2 31712 3479266663 1 31636
3479289010 2 31714 3479289041 1 31637
3479436619 2 31728 3479436652 1 31639
3479653782 2 31747 3479653836 1 31642
3479882110 2 31766 3479882139 1 31645
3482810250 0 11557 3482810366 1 31687
3483270293 0 11558 3483270410 1 31692
3487324591 2 31788 3487324626 1 31748
3487494260 0 11573 3487494346 2 31803
3487588331 2 31810 3487588363 1 31752
3487746101 2 31824 3487746133 1 31754
3487903938 2 31839 3487903974 1 31756
3488069596 2 31856 3488069632 1 31758
3488143103 2 31863 3488143138 1 31760
3488179167 2 31866 3488179199 1 31761
3488223042 2 31869 3488223107 0 11575
3488282238 2 31871 3488282268 1 31763
3495766189 2 31897 3495766224 1 31866
3495918250 2 31912 3495918283 1 31869
3496021465 0 11597 3496021549 2 31920
3496086438 2 31928 3496086471 1 31872
3496312369 2 31955 3496312400 1 31875
3496532632 2 31973 3496532660 1 31878
3496608300 2 31979 3496608332 1 31879
3503852547 2 31994 3503852578 1 31981
3504353081 0 11620 3504353166 2 32029
3504393002 2 32031 3504393033 1 31989
3504467394 2 32040 3504467424 1 31990
3504778027 0 11623 3504778114 2 32072
3504822137 0 11624 3504822221 2 32075
3510581028 0 11635 3510581147 1 32077
3510716946 0 11636 3510717066 1 32079
3512270924 0 11642 3512271012 2 32102
3512366683 2 32109 3512366716 1 32101
3512546131 2 32124 3512546219 1 32104
3512976986 2 32169 3512977018 1 32109
3515244395 0 11651 3515244511 1 32141
3519810668 0 11661 3519810787 1 32206
3520569750 2 32209 3520569813 1 32217
3520573631 2 32210 3520573666 1 32218
3520694570 2 32220 3520694600 1 32220
3520749574 2 32224 3520749606 1 32221
3520838921 0 11664 3520839008 2 32231
3521009601 2 32239 3521009635 1 32224
3521154965 2 32251 3521154998 1 32226
3521414786 2 32278 3521414821 1 32228
3521417116 2 32279 3521417147 1 32229
3521489234 1 32230 3521489256 2 32290
3521534716 0 11665 3521534801 2 32295
3521544172 2 32297 3521544205 1 32231
3521594355 0 11666 3521594440 2 32301
3523717101 0 11674 3523717223 1 32261
3525003430 0 11683 3525003527 1 32276
3529050505 2 32324 3529050539 1 32334
3529151460 2 32329 3529151494 1 32335
3529164669 2 32331 3529164704 1 32336
3529431886 2 32357 3529431918 1 32339
3529584659 2 32374 3529584690 1 32341
3529761681 2 32390 3529761712 1 32344
3529853995 2 32395 3529854026 1 32345
3537549281 0 11719 3537549365 2 32439
3537771265 2 32456 3537771296 1 32454
3537992178 2 32477 3537992198 1 32458
3538104455 2 32492 3538104486 1 32460
3538239534 2 32499 3538239566 1 32461
3538250633 2 32501 3538250666 1 32462
3539808200 0 11727 3539808320 1 32484
3545597700 0 11746 3545597787 2 32522
3546022041 2 32555 3546022073 1 32568
3546076703 2 32558 3546076734 1 32569
3546238611 2 32577 3546238646 1 32571
3546389856 2 32596 3546389887 1 32574
3546408803 0 11749 3546408886 2 32598
3546454348 2 32604 3546454377 1 32575
3612060936 0 11973 3612061022 2 32763
3612445893 2 32787 3612445924 1 32683
3612613808 0 11974 3612613892 2 32802
3620369667 2 32836 3620369701 1 32765
3620597836 0 11996 3620597920 2 32842
3620639834 2 32846 3620639868 1 32768
3620903096 2 32865 3620903130 1 32769
3620960092 2 32868 3620960126 1 32770
3621314468 2 32904 3621314500 1 32774
3621534976 2 32918 3621535007 1 32776
3628751966 1 32851 3628752011 2 32929
3629041709 0 12023 3629041793 2 32940
3629128940 2 32947 3629128971 1 32854
3629488699 2 32977 3629488731 1 32858
3632808074 0 12032 3632808193 1 32894
3633703300 0 12037 3633703420 1 32907
3637253762 0 12047 3637253877 1 32955
3637301525 2 33016 3637301555 1 32956
3637487209 2 33025 3637487242 1 32958
3637570503 2 33031 3637570534 1 32960
3637844528 2 33057 3637844563 1 32963
3638034859 2 33084 3638034890 1 32966
3638064081 2 33088 3638064112 1 32967
3638101177 0 12050 3638101261 2 33091
3645638272 2 33121 3645638304 1 33072
3645734012 2 33128 3645734150 0 12072
3645894629 2 33136 3645894660 1 33076
3646101354 2 33161 3646101386 1 33079
3646366023 2 33189 3646366055 1 33083
3646588220 2 33206 3646588251 1 33086
3648644753 0 12082 3648644868 1 33114
3653943627 2 33222 3653943662 1 33183
3653977717 2 33225 3653977753 1 33184
3654121911 2 33235 3654121945 1 33185
3654142195 0 12108 3654142278 2 33237
3654170701 2 33241 3654170735 1 33187
3654402393 0 12109 3654402477 2 33253
3654551898 2 33266 3654551932 1 33192
3654880276 2 33306 3654880311 1 33196
3659753698 0 12128 3659753815 1 33264
3661817085 0 12133 3661817203 1 33292
3662286106 2 33331 3662286138 1 33298
3662682898 2 33362 3662682938 1 33304
3662908295 2 33383 3662908325 1 33306
3662953888 2 33390 3662953920 1 33307
3662966869 2 33393 3662966903 1 33308
3669121733 0 12160 3669121852 1 33391
3670514247 0 12163 3670514368 1 33411
3670782723 1 33415 3670782867 2 33455
3670799594 2 33457 3670799628 1 33416
3670866401 2 33459 3670866434 1 33417
3670909682 2 33463 3670909717 1 33418
3670976525 2 33470 3670976557 1 33419
3671051623 2 33479 3671051656 1 33420
3671152299 2 33492 3671152331 1 33422
3671450206 2 33522 3671450237 1 33425
3676302342 0 12176 3676302454 1 33494
3678906348 2 33549 3678906377 1 33530
3679262531 2 33572 3679262563 1 33536
3679441057 2 33590 3679441090 1 33537
3679587132 2 33604 3679587166 1 33538
3679695047 2 33613 3679695084 1 33540
3679752998 2 33622 3679753052 1 33541
3679864041 0 12188 3679864126 2 33640
3679883623 0 12189 3679883741 1 33543
3687317377 2 33667 3687317407 1 33646
3687456088 2 33676 3687456117 1 33648
3687691371 2 33689 3687691405 1 33650
3687730173 2 33692 3687730207 1 33651
3687935455 0 12216 3687935539 2 33707
3688131520 2 33730 3688131557 1 33657
3690450123 0 12228 3690450239 1 33687
3695669378 2 33767 3695669407 1 33760
3696028161 2 33797 3696028187 1 33764
3696129878 2 33809 3696129918 1 33766
3696258060 2 33822 3696258094 1 33768
3696357182 2 33833 3696357216 1 33770
3696411629 2 33841 3696411664 1 33771
3696549068 2 33860 3696549103 1 33773
3696639548 2 33865 3696639582 1 33774
3704119090 2 33890 3704119123 1 33879
3704269653 2 33903 3704269684 1 33882
3704399719 2 33916 3704399751 1 33883
3704599973 2 33934 3704600007 1 33885
3704621010 2 33935 3704621046 1 33886
3704787861 2 33945 3704787895 1 33889
3704803096 2 33948 3704803127 1 33890
3704866597 2 33951 3704866630 1 33891
3704950787 2 33953 3704950820 1 33892
3704988826 2 33955 3704988860 1 33893
3712440220 2 33969 3712440252 1 33997
3712547374 2 33980 3712547405 1 33999
3712679169 2 33989 3712679310 1 34001
3712907212 0 12285 3712907330 1 34004
3712998268 0 12286 3712998351 2 34022
3713209472 2 34050 3713209507 1 34007
3713213733 2 34051 3713213767 1 34008
3713271102 2 34059 3713271136 1 34009
3719347353 0 12306 3719347472 1 34094
3720587905 2 34077 3720587940 1 34109
3720654266 2 34083 3720654298 1 34110
3720744749 2 34085 3720744781 1 34112
3721107792 2 34119 3721107823 1 34117
3721253243 2 34129 3721253277 1 34120
3721592350 2 34161 3721592383 1 34125
3728857791 2 34172 3728857829 1 34228
3728994381 2 34176 3728994413 1 34230
3729076929 2 34182 3729076961 1 34231
3729196609 2 34192 3729196643 1 34233
3729412529 2 34207 3729412563 1 34236
3729602527 2 34222 3729602559 1 34239
3729664745 2 34229 3729664779 1 34240
3732095204 0 12339 3732095321 1 34273
3737622273 0 12359 3737622357 2 34292
3737961463 0 12361 3737961546 2 34323
3738104259 0 12362 3738104344 2 34342
3745592050 2 34366 3745592102 0 12381
3746412274 2 34443 3746412327 0 12383
3795759139 2 34485 3795759171 1 34390
3801563456 0 12584 3801563576 1 34449
3803695661 1 34472 3803695804 2 34544
3804081603 2 34557 3804081631 1 34476
3804383145 0 12595 3804383230 2 34575
3804546659 2 34588 3804546690 1 34480
3804610843 2 34596 3804610878 1 34481
3804734526 2 34610 3804734558 1 34482
3804912408 2 34625 3804912440 1 34484
3812318012 2 34640 3812318045 1 34556
3812381137 0 12625 3812381256 1 34557
3812529124 2 34659 3812529158 1 34558
3812565083 2 34663 3812565118 1 34559
3812651708 2 34670 3812651741 1 34560
3812876459 2 34692 3812876494 1 34562
3812882202 0 12627 3812882284 2 34693
3820529064 2 34717 3820529095 1 34650
3821102090 2 34762 3821102124 1 34658
3821371576 2 34787 3821371608 1 34662
3821425433 2 34792 3821425465 1 34663
3821572045 2 34802 3821572076 1 34665
3827931323 1 34755 3827931461 0 12666
3829119815 2 34822 3829119849 1 34773
3829535359 2 34847 3829535392 1 34777
3829673432 2 34858 3829673462 1 34779
3829758939 2 34869 3829758970 1 34780
3829800782 2 34878 3829800816 1 34781
3837562747 2 34928 3837562777 1 34889
3837768696 2 34943 3837768728 1 34893
3837829575 2 34945 3837829606 1 34894
3837841347 0 12694 3837841432 2 34948
3837889674 2 34952 3837889706 1 34895
3838319668 2 34984 3838319702 1 34901
3845023573 0 12721 3845023691 1 34992
3845172067 0 12722 3845172182 1 34995
3845697842 2 35007 3845697873 1 34999
3846265436 2 35056 3846265471 1 35009
3846539910 2 35084 3846539942 1 35012
3847254140 0 12727 3847254258 1 35023
3849502802 0 12734 3849502921 1 35055
3853865335 2 35100 3853865373 1 35112
3854147123 1 35116 3854147230 2 35119
3854149551 2 35120 3854149588 1 35117
3854243196 0 12749 3854243280 2 35130
3854422498 0 12750 3854422581 2 35143 3854422615 1 35120
3854652711 2 35165 3854652743 1 35123
3854842111 2 35188 3854842143 1 35127
3859063533 0 12765 3859063654 1 35185
3861072607 0 12774 3861072723 1 35212
3862327009 2 35216 3862327034 1 35229
3862576631 0 12777 3862576715 2 35231 3862576749 1 35233
3862777667 2 35250 3862777748 1 35236
3862800380 2 35253 3862800415 1 35237
3863063480 2 35284 3863063512 1 35241
3863117693 2 35291 3863117728 1 35242
3863211251 2 35306 3863211283 1 35243
3863285552 2 35315 3863285586 1 35244
3870823294 2 35352 3870823298 1 35345
3870938761 2 35359 3870938794 1 35347
3871012326 2 35366 3871012361 1 35348
3871352246 2 35399 3871352277 1 35352
3871385820 2 35404 3871385852 1 35353
3871538773 2 35420 3871538802 1 35356
3871558726 0 12809 3871558810 2 35422
3871561689 2 35423 3871561722 1 35357
3872690446 0 12814 3872690566 1 35372
3879119910 2 35455 3879119940 1 35460
3879514347 2 35488 3879514379 1 35466
3879550491 1 35467 3879550564 2 35493
3879655568 2 35509 3879655601 1 35468
3887740147 2 35585 3887740178 1 35578
3887758621 0 12868 3887758707 2 35587
3887977058 2 35604 3887977091 1 35579
3888128296 2 35617 3888128327 1 35581
3888270662 0 12871 3888270747 2 35632
3888370683 0 12872 3888370769 2 35638
3895798042 2 35658 3895798075 1 35687
3895914648 1 35688 3895914771 2 35665
3896047653 2 35676 3896047688 1 35689
3896413695 2 35715 3896413725 1 35693
3896459368 2 35722 3896459400 1 35694
3896535324 0 12903 3896535409 2 35735
3896658171 2 35750 3896658202 1 35697
3898649791 0 12909 3898649911 1 35726
3902409904 0 12920 3902410016 1 35779
3903931001 1 35797 3903931100 2 35767
3904082919 0 12927 3904083006 2 35777
3904272641 2 35788 3904272672 1 35802
3904350660 2 35797 3904350693 1 35803
3904634601 2 35822 3904634631 1 35807
3904742137 2 35833 3904742172 1 35809
3904818820 2 35839 3904818850 1 35810
3904845465 2 35843 3904845500 1 35811
3904923406 2 35848 3904923436 1 35812
3912705300 2 35894 3912705334 1 35919
3913242905 2 35948 3913242935 1 35928
3913337876 2 35955 3913337908 1 35929
3913345223 2 35956 3913345254 1 35930
3913420112 2 35960 3913420146 1 35931
3920439112 1 36029 3920439169 2 35963
3920812401 2 35977 3920812432 1 36035
3920979879 2 35991 3920979911 1 36037
3979091125 0 13170 3979091210 2 36193
3979097966 0 13171 3979098051 2 36194
3979422939 2 36222 3979423057 0 13172
3979433599 2 36223 3979433629 1 36084
3987269367 2 36236 3987269400 1 36164
3987607726 2 36249 3987607757 1 36168
3988021045 2 36282 3988021086 1 36173
3988304303 2 36312 3988304334 1 36174
3994931410 0 13226 3994931533 1 36243
3995721015 0 13227 3995721101 2 36334
3995787661 2 36339 3995787694 1 36252
3995845330 2 36342 3995845364 1 36253
3995876440 2 36344 3995876474 1 36254
3996051472 2 36357 3996051508 1 36256
3996164814 2 36361 3996164844 1 36257
4004054856 2 36421 4004054889 1 36347
4004139479 2 36424 4004139512 1 36348
4004591448 2 36461 4004591479 1 36351
4004657864 2 36468 4004657899 1 36352
4004709900 2 36472 4004709936 1 36353
4004809144 2 36483 4004809177 1 36354
4004834146 2 36484 4004834177 1 36355
4012319468 1 36458 4012319538 2 36509
4012463617 2 36521 4012463651 1 36461
4012582418 0 13279 4012582502 2 36529
4012591209 0 13280 4012591294 2 36530
4012828341 2 36546 4012828381 1 36465
4013013086 2 36560 4013013118 1 36467
4013058683 2 36569 4013058718 1 36468
4013623416 0 13282 4013623533 1 36477
4020767375 2 36621 4020767405 1 36574
4020829054 2 36624 4020829087 1 36575
4021044302 2 36642 4021044338 1 36577
4021634310 2 36696 4021634342 1 36586
4021670713 2 36699 4021670747 1 36587
4029342504 2 36738 4029342537 1 36690
4029556718 2 36759 4029556752 1 36692
4029638949 2 36765 4029638964 1 36694
4029679183 2 36770 4029679218 1 36695
4029776565 2 36784 4029776599 1 36696
4029944476 2 36805 4029944510 1 36697
4029974189 2 36807 4029974222 1 36698
4037571939 2 36848 4037571974 1 36799
4037768514 2 36863 4037768545 1 36802
4037791684 2 36866 4037791714 1 36803
4037850725 2 36873 4037850755 1 36804
4038049490 2 36895 4038049619 1 36807
4038240445 2 36912 4038240478 1 36809
4038254259 2 36914 4038254286 1 36810
4038740810 0 13369 4038740929 1 36819
4044153709 0 13382 4044153828 1 36894
4045728156 2 36945 4045728190 1 36916
4045975046 2 36963 4045975081 1 36920
4046102235 0 13389 4046102318 2 36976
4046251507 2 36989 4046251541 1 36923
4046477138 0 13393 4046477221 2 37016
4046580116 1 36927 4046580260 2 37031
4046639890 2 37040 4046639921 1 36928
4047798501 0 13401 4047798620 1 36942
4048395878 0 13402 4048395984 1 36951
4052615675 0 13415 4052615794 1 37009
4054204059 2 37068 4054204095 1 37030
4054225692 2 37069 4054225723 1 37031
4054349266 2 37073 4054349300 1 37033
4054602134 2 37095 4054602164 1 37037
4054813043 2 37116 4054813074 1 37040
4055022128 2 37128 4055022158 1 37043
4056445653 0 13428 4056445773 1 37061
4058204555 0 13435 4058204674 1 37084
4062291886 2 37141 4062291906 1 37140
4062392438 0 13450 4062392525 2 37149 4062392557 1 37141
4062485821 2 37156 4062485852 1 37142
4062582726 2 37164 4062582761 1 37143
4062711020 2 37175 4062711052 1 37145
4062782034 2 37178 4062782070 1 37147
4062812736 0 13451 4062812819 2 37180
4062889076 2 37187 4062889111 1 37148
4063019992 2 37206 4063020023 1 37150
4063114576 2 37217 4063114608 1 37152
4063128566 0 13452 4063128652 2 37221
4063165411 2 37228 4063165446 1 37153
4063379397 2 37250 4063379428 1 37156
4070790023 2 37266 4070790052 1 37262
4070919832 2 37278 4070919867 1 37265
4070956958 0 13466 4070957044 2 37281 4070957078 1 37266
4071016063 2 37286 4071016095 1 37267
4071209588 0 13468 4071209673 2 37301
4071237846 2 37305 4071237880 1 37269
4071249401 2 37306 4071249432 1 37270
4071307154 0 13469 4071307239 2 37313
4071349518 0 13470 4071349550 2 37320
4071383532 2 37324 4071383564 1 37271
4071435814 2 37333 4071435842 1 37272
4071448111 0 13472 4071448193 2 37335
4071552989 2 37345 4071553023 1 37273
4071750450 2 37358 4071750480 1 37274
4079534380 0 13507 4079534467 2 37399
4079561244 0 13508 4079561329 2 37401
4079907373 2 37431 4079907406 1 37382
4079988518 0 13509 4079988600 2 37440
4080002901 2 37441 4080002933 1 37383
4087495463 0 13540 4087495521 2 37472
4087611944 2 37482 4087611977 1 37486
4087670693 2 37485 4087670724 1 37487
4087795930 2 37495 4087795961 1 37489
4087978454 2 37509 4087978486 1 37490
4088224359 2 37535 4088224395 1 37493
4088917579 0 13545 4088917696 1 37504
4091714735 1 37541 4091714782 0 13555
4095840414 0 13567 4095840500 2 37578
4095956855 2 37589 4095956908 0 13568
4096076062 2 37594 4096076094 1 37602
4096168986 2 37607 4096169018 1 37603
4096614398 2 37656 4096614432 1 37609
4103679065 1 37707 4103679155 2 37671
4104487400 2 37711 4104487431 1 37716
4104528050 2 37715 4104528161 1 37717
4104542609 2 37716 4104542617 1 37718
4104734139 0 13598 4104734225 2 37734
4104822346 2 37745 4104822381 1 37722
4104895593 2 37755 4104895622 1 37723
4105050650 2 37764 4105050686 1 37725
4161231380 0 13773 4161231497 1 37752
4162193777 0 13776 4162193862 2 37894
4171367707 2 37985 4171367739 1 37855
4172396646 0 13808 4172396761 1 37867
4178882708 2 38004 4178882744 1 37932
4179083185 2 38009 4179083217 1 37934
4179555890 2 38044 4179555924 1 37939
4179788989 1 37941 4179789001 0 13828
4179816062 2 38077 4179816098 1 37942
4184992909 0 13840 4184993026 1 38001
4186344617 0 13844 4186344732 1 38020
4187766376 2 38126 4187766408 1 38038
4187834544 2 38129 4187834578 1 38039
4188152574 2 38152 4188152607 1 38044
4188302345 2 38164 4188302377 1 38046
4195746656 2 38184 4195746686 1 38150
4195952010 2 38198 4195952040 1 38153
4195964533 0 13874 4195964619 2 38200
4196119455 2 38218 4196119490 1 38155
4196233914 2 38229 4196233947 1 38157
4196388465 2 38247 4196388497 1 38159
4196516332 2 38262 4196516363 1 38162
4196645187 2 38275 4196645219 1 38163
4197088739 0 13876 4197088858 1 38169
4204082285 2 38300 4204082315 1 38262
4204356602 2 38314 4204356637 1 38268
4204427079 2 38317 4204427110 1 38269
4204519278 0 13905 4204519332 2 38324
4204604996 2 38331 4204605030 1 38272
4204758046 2 38348 4204758079 1 38274
4212382159 2 38389 4212382191 1 38378
4212523156 2 38395 4212523188 1 38381
4212652521 2 38402 4212652552 1 38383
4212737333 2 38406 4212737364 1 38384
4212960010 2 38420 4212960041 1 38388
4213039293 2 38428 4213039326 1 38389
4213131071 2 38438 4213131106 1 38391
4213236267 2 38446 4213236296 1 38392
4215997230 0 13937 4215997346 1 38429
4220717086 0 13951 4220717204 1 38494
4220955454 2 38492 4220955490 1 38497
4221054786 2 38500 4221054820 1 38499
4221182795 2 38507 4221182829 1 38500
4221364816 2 38524 4221364849 1 38504
4221576016 0 13953 4221576102 2 38548
4221653775 0 13954 4221653860 2 38556
4229214943 2 38590 4229214973 1 38609
4229390848 2 38603 4229390878 1 38611
4229485266 0 13986 4229485286 2 38611
4229491658 2 38613 4229491689 1 38612
4229679054 2 38637 4229679085 1 38615
4229886403 2 38670 4229886436 1 38617
4234026517 0 13999 4234026636 1 38676
4236561047 0 14008 4236561166 1 38710
4237156953 2 38690 4237156987 1 38718
4237488077 2 38701 4237488107 1 38722
4237574997 2 38705 4237575028 1 38725
4237716360 2 38717 4237716392 1 38727
4238171417 2 38757 4238171451 1 38731
4238345168 2 38779 4238345201 1 38734
4238404155 2 38786 4238404187 1 38735
4238444262 0 14014 4238444344 2 38791
4245636546 2 38803 4245636580 1 38835
4245812110 2 38816 4245812140 1 38838
4245886591 2 38823 4245886620 1 38839
4246023986 2 38833 4246024018 1 38840
4246162176 0 14037 4246162263 2 38846
4246222722 2 38850 4246222753 1 38842
4246442583 2 38866 4246442618 1 38844
4246479438 2 38870 4246479469 1 38846
4246529966 2 38878 4246530088 1 38847
4246745093 2 38902 4246745123 1 38850
4254422848 2 38941 4254422881 1 38957
4254650248 2 38965 4254650280 1 38961
4254825037 2 38984 4254825074 1 38963
4254828040 0 14060 4254828124 2 38985
4254849981 2 38987 4254850015 1 38964
4254943344 2 38997 4254943379 1 38965
4255059807 2 39014 4255059840 1 38967
4256608915 0 14065 4256609034 1 38989
4262122407 0 14083 4262122527 1 39062
4262163124 2 39022 4262163157 1 39063
4262508165 0 14085 4262508246 2 39040
4262654082 2 39047 4262654116 1 39069
4262760535 2 39053 4262760563 1 39070
4262805850 0 14086 4262805936 2 39057
4262870910 2 39060 4262870944 1 39071
4263040523 2 39084 4263040556 1 39073
4263406262 2 39133 4263406296 1 39079
4263457067 2 39138 4263457098 1 39080
4265211314 1 39103 4265211416 0 14095
4266708562 0 14100 4266708681 1 39125
4267915361 0 14106 4267915481 1 39140
4268866106 0 14110 4268866222 1 39153
4271033047 2 39177 4271033081 1 39182
4271423999 2 39213 4271424029 1 39187
4271485115 2 39222 4271485147 1 39188
4271505265 2 39224 4271505299 1 39189
4271664268 2 39240 4271664314 1 39191
4279205918 2 39269 4279205950 1 39295
4279274472 2 39279 4279274486 1 39296
4279525153 2 39303 4279525185 1 39300
4279622913 2 39317 4279622951 1 39302
4279921910 2 39354 4279921922 1 39307
4279994506 2 39365 4279994537 1 39308
4280141788 0 14144 4280141874 2 39378
4282432790 0 14154 4282432908 1 39340
4287476676 2 39396 4287476708 1 39408
4287638996 2 39408 4287639027 1 39410
4288095647 2 39443 4288095677 1 39417
4288281169 2 39458 4288281202 1 39419
