8218521 2 44 8218556 1 84
8721186 0 27 8721271 2 84 8721304 1 89
8773387 2 91 8773419 1 90
16205103 1 166 16205187 2 117
16656532 2 134 16656563 1 171
16759673 0 49 16759758 2 143
17059729 2 164 17059762 1 175
17831353 0 51 17831468 1 183
25205873 2 229 25205905 1 260
25351980 2 235 25352014 1 263
25639231 2 265 25639265 1 266
25646122 2 267 25646156 1 267
25806836 2 285 25806868 1 268
33006645 0 111 33006761 1 367
33214971 2 298 33215006 1 370
33382111 2 310 33382147 1 372
33561028 2 322 33561062 1 375
33676767 0 113 33676851 2 334
33759243 2 342 33759274 1 378
33769278 0 114 33769362 2 343
33967816 2 370 33967850 1 379
34149176 2 393 34149196 1 381
41666762 0 141 41666847 2 427
42097094 2 462 42097130 1 490
42266380 2 484 42266413 1 493
42292433 2 487 42292463 1 494
44396420 0 146 44396539 1 525
48801216 0 158 48801332 1 587
49670784 2 523 49670817 1 600
49850604 2 533 49850637 1 603
50177411 2 549 50177444 1 606
50232085 2 553 50232118 1 607
50382838 0 161 50382957 1 610
50546848 2 579 50546877 1 612
50598321 2 586 50598354 1 613
50840213 2 605 50840243 1 616
50855386 2 608 50855420 1 617
52992504 0 171 52992622 1 646
56125094 1 689 56125145 0 182
57998053 2 618 57998087 1 714
58647703 2 662 58647736 1 722
58787947 2 676 58787980 1 724
58890345 0 194 58890429 2 685
58961011 2 690 58961043 1 726
59193497 2 710 59193532 1 729
61884159 0 207 61884278 1 765
66253335 2 722 66253370 1 826
66735091 2 737 66735121 1 832
66862232 0 223 66862350 1 834
66972583 2 756 66972618 1 835
67134649 0 225 67134734 2 770
67167030 2 778 67167065 1 838
67439475 2 802 67439510 1 841
71735302 0 239 71735419 1 901
75080342 2 832 75080375 1 947
75211798 2 841 75211831 1 948
75223018 2 842 75223049 1 949
75370997 2 855 75371029 1 951
75466840 2 869 75466872 1 953
75940625 2 931 75940658 1 960
76766660 0 255 76766714 1 970
83352824 2 953 83352855 1 1063
83417734 2 960 83417768 1 1064
83742550 2 989 83742574 1 1069
83906607 0 278 83906693 2 1007
84054083 2 1026 84054113 1 1073
88571579 0 296 88571698 1 1134
91613837 2 1056 91613868 1 1171
91651428 2 1061 91651459 1 1172
91698561 2 1064 91698595 1 1174
91793549 2 1071 91793585 1 1175
91859023 2 1079 91859054 1 1176
91878213 2 1081 91878330 1 1177
92027386 2 1088 92027419 1 1178
92058817 2 1090 92058852 1 1180
92068840 0 312 92068924 2 1092
92125981 2 1098 92126012 1 1181
92332014 0 313 92332097 2 1124
100164250 2 1180 100164284 1 1294
100211972 2 1184 100212004 1 1295
100343510 2 1189 100343542 1 1297
100826146 2 1241 100826177 1 1302
100871665 2 1245 100871693 1 1303
107972173 0 354 107972291 1 1405
108722251 0 355 108722339 2 1289
108759466 2 1292 108759499 1 1415
108912882 2 1309 108912912 1 1417
114116153 0 370 114116270 1 1491
116490048 2 1366 116490076 1 1523
116812449 2 1380 116812484 1 1526
116862597 2 1385 116862631 1 1527
116900766 0 381 116900849 2 1386
117351087 2 1427 117351119 1 1534
117573480 2 1444 117573516 1 1538
123494623 0 397 123494740 1 1620
124825341 2 1458 124825373 1 1642
125076336 2 1480 125076369 1 1645
125241855 2 1490 125241889 1 1647
125304755 2 1491 125304787 1 1649
125458813 2 1506 125458845 1 1651
125552069 0 401 125552154 2 1517
125674614 2 1529 125674648 1 1654
133342439 2 1574 133342528 0 422
183288789 1 1676 183288885 0 594
184188439 2 1706 184188474 1 1686
188717654 0 610 188717774 1 1732
192151692 2 1764 192151727 1 1768
192255626 2 1778 192255660 1 1769
192323112 2 1786 192323145 1 1770
193341867 0 621 193341985 1 1780
198236184 0 641 198236300 1 1830
198303706 0 642 198303712 1 1831
199734035 2 1801 199734069 1 1846
200000814 2 1816 200000845 1 1849
200197590 2 1833 200197621 1 1851
200254739 0 651 200254822 2 1838
207995895 0 681 207996013 1 1931
208270066 2 1888 208270095 1 1934
208468633 2 1903 208468663 1 1936
208776493 2 1929 208776528 1 1940
209004794 2 1956 209004823 1 1942
216720830 2 1988 216720860 1 2049
216959044 0 700 216959127 2 2006
217003461 2 2007 217003491 1 2052
217005523 0 701 217005607 2 2008
217059226 2 2012 217059257 1 2054
217330547 2 2043 217330580 1 2056
217398791 0 705 217398876 2 2052
217439659 2 2058 217439690 1 2057
217547579 2 2068 217547613 1 2058
224190676 0 736 224190781 1 2146
224592647 2 2079 224592682 1 2150
224881542 2 2089 224881577 1 2155
225107367 2 2107 225107398 1 2158
225824818 2 2170 225824851 1 2167
226019278 2 2181 226019312 1 2170
233636149 2 2230 233636183 1 2275
233922027 2 2257 233922061 1 2279
234222131 2 2287 234222165 1 2284
236566164 0 774 236566262 1 2319
238852963 0 778 238853081 1 2350
241925513 2 2318 241925545 1 2391
242104629 2 2330 242104661 1 2393
242346249 2 2362 242346280 1 2396
242471519 2 2380 242471553 1 2398
249978514 2 2419 249978547 1 2501
250900796 2 2497 250900828 1 2513
255993080 0 836 255993199 1 2585
258102166 2 2506 258102199 1 2614
258254450 2 2511 258254490 1 2616
258455512 0 844 258455598 2 2519
258463431 2 2520 258463465 1 2618
258483752 2 2522 258483786 1 2619
258576211 2 2529 258576244 1 2620
258737445 2 2550 258737480 1 2622
258740588 2 2551 258740619 1 2623
259236046 2 2614 259236080 1 2631
265320155 0 871 265320272 1 2710
266459602 2 2628 266459636 1 2725
266523114 2 2634 266523146 1 2726
266591532 0 875 266591616 2 2638
266666161 0 876 266666246 2 2643
266982604 2 2666 266982637 1 2733
267098036 2 2675 267098068 1 2735
267198512 2 2684 267198544 1 2736
267240285 2 2687 267240316 1 2737
267299269 2 2693 267299301 1 2738
267340843 0 877 267340925 2 2697
267369771 2 2699 267369803 1 2739
267467562 2 2710 267467593 1 2740
267591543 2 2718 267591577 1 2742
274591873 0 906 274591991 1 2833
275050648 2 2732 275050683 1 2838
275056038 2 2733 275056064 1 2839
275175138 0 910 275175225 2 2740
275227680 2 2744 275227713 1 2842
275410975 1 2844 275411041 2 2760
275696782 0 911 275696866 2 2796
275899328 2 2827 275899362 1 2852
278060278 0 924 278060396 1 2878
283462882 0 942 283462967 2 2863
283466924 2 2864 283466963 1 2953
283720188 2 2885 283720219 1 2957
283936738 2 2906 283936772 1 2959
287520953 0 952 287521071 1 3010
290895461 0 967 290895580 1 3055
291692239 2 2961 291692269 1 3065
291798295 2 2968 291798321 1 3067
292040119 2 2985 292040151 1 3071
292310110 2 3009 292310161 1 3075
292525988 0 974 292526072 2 3040
299954034 0 1003 299954142 2 3070
300193532 2 3086 300193564 1 3179
300230855 2 3087 300230889 1 3180
300438625 2 3105 300438657 1 3183
300615847 0 1006 300615901 2 3126
300672735 2 3132 300672768 1 3184
300943226 2 3155 300943259 1 3187
308005867 2 3158 308005900 1 3288
308335220 2 3169 308335250 1 3292
308479313 0 1031 308479397 2 3185
308531520 2 3189 308531549 1 3295
308982584 2 3228 308982616 1 3297
308986504 2 3229 308986538 1 3298
309028002 2 3234 309028034 1 3299
309080983 2 3239 309081018 1 3300
309187675 2 3255 309187708 1 3302
309217993 2 3258 309218024 1 3303
310210878 0 1035 310210988 1 3319
310474957 0 1036 310475073 1 3321
313785807 0 1045 313785927 1 3368
374829441 2 3411 374829474 1 3429
374911169 2 3414 374911204 1 3430
375077462 2 3423 375077493 1 3432
375206899 2 3433 375206932 1 3433
375409130 2 3454 375409161 1 3435
382413411 0 1291 382413529 1 3507
383928814 2 3517 383928845 1 3521
383962206 2 3521 383962239 1 3522
384015588 2 3525 384015622 1 3523
384124242 2 3539 384124276 1 3524
391480783 2 3552 391480814 1 3601
391869132 2 3572 391869168 1 3604
392045067 0 1321 392045153 2 3583
392632330 2 3632 392632364 1 3612
400138211 2 3648 400138245 1 3696
400297057 0 1342 400297143 2 3662
400301421 2 3663 400301453 1 3699
400471016 2 3674 400471051 1 3701
400600144 2 3684 400600174 1 3703
400708936 2 3696 400708971 1 3704
405237168 0 1358 405237285 1 3767
408683205 2 3755 408683239 1 3814
408776880 2 3762 408776911 1 3816
408992364 2 3783 408992398 1 3820
409101994 2 3796 409102028 1 3821
409110362 2 3797 409110489 1 3822
409302317 2 3818 409302352 1 3825
409366049 2 3823 409366082 1 3826
416516410 2 3829 416516444 1 3923
416725569 0 1389 416725655 2 3838
416766021 2 3840 416766057 1 3927
416825517 2 3844 416825555 1 3928
416948336 2 3856 416948369 1 3930
417038959 0 1390 417039042 2 3862
417229699 2 3881 417229734 1 3932
417295813 2 3887 417295849 1 3935
417303460 0 1392 417303546 2 3889
417479177 2 3908 417479208 1 3937
417568383 2 3919 417568418 1 3939
424837187 2 3930 424837218 1 4041
425056463 1 4045 425056479 2 3945
425135538 2 3957 425135571 1 4046
425138266 0 1411 425138350 2 3958
425294137 0 1413 425294220 2 3969
425408339 2 3983 425408372 1 4049
425460312 0 1414 425460394 2 3988
425495720 2 3993 425495752 1 4051
425741030 2 4015 425741063 1 4053
425755283 2 4018 425755309 1 4054
425818895 2 4026 425818926 1 4055
425901068 0 1417 425901154 2 4030
433277389 2 4054 433277432 1 4161
433627887 2 4079 433627917 1 4165
433696834 2 4086 433696867 1 4166
433869704 2 4094 433869739 1 4167
433952988 2 4099 433953020 1 4169
434256013 2 4127 434256043 1 4172
434323468 2 4133 434323499 1 4173
441649632 2 4153 441649663 1 4277
441774308 2 4162 441774339 1 4278
441777816 2 4163 441777851 1 4279
441806178 2 4165 441806209 1 4280
441928524 2 4174 441928559 1 4282
441996567 2 4180 441996598 1 4283
442049975 2 4185 442050008 1 4284
442711794 0 1463 442711880 2 4254
449017655 0 1486 449017771 1 4377
449471797 0 1488 449471916 1 4384
449882744 2 4267 449882779 1 4390
450064214 2 4270 450064247 1 4393
450246646 2 4282 450246678 1 4395
450250638 2 4283 450250672 1 4396
450440145 2 4301 450440176 1 4397
450705791 2 4327 450705828 1 4400
450736222 2 4330 450736254 1 4401
450760642 0 1492 450760725 2 4331
450833518 2 4338 450833551 1 4402
458186239 2 4362 458186271 1 4508
458318847 2 4368 458318874 1 4510
458643437 2 4394 458643469 1 4513
458683338 2 4396 458683366 1 4514
458776404 0 1512 458776487 2 4402
459085460 2 4439 459085491 1 4520
459177340 2 4448 459177375 1 4521
459601999 0 1513 459602116 1 4529
466697774 2 4480 466697809 1 4625
466742281 2 4485 466742315 1 4626
466855082 2 4493 466855117 1 4628
466975239 0 1536 466975324 2 4498
467062326 0 1537 467062409 2 4507
467064767 2 4508 467064800 1 4631
467212515 2 4521 467212547 1 4633
467455901 2 4544 467455933 1 4636
467540077 2 4554 467540111 1 4637
467608791 2 4563 467608823 1 4638
474164287 0 1556 474164405 1 4730
474944055 2 4582 474944087 1 4740
475097111 2 4594 475097144 1 4742
475142475 0 1558 475142560 2 4599
475262914 2 4606 475262944 1 4745
475369707 0 1559 475369792 2 4620 475369820 1 4747
475626356 2 4649 475626388 1 4750
475649586 0 1561 475649670 2 4651
475656482 1 4751 475656516 2 4652
475659676 0 1562 475659758 2 4653
475749514 1 4752 475749527 2 4661
475860011 2 4672 475860046 1 4753
476076157 2 4688 476076188 0 1564
483503389 2 4702 483503423 1 4851
483676790 2 4710 483676818 1 4854
483827476 2 4721 483827511 1 4855
483956242 2 4734 483956273 1 4859
484088721 0 1597 484088805 2 4745
484151999 0 1598 484152083 2 4753
491432589 2 4781 491432622 1 4958
491656644 2 4793 491656674 1 4961
491684868 2 4794 491684899 1 4963
492156806 2 4830 492156841 1 4970
492288974 2 4851 492288996 1 4972
492400919 2 4866 492400954 1 4973
492671052 2 4890 492671081 1 4978
496355647 0 1641 496355766 1 5026
497940160 0 1646 497940276 1 5048
500179590 2 4918 500179624 1 5078
500223464 2 4921 500223499 1 5079
500380672 2 4932 500380704 1 5081
500552189 2 4943 500552222 1 5084
500616105 2 4949 500616139 1 5085
500727575 2 4958 500727607 1 5087
500892480 2 4970 500892507 1 5089
501377859 0 1661 501377978 1 5094
566795948 2 5153 566795980 1 5197
566967686 2 5164 566967721 1 5199
567408277 2 5210 567408312 1 5204
567500989 1 5205 567501119 2 5222
572806193 0 1889 572806312 1 5260
575166576 2 5247 575166609 1 5283
575424627 2 5268 575424661 1 5286
575618148 2 5291 575618183 1 5288
576078488 2 5313 576078519 1 5293
582507917 1 5359 582507992 0 1923
583447152 2 5331 583447183 1 5370
583551394 2 5339 583551428 1 5371
583689207 2 5351 583689242 1 5373
584071913 2 5375 584071945 1 5377
584127879 2 5385 584127912 1 5378
584321075 2 5400 584321108 1 5382
592000997 2 5437 592001022 1 5487
592023996 2 5438 592024034 1 5488
592100674 2 5445 592100704 1 5489
592468769 2 5480 592468803 1 5495
592666501 2 5498 592666535 1 5497
592689453 2 5500 592689488 1 5498
593810219 0 1961 593810339 1 5513
598723364 0 1985 598723482 1 5577
599928597 1 5592 599928680 2 5514
600062142 2 5521 600062172 1 5594
600316444 2 5539 600316479 1 5598
600361946 2 5542 600361979 1 5599
600549217 2 5561 600549252 1 5601
600655483 2 5572 600655519 1 5603
600842159 2 5592 600842191 1 5606
600939770 2 5601 600939804 1 5607
600954502 2 5603 600954536 1 5608
608204576 2 5615 608204606 1 5706
608590709 2 5637 608590741 1 5711
608890049 2 5663 608890084 1 5716
609017159 0 2021 609017242 2 5677
609095361 2 5685 609095398 1 5719
609192052 0 2023 609192137 2 5700
616730140 0 2044 616730225 2 5725
616927938 2 5731 616927973 1 5828
616976893 2 5737 616976926 1 5829
617032497 2 5740 617032530 1 5830
617162684 2 5751 617162717 1 5832
617388448 0 2045 617388526 1 5834
617460431 2 5774 617460463 1 5835
617609765 2 5786 617609800 1 5836
617671575 2 5794 617671607 1 5837
624324829 0 2067 624324948 1 5928
624775658 2 5806 624775689 1 5935
625029578 2 5815 625029613 1 5939
625195840 2 5825 625195873 1 5942
625267815 1 5943 625267927 2 5832
625355730 2 5839 625355760 1 5944
625803186 2 5880 625803218 1 5949
626043167 2 5901 626043202 1 5952
633383271 2 5917 633383306 1 6052
633456772 2 5921 633456806 1 6053
634244553 2 5980 634244586 1 6063
634349032 2 5986 634349066 1 6065
641585801 2 6000 641585831 1 6168
641836427 2 6015 641836460 1 6172
642191232 2 6045 642191266 1 6175
642306164 2 6052 642306198 1 6177
642479738 2 6069 642479769 1 6179
642856572 2 6099 642856608 1 6186
650456865 2 6139 650456896 1 6285
650666817 2 6166 650666849 1 6289
650706097 2 6172 650706130 1 6290
650796093 2 6184 650796125 1 6291
650827993 0 2152 650828078 2 6188
651102133 2 6204 651102166 1 6296
656323642 0 2168 656323760 1 6369
658655535 0 2179 658655619 2 6236
658688142 2 6238 658688175 1 6398
658932163 2 6262 658932197 1 6401
659058306 2 6278 659058338 1 6403
659289954 2 6311 659289987 1 6407
659390092 2 6319 659390123 1 6408
659437927 2 6321 659437951 1 6409
666883486 2 6343 666883518 1 6512
667093476 2 6354 667093507 1 6515
667419288 2 6384 667419319 1 6520
667577073 2 6403 667577105 1 6523
667683253 2 6414 667683284 1 6524
675252309 2 6446 675252342 1 6628
675362811 2 6453 675362846 1 6629
675409279 2 6457 675409309 1 6630
675755234 2 6490 675755267 1 6636
675941010 2 6514 675941045 1 6639
681396534 0 2245 681396653 1 6713
682943522 0 2251 682943638 1 6734
683505879 2 6546 683505912 1 6741
683695263 2 6562 683695297 1 6744
683754196 2 6566 683754227 1 6745
683920692 2 6581 683920723 1 6748
684186379 2 6606 684186414 1 6751
684200786 2 6608 684200821 1 6752
684262870 2 6618 684262901 1 6753
684329188 2 6626 684329220 1 6754
684396677 2 6634 684396708 1 6755
684908419 0 2256 684908537 1 6759
685895537 0 2262 685895655 1 6774
691385689 0 2285 691385771 2 6641
692450952 0 2287 692451037 2 6711
700449575 0 2320 700449660 2 6782
750078025 2 6833 750078056 1 6847
750224389 2 6845 750224425 1 6849
750409263 2 6854 750409293 1 6851
750596518 2 6868 750596532 0 2508
758824030 0 2540 758824114 2 6913
758849564 2 6916 758849598 1 6938
759008454 2 6932 759008489 1 6940
759150610 0 2542 759150694 2 6948
759400942 0 2543 759401062 1 6943
761894866 0 2552 761894982 1 6969
766434044 0 2564 766434162 1 7016
766706366 2 6976 766706397 1 7019
766802703 0 2567 766802788 2 6980
766820510 2 6983 766820544 1 7020
766834640 0 2568 766834725 2 6985
766910642 2 6990 766910673 1 7021
767094228 2 7003 767094262 1 7023 767094302 0 2569
767486598 2 7045 767486636 1 7026
775183256 2 7064 775183294 1 7107
775349326 2 7079 775349364 1 7109
775419044 0 2595 775419128 2 7087
775592721 0 2596 775592806 2 7098
775904190 2 7120 775904225 1 7113
775953384 0 2599 775953469 2 7121
776118014 2 7136 776118044 1 7115
778883526 0 2607 778883643 1 7148
781427893 0 2619 781428011 1 7182
783674939 2 7166 783674970 1 7210
783799348 2 7177 783799382 1 7212
784135573 2 7203 784135608 1 7218
784193629 0 2630 784193714 2 7208 784193745 1 7219
784273728 2 7215 784273760 1 7220
791066626 0 2657 791066743 1 7312
791618067 2 7239 791618101 1 7320
791789967 2 7246 791790002 1 7321
791931095 2 7259 791931121 1 7323
792107120 2 7270 792107154 1 7325
792184402 1 7327 792184455 2 7274
792320530 2 7286 792320564 1 7329
792358427 2 7289 792358460 1 7330
792442848 2 7299 792442879 1 7331
792611556 2 7315 792611587 1 7334
800343532 2 7358 800343565 1 7442
800513467 2 7373 800513498 1 7443
800876637 2 7404 800876669 1 7450
800945343 2 7408 800945374 1 7451
808773645 2 7454 808773679 1 7562
808990930 2 7467 808990963 1 7564
809036678 2 7473 809036711 1 7566
809339891 2 7515 809339924 1 7569
816770963 2 7543 816770996 1 7671
816832578 2 7549 816832611 1 7672
816924372 2 7553 816924402 1 7673
817066724 2 7561 817066755 1 7675
817083778 0 2735 817083861 2 7564
817307110 0 2738 817307196 2 7579
817329408 2 7580 817329439 1 7678
817558747 2 7605 817558780 1 7681
817567248 0 2740 817567328 2 7606
824355736 0 2760 824355853 1 7774
825591507 2 7665 825591540 1 7793
825896191 1 7795 825896331 2 7701
826055391 2 7722 826055419 1 7797
829509005 0 2774 829509122 1 7847
833164446 2 7740 833164480 1 7898
833459099 2 7748 833459133 1 7902
833647997 2 7761 833648029 1 7904
833750605 2 7767 833750642 1 7906
833823565 2 7773 833823595 1 7907
834110928 2 7802 834110963 1 7909
834178553 2 7810 834178588 1 7910
834318247 2 7826 834318283 1 7911
834982504 1 7922 834982643 0 2793
841557274 2 7838 841557308 1 8012
841610611 0 2819 841610729 1 8013
842505516 2 7910 842505551 1 8024
849492666 1 8122 849492716 0 2842
850439479 1 8133 850439628 2 7974
850444372 2 7975 850444404 1 8134
850562451 2 7981 850562485 1 8135
850589708 2 7984 850589743 1 8137
850673263 2 7989 850673295 1 8138
856599888 0 2864 856600006 1 8221
858570499 2 8060 858570533 1 8246
858685745 2 8072 858685776 1 8247
858872889 2 8088 858872921 1 8250
858927229 2 8093 858927264 1 8251
859221261 2 8127 859221294 1 8256
859414960 2 8145 859414992 1 8259
866818940 2 8167 866818974 1 8359
866936722 2 8176 866936753 1 8361
867021319 2 8180 867021354 1 8362
867073158 2 8185 867073190 1 8363
867292941 2 8200 867292974 1 8365
867369531 2 8206 867369562 1 8367
867375520 2 8207 867375554 1 8368
867449625 2 8215 867449657 1 8369
867593956 2 8228 867593988 1 8370
867740859 2 8237 867740893 1 8373
871650053 0 2910 871650170 1 8428
875243828 2 8255 875243860 1 8473
875278891 2 8259 875278923 1 8475
875386148 0 2929 875386233 2 8264
875722176 0 2930 875722260 2 8306
875728837 2 8307 875728868 1 8482
875918147 2 8329 875918181 1 8484
875922673 2 8330 875922704 1 8485
878231184 0 2943 878231304 1 8514
884193431 2 8419 884193494 0 2964
938418026 0 3155 938418143 1 8553
941844504 2 8550 941844538 1 8589
941952727 2 8559 941952757 1 8590
942412279 2 8597 942412313 1 8595
942524977 2 8610 942525012 1 8596
942561355 2 8615 942561388 1 8597
950599592 2 8671 950599624 1 8680
950818088 2 8691 950818119 1 8682
952709921 0 3196 952710040 1 8702
956206005 0 3207 956206122 1 8737
958564241 0 3214 958564372 2 8727
958703167 0 3215 958703252 2 8740
958841817 2 8752 958841848 1 8765
958983046 2 8763 958983078 1 8766
959058577 2 8770 959058611 1 8767
966962225 2 8813 966962257 1 8866
967298114 2 8837 967298144 1 8870
967344695 2 8839 967344730 1 8872
967587828 2 8867 967587860 1 8874
967686871 2 8883 967686906 1 8875
974803937 1 8967 974804035 2 8899
974969754 2 8904 974969787 1 8971
975309497 2 8922 975309527 1 8976
975329137 2 8923 975329171 1 8977
975899920 2 8973 975899956 1 8983
975990641 2 8984 975990672 1 8985
976079835 2 8993 976079871 1 8986
976187070 0 3283 976187155 2 9004
983573723 2 9022 983573753 1 9088
983755013 2 9037 983755048 1 9089
983935616 2 9051 983935649 1 9091
984106292 2 9070 984106327 1 9093
984206417 2 9085 984206454 1 9095
984269572 2 9093 984269605 1 9096
984312569 0 3315 984312654 2 9097
984347890 2 9099 984347920 1 9097
984418247 2 9104 984418287 1 9098
984898639 0 3319 984898758 1 9104
985706088 0 3323 985706206 1 9114
987143394 0 3327 987143510 1 9134
991780124 0 3343 991780210 2 9120
991898788 2 9129 991898821 1 9199
992116549 2 9150 992116580 1 9202
992286713 0 3345 992286799 2 9165
992358684 2 9175 992358717 1 9206
992553492 2 9199 992553525 1 9208
992713780 2 9215 992713814 1 9211
992766421 2 9218 992766453 1 9212
992850731 2 9222 992850763 1 9213
996018093 0 3354 996018211 1 9258
1000358793 2 9261 1000358825 1 9319
1000437879 2 9268 1000437912 1 9320
1000520078 2 9275 1000520110 1 9321
1000572783 2 9278 1000572815 1 9322
1000686898 2 9288 1000686930 1 9323
1001028708 2 9323 1001028740 1 9329
1001069758 0 3367 1001069838 2 9324
1001148154 2 9328 1001148186 1 9331
1002672961 0 3373 1002673079 1 9352
1008389373 2 9341 1008389408 1 9428
1008576164 1 9430 1008576232 2 9352
1008934510 2 9374 1008934543 1 9437
1009054999 2 9384 1009055032 1 9438
1009145504 2 9394 1009145528 1 9440
1009360903 2 9421 1009360937 1 9443
1009400504 2 9426 1009400536 1 9444
1009511869 2 9432 1009511905 1 9446
1009551872 0 3397 1009551955 2 9435
1013215494 0 3405 1013215616 1 9497
1017003656 2 9462 1017003692 1 9550
1017072259 0 3419 1017072377 1 9551
1017305404 0 3420 1017305488 2 9483
1017325774 2 9487 1017325808 1 9555
1017378766 0 3421 1017378852 2 9492
1017492274 2 9502 1017492306 1 9557
1017629642 2 9516 1017629676 1 9558
1021230426 0 3436 1021230544 1 9605
1025234731 2 9553 1025234762 1 9663
1025485738 2 9565 1025485768 1 9668
1025774222 2 9594 1025774253 1 9672
1026137420 2 9638 1026137456 1 9675
1026683650 0 3454 1026683764 1 9682
1033073926 2 9650 1033073959 1 9768
1033453968 2 9659 1033454003 1 9772
1033896904 2 9682 1033896935 1 9779
1034050802 2 9697 1034050829 1 9780
1034124424 2 9705 1034124457 1 9781
1034180168 2 9713 1034180208 1 9782
1034353405 2 9732 1034353437 1 9785
1034475851 2 9742 1034475885 1 9786
1035019430 0 3488 1035019549 1 9795
1041947209 2 9761 1041947239 1 9891
1042022719 2 9764 1042022753 1 9892
1042185819 2 9783 1042185853 1 9893
1042546335 2 9822 1042546371 1 9897
1042616726 0 3514 1042616810 2 9832
1042765367 2 9850 1042765403 1 9900
1042840035 2 9857 1042840067 1 9901
1049885583 0 3544 1049885701 1 9996
1050484419 2 9891 1050484451 1 10004
1050604218 2 9898 1050604249 1 10006
1050710404 2 9906 1050710441 1 10007
1051072117 2 9944 1051072147 1 10012
1051099657 2 9946 1051099691 1 10013
1053325201 0 3552 1053325320 1 10046
1058405325 2 9960 1058405357 1 10112
1058542712 2 9966 1058542744 1 10114
1058611176 2 9972 1058611209 1 10115
1058700141 2 9978 1058700174 1 10116
1058938955 2 9997 1058938989 1 10120
1059028309 2 10002 1059028344 1 10121
1059123776 2 10017 1059123812 1 10122
1059411366 2 10058 1059411401 1 10127
1059462414 2 10062 1059462448 1 10128
1062974938 0 3589 1062975056 1 10177
1064264970 0 3593 1064265092 1 10194
1067072793 0 3607 1067072876 2 10103
1067379068 0 3608 1067379154 2 10128
1067656680 0 3610 1067656764 2 10158
1124792370 2 10250 1124792404 1 10244
1125340369 2 10265 1125340402 1 10248
1133962594 2 10322 1133962630 1 10338
1134058156 2 10332 1134058187 1 10339
1134433049 2 10363 1134433084 1 10343
1141761809 2 10374 1141761839 1 10418
1142050227 2 10386 1142050260 1 10421
1142165319 0 3858 1142165404 2 10399
1142215322 2 10403 1142215354 1 10423
1142385943 2 10417 1142385976 1 10425
1142557275 0 3859 1142557394 1 10427
1142641036 2 10439 1142641068 1 10428
1150428005 2 10480 1150428036 1 10508
1150520394 2 10484 1150520428 1 10509
1150684134 2 10497 1150684173 1 10511
1150960082 2 10531 1150960115 1 10513
1150972050 2 10532 1150972082 1 10514
1158577304 0 3918 1158577389 2 10548
1158839151 2 10569 1158839177 1 10621
1158899917 2 10573 1158899949 1 10622
1159032610 2 10587 1159032645 1 10624
1159577335 2 10645 1159577369 1 10630
1166931405 2 10659 1166931438 1 10734
1167486599 0 3945 1167486684 2 10699
1167707532 2 10720 1167707567 1 10742
1167716222 2 10723 1167716254 1 10743
1170812014 0 3953 1170812131 1 10788
1175575195 0 3968 1175575278 2 10774
1175756320 2 10790 1175756352 1 10856
1175944895 2 10807 1175945036 1 10858
1176053357 2 10826 1176053389 1 10860
1176059105 2 10828 1176059135 1 10861
1176100749 2 10836 1176100781 1 10862
1176718848 1 10872 1176718967 0 3970
1182462625 0 3992 1182462741 1 10948
1183428103 2 10859 1183428136 1 10963
1183794115 2 10881 1183794149 1 10967
1183892399 2 10886 1183892433 1 10968
1184196845 2 10911 1184196875 1 10973
1184274712 2 10922 1184274746 1 10974
1184378191 2 10931 1184378226 1 10976
1184453642 2 10939 1184453673 1 10977
1191550862 2 10949 1191550896 1 11079
1192035254 2 10968 1192035284 1 11083
1192054019 2 10969 1192054053 1 11084
1192157127 0 4019 1192157212 2 10979
1192212164 0 4020 1192212249 2 10986
1192479041 0 4023 1192479126 2 11005
1192482638 1 11089 1192482689 2 11006
1192707014 2 11035 1192707047 1 11091
1192815514 2 11045 1192815546 1 11093
1192890840 2 11051 1192890872 1 11094
1192949223 2 11054 1192949260 1 11095
1200374819 0 4049 1200374939 1 11197
1200470849 2 11085 1200470881 1 11198
1200654276 2 11098 1200654424 1 11200
1200718460 2 11102 1200718496 1 11201
1200778846 2 11106 1200778877 1 11203
1200959302 2 11123 1200959336 1 11206
1201051645 2 11130 1201051679 1 11207
1201635602 0 4051 1201635719 1 11215
1208515715 0 4069 1208515800 2 11149
1208918136 2 11180 1208918167 1 11318
1208935926 2 11182 1208935959 1 11319
1208989692 2 11188 1208989724 1 11320
1209079678 2 11196 1209079712 1 11321
1209232076 2 11206 1209232105 1 11323
1209284021 2 11212 1209284054 1 11324
1209343230 2 11217 1209343262 1 11325
1209611419 2 11238 1209611452 1 11327
1215153467 0 4095 1215153586 1 11403
1216826147 2 11258 1216826178 1 11426
1216970304 2 11264 1216970340 1 11428
1217209681 0 4102 1217209767 2 11281
1217237908 2 11283 1217237941 1 11432
1217431730 2 11300 1217431766 1 11433
1217438504 2 11302 1217438536 1 11434
1217616063 2 11317 1217616097 1 11435
1217885401 2 11340 1217885431 1 11438
1219527337 0 4111 1219527455 1 11462
1223291976 0 4119 1223292093 1 11516
1224449081 0 4123 1224449108 1 11532
1225557036 2 11378 1225557069 1 11548
1225702328 2 11388 1225702364 1 11550
1225963257 2 11415 1225963289 1 11551
1226026695 2 11425 1226026727 1 11553
1226075920 2 11432 1226075955 1 11554
1226197934 2 11444 1226197968 1 11555
1226268466 2 11446 1226268501 1 11556
1226281278 2 11448 1226281309 1 11557
1233431731 2 11458 1233431765 1 11657
1233615586 2 11465 1233615617 1 11661
1233759455 0 4150 1233759538 2 11475
1233789703 2 11476 1233789735 1 11663
1233804422 2 11477 1233804457 1 11664
1234143993 0 4152 1234144077 2 11506
1234547657 0 4153 1234547740 2 11544
1239187996 0 4167 1239188115 1 11737
1240087996 1 11752 1240088134 0 4168
1241812156 2 11554 1241812191 1 11775
1241969698 2 11564 1241969733 1 11777
1242250637 2 11577 1242250671 1 11779
1242306612 2 11583 1242306644 1 11781
1242482811 2 11603 1242482840 1 11784
1242796740 0 4178 1242796826 2 11644
1250324938 0 4203 1250325023 2 11679
1250342979 2 11681 1250343011 1 11891
1250363651 2 11682 1250363686 1 11892
1250474186 2 11692 1250474220 1 11893
1250487537 1 11894 1250487542 2 11693
1250771688 2 11715 1250771718 1 11898
1250783896 0 4205 1250783981 2 11716
1250848177 2 11721 1250848210 1 11899
1250987001 0 4207 1250987083 2 11730
1251021197 2 11731 1251021234 1 11900
1251049225 2 11734 1251049258 1 11901
1251083373 0 4208 1251083457 2 11737
1251162753 2 11743 1251162786 1 11902
1267729134 0 4277 1267729219 2 11950
1316929568 2 11966 1316929597 1 12014
1317054750 0 4425 1317054836 2 11974
1317256442 0 4426 1317256525 2 11987
1317568246 2 12009 1317568277 1 12021
1321665782 0 4439 1321665898 1 12062
1324939697 2 12047 1324939730 1 12096
1325485321 0 4448 1325485406 2 12070
1325550324 2 12073 1325550357 1 12103
1325800483 2 12102 1325800516 1 12106
1328372045 0 4463 1328372164 1 12132
1333449111 0 4480 1333449197 2 12136
1334042471 2 12167 1334042509 1 12191
1334273823 2 12190 1334273860 1 12192
1334349765 2 12198 1334349814 1 12193
1334429329 2 12207 1334429361 1 12194
1342071204 2 12236 1342071236 1 12294
1342425650 2 12262 1342425682 1 12298
1342643530 2 12285 1342643564 1 12300
1342646204 2 12286 1342646238 1 12301
1342885955 2 12320 1342885986 1 12305
1349721935 0 4537 1349722054 1 12398
1350273646 2 12333 1350273681 1 12408
1350694693 2 12358 1350694723 1 12412
1350740523 2 12361 1350740550 1 12413
1350922261 0 4541 1350922347 2 12373
1350960151 2 12377 1350960185 1 12416
1351009680 0 4542 1351009736 2 12384
1358694831 0 4559 1358694915 2 12427
1358993970 2 12448 1358994002 1 12530
1359305546 2 12480 1359305578 1 12535
1359422716 2 12494 1359422749 1 12537
1359452393 2 12496 1359452429 1 12538
1359555317 2 12502 1359555347 1 12539
1359598153 2 12507 1359598186 1 12540
1366764248 1 12640 1366764289 2 12513
1366875559 2 12518 1366875592 1 12642
1367036568 0 4580 1367036651 2 12530
1367054900 2 12533 1367054934 1 12645
1367207488 2 12543 1367207522 1 12647
1367454828 2 12567 1367454859 1 12651
1367535972 2 12577 1367536006 1 12652
1367641253 2 12591 1367641313 1 12654
1375536201 0 4599 1375536286 2 12647
1375667828 2 12662 1375667862 1 12769
1375781935 2 12669 1375781968 1 12770
1375789192 2 12671 1375789252 1 12771
1375841161 0 4601 1375841245 2 12677
1375872686 2 12681 1375872719 1 12772
1376076962 2 12701 1376077061 1 12774
1376095217 2 12704 1376095248 1 12775
1376239037 2 12716 1376239068 1 12777
1384312584 2 12792 1384312614 1 12890
1384671850 2 12819 1384671883 1 12894
1385685413 0 4628 1385685530 1 12910
1390574723 0 4647 1390574837 1 12976
1391784427 2 12824 1391784460 1 12992
1391976038 2 12828 1391976069 1 12995
1392113536 0 4652 1392113619 2 12838
1392165681 2 12843 1392165708 1 12998
1392845496 2 12914 1392845531 1 13004
1400304327 2 12936 1400304363 1 13108
1400428065 2 12944 1400428095 1 13110
1400962000 2 12990 1400962033 1 13117
1401049554 2 12996 1401049589 1 13118
1401160490 2 13007 1401160523 1 13119
1401310007 2 13017 1401310039 1 13122
1407220612 0 4705 1407220730 1 13205
1408601328 2 13033 1408601361 1 13222
1408854559 0 4712 1408854640 2 13050
1409104002 2 13073 1409104036 1 13228
1409204437 2 13084 1409204468 1 13229
1409372614 2 13103 1409372647 1 13231
1409439630 2 13110 1409439665 1 13232
1409599751 2 13128 1409599783 1 13234
1409674085 2 13134 1409674117 1 13235
1416939979 2 13153 1416940013 1 13334
1417074992 2 13163 1417075023 1 13335
1417232017 2 13178 1417232048 1 13337
1417332488 2 13188 1417332523 1 13338
1417499973 2 13203 1417500058 1 13340
1417624142 2 13218 1417624174 1 13342
1417915198 2 13235 1417915231 1 13346
1421094632 0 4759 1421094750 1 13392
1423151801 0 4768 1423151920 1 13419
1425491780 2 13264 1425491814 1 13450
1425774378 0 4778 1425774495 1 13453
1425798758 2 13282 1425798788 1 13454
1426085391 2 13320 1426085425 1 13458
1426168109 2 13335 1426168140 1 13460
1426275196 0 4779 1426275280 2 13351
1426313085 0 4780 1426313167 2 13354
1433273509 2 13364 1433273541 1 13558
1433468171 2 13370 1433468205 1 13560
1433792732 1 13565 1433792880 2 13383
1433835855 2 13386 1433835886 1 13566
1434088400 2 13402 1434088428 1 13570
1434286090 2 13420 1434286122 1 13573
1434390554 0 4804 1434390640 2 13436
1434393077 2 13437 1434393109 1 13575
1443001127 0 4833 1443001211 2 13558
1500365549 2 13689 1500365579 1 13707
1500525443 0 5035 1500525528 2 13699
1500620644 2 13706 1500620676 1 13710
1501189078 2 13736 1501189110 1 13716
1507287906 0 5068 1507288024 1 13779
1508720395 2 13756 1508720430 1 13793
1508856606 2 13765 1508856638 1 13795
1509031287 2 13777 1509031321 1 13797
1509165741 0 5073 1509165825 2 13790
1509288071 2 13801 1509288104 1 13799
1509700978 0 5076 1509701065 2 13823
1517904729 2 13904 1517904764 1 13888
1517922759 0 5092 1517922844 2 13905
1525307289 0 5116 1525307373 2 13921
1525425798 2 13930 1525425829 1 13978
1525511200 2 13936 1525511231 1 13979
1525550697 0 5119 1525550782 2 13938
1525632415 2 13944 1525632539 0 5120
1525654760 2 13946 1525654794 1 13981
1526014262 2 13989 1526014297 1 13983
1526175241 2 14005 1526175277 1 13985
1526406847 2 14008 1526406879 1 13988
1532496165 0 5142 1532496283 1 14073
1533658051 2 14018 1533658084 1 14089
1533685945 2 14019 1533685973 1 14090
1533821833 2 14027 1533821865 1 14093
1534038010 2 14044 1534038042 1 14095
1534148338 2 14055 1534148374 1 14096
1534278741 0 5146 1534278825 2 14075 1534278860 1 14099
1534326257 0 5147 1534326342 2 14081
1534575237 2 14112 1534575269 1 14103
1542241167 2 14150 1542241200 1 14209
1542321802 2 14160 1542321834 1 14210
1542389529 2 14168 1542389563 1 14211
1542571178 0 5173 1542571296 1 14213
1542599601 2 14184 1542599631 1 14214
1542805863 2 14210 1542805895 1 14217
1543000464 2 14226 1543000496 1 14221
1545369937 0 5186 1545370052 1 14250
1548658503 0 5195 1548658555 1 14297
1550100029 0 5199 1550100147 1 14318 1550100162 2 14236
1550555522 2 14263 1550555552 1 14322
1550755274 2 14279 1550755309 1 14325
1550835730 2 14289 1550835765 1 14326
1551111686 2 14321 1551111722 1 14330
1551155991 2 14323 1551156027 1 14331
1558473426 2 14345 1558473457 1 14428
1558728456 2 14361 1558728489 1 14431
1558901383 2 14374 1558901417 1 14434
1559188517 2 14398 1559188549 1 14438
1559249789 2 14407 1559249844 1 14440
1559595465 2 14447 1559595497 1 14445
1559667514 2 14454 1559667548 1 14446
1567292145 2 14492 1567292176 1 14549
1567296585 2 14493 1567296619 1 14550
1567362641 2 14498 1567362670 1 14551
1567506736 2 14504 1567506768 1 14552
1567937029 2 14544 1567937059 1 14559
1567949596 0 5268 1567949715 1 14560
1575209323 2 14554 1575209353 1 14657
1575299020 2 14557 1575299052 1 14659
1575363086 0 5296 1575363172 2 14562
1575530579 2 14572 1575530611 1 14662
1575651545 2 14585 1575651575 1 14664
1576026077 0 5299 1576026163 2 14622
1576297359 2 14649 1576297389 1 14671
1583199390 2 14656 1583199424 1 14764
1583754391 2 14676 1583754415 1 14773
1584039966 2 14697 1584039997 1 14775
1584047799 2 14699 1584047830 1 14776
1584057562 2 14701 1584057599 1 14777
1584230096 2 14714 1584230129 1 14780
1584550940 2 14746 1584550971 1 14783
1590597572 0 5350 1590597689 1 14869
1591630284 2 14761 1591630318 1 14881
1591770294 2 14764 1591770327 1 14884
1591891817 2 14770 1591891853 1 14885
1591953356 2 14776 1591953386 1 14886
1591957826 2 14777 1591957909 1 14887
1592101942 0 5356 1592102063 1 14890
1592605393 2 14830 1592605426 1 14894
1592712599 2 14844 1592712634 1 14896
1600242462 2 14882 1600242494 1 15007
1600417841 2 14891 1600417871 1 15009
1600685122 2 14908 1600685156 1 15011
1600845897 2 14923 1600845930 1 15013
1600854434 2 14924 1600854465 1 15014
1601043986 2 14949 1601044018 1 15016
1601057602 2 14950 1601057637 1 15017
1601163646 2 14964 1601163677 1 15018
1608789599 2 14991 1608789630 1 15126
1609043839 2 15005 1609043874 1 15129
1609191905 2 15019 1609191940 1 15130
1609314619 2 15032 1609314653 1 15132
1609512127 2 15057 1609512162 1 15135
1609572099 2 15062 1609572130 1 15136
1617235683 2 15107 1617235714 1 15242
1617304685 2 15113 1617304719 1 15243
1617440901 2 15129 1617441016 1 15244
1617445171 2 15130 1617445202 1 15245
1617573479 2 15140 1617573513 1 15247
1617700239 2 15152 1617700271 1 15248
1617804310 2 15165 1617804341 1 15250
1625351346 0 5457 1625351430 2 15192
1625408548 2 15196 1625408578 1 15353
1625677317 2 15217 1625677351 1 15356
1625717635 2 15220 1625717666 1 15357
1625858244 0 5458 1625858328 2 15234
1626055680 2 15253 1626055714 1 15361
1683864206 0 5637 1683864322 1 15372
1684679773 1 15379 1684679777 2 15399
1691664637 0 5663 1691664750 1 15452
1691942368 2 15409 1691942400 1 15455
1692258864 0 5664 1692258948 2 15425
1692551830 0 5666 1692551914 2 15452
1697918197 0 5683 1697918316 1 15516
1700435119 2 15503 1700435154 1 15543
1700635529 2 15515 1700635565 1 15545
1700684135 2 15517 1700684170 1 15546
1700739429 0 5691 1700739516 2 15523
1701122936 2 15564 1701122972 1 15549
1708256603 2 15572 1708256640 1 15625
1708683129 2 15587 1708683158 1 15632
1708744082 2 15593 1708744159 0 5719
1708824635 2 15599 1708824669 1 15633
1709108221 2 15623 1709108254 1 15635
1709162747 0 5720 1709162842 2 15631 1709162877 1 15637
1709200241 2 15635 1709200275 1 15638
1709382925 2 15656 1709382958 1 15640
1713946363 0 5731 1713946483 1 15705
1717177245 2 15678 1717177279 1 15750
1717430507 2 15691 1717430539 1 15753
1717487421 2 15694 1717487454 1 15754
1717597841 2 15709 1717597874 1 15755
1717660129 2 15721 1717660165 1 15756
1717724993 2 15729 1717725024 1 15757
1717821749 2 15736 1717821783 1 15759
1717952593 0 5746 1717952678 2 15748
1725474241 2 15774 1725474270 1 15861
1725766322 2 15790 1725766353 1 15865
1725789957 2 15791 1725789989 1 15866
1725858151 2 15793 1725858180 1 15867
1725953871 2 15802 1725953901 1 15868
1726149305 2 15831 1726149339 1 15871
1728242551 0 5782 1728242670 1 15903
1733068627 0 5805 1733068746 1 15966
1733615883 2 15865 1733615918 1 15972
1733727791 2 15870 1733727825 1 15973
1733853865 2 15879 1733853896 1 15975
1734063047 2 15894 1734063079 1 15978
1734290458 0 5808 1734290543 2 15913
1734294710 2 15914 1734294738 1 15982
1734465560 2 15940 1734465599 1 15985
1734633213 2 15953 1734633246 1 15987
1740785509 0 5827 1740785623 1 16073
1742009852 2 15972 1742009888 1 16089
1742099900 2 15980 1742099936 1 16090
1742358595 2 15993 1742358628 1 16092
1742524944 2 16011 1742524984 0 5835
1742917456 2 16073 1742917491 1 16102
1743052033 0 5836 1743052120 2 16083
1750689273 2 16119 1750689304 1 16212
1750879751 2 16133 1750879784 1 16215
1751820190 0 5856 1751820309 1 16229
1758786247 2 16190 1758786278 1 16327
1758883855 1 16329 1758883983 2 16194
1759485900 0 5878 1759485984 2 16259
1759500726 2 16261 1759500761 1 16336
1759547679 2 16267 1759547713 1 16337
1762687085 0 5893 1762687203 1 16378
1766702408 2 16286 1766702442 1 16435
1767064254 2 16298 1767064285 1 16440
1767199579 2 16307 1767199610 1 16443
1767302335 2 16315 1767302368 1 16444
1767787825 2 16358 1767787857 1 16450
1767870249 2 16365 1767870280 1 16451
1775854881 2 16427 1775854914 1 16561
1775917380 2 16432 1775917416 1 16562
1775947445 2 16437 1775947476 1 16563
1776110844 2 16451 1776110869 1 16565
1776152933 2 16456 1776152963 1 16566
1783818713 2 16500 1783818747 1 16671
1783946784 2 16511 1783946819 1 16673
1783982396 2 16513 1783982424 1 16674
1784122263 0 5959 1784122348 2 16524
1784334597 2 16540 1784334631 1 16679
1784338383 0 5960 1784338468 2 16541
1784491742 2 16551 1784491773 1 16680
1784510553 2 16554 1784510588 1 16681
1784594569 0 5962 1784594653 2 16560
1790919632 0 5983 1790919750 1 16770
1792137782 2 16591 1792137813 1 16785
1792322442 2 16604 1792322473 1 16788
1792337465 2 16605 1792337610 1 16789
1792396050 0 5990 1792396135 2 16609
1792467693 2 16618 1792467724 1 16790
1792597557 2 16632 1792597591 1 16792
1792681801 2 16640 1792681835 1 16793
1793120369 2 16689 1793120403 1 16798
1800511992 2 16703 1800512026 1 16900
1800561732 2 16708 1800561763 1 16901
1800676362 0 6021 1800676448 2 16717
1800832574 2 16732 1800832609 1 16904
1800915053 0 6024 1800915136 2 16738 1800915171 1 16905
1801113269 0 6025 1801113385 1 16907
1808375563 2 16782 1808375596 1 17004
1808791885 2 16797 1808791919 1 17010
1809324480 2 16839 1809324515 1 17018
1875485858 2 17113 1875485889 1 17146
1875963259 2 17150 1875963291 1 17151
1876121004 2 17168 1876121010 1 17153
1882766644 0 6325 1882766761 1 17221
1883902112 2 17192 1883902145 1 17233
1884011846 2 17199 1884011879 1 17234
1884245294 0 6331 1884245377 2 17215
1884290074 2 17220 1884290108 1 17237
1884423131 2 17235 1884423163 1 17239
1892508195 2 17305 1892508227 1 17322
1892533766 0 6357 1892533849 2 17307
1900487760 2 17363 1900487793 1 17410
1900753058 2 17377 1900753090 1 17414
1900822139 2 17381 1900822173 1 17415
1901201361 0 6388 1901201446 2 17425
1906347267 0 6401 1906347387 1 17493
1906703430 0 6402 1906703547 1 17498
1908609454 2 17446 1908609484 1 17526
1908865613 2 17466 1908865645 1 17529
1908990651 2 17475 1908990684 1 17531
1909230257 2 17498 1909230293 1 17533
1909625945 0 6407 1909626023 2 17549
1917114538 2 17577 1917114573 1 17642
1917346403 2 17588 1917346438 1 17645
1917507642 2 17600 1917507674 1 17647
1917662676 2 17613 1917662707 1 17650
1917929136 2 17643 1917929158 1 17655
1918016273 2 17650 1918016307 1 17656
1921022996 0 6443 1921023113 1 17698
1925111405 0 6462 1925111525 1 17750
1925366443 0 6464 1925366530 2 17664
1925643818 2 17688 1925643852 1 17755
1925669907 2 17690 1925669941 1 17756
1925719471 2 17693 1925719503 1 17757
1925994530 2 17721 1925994562 1 17762
1926055314 0 6465 1926055432 1 17763
1926163432 2 17745 1926163464 1 17764
1926219458 2 17750 1926219492 1 17765
1926368339 0 6466 1926368423 2 17766
1926392311 2 17767 1926392344 1 17767
1930944542 0 6482 1930944661 1 17829
1933724107 2 17786 1933724137 1 17870
1934461147 2 17842 1934461180 1 17881
1934543692 2 17855 1934543725 1 17883
1934575756 2 17860 1934575788 1 17884
1934667218 2 17870 1934667250 1 17885
1934754275 2 17876 1934754306 1 17886
1936476060 1 17911 1936476155 0 6493
1942052290 2 17886 1942052323 1 17984
1942066360 2 17888 1942066393 1 17985
1942209654 2 17896 1942209684 1 17987
1942324985 2 17909 1942325021 1 17989
1942641837 2 17932 1942641869 1 17994
1942900193 2 17968 1942900225 1 17998
1942967452 2 17973 1942967488 1 17999
1943077623 2 17982 1943077656 1 18000
1943086931 0 6518 1943087017 2 17983
1946470982 0 6531 1946471102 1 18046
1949145690 0 6543 1949145810 1 18082
1950667714 2 18022 1950667748 1 18099
1950816045 2 18035 1950816076 1 18102
1950981327 2 18048 1950981360 1 18105
1951251429 2 18076 1951251462 1 18109
1956456498 0 6568 1956456614 1 18180
1958696964 2 18096 1958696997 1 18211
1958755124 2 18098 1958755156 1 18212
1959133762 0 6579 1959133847 2 18122
1959231181 2 18129 1959231216 1 18219
1959444959 0 6582 1959445042 2 18159
1959741029 2 18199 1959741061 1 18224
1959800718 2 18205 1959800752 1 18225
1963756423 0 6598 1963756540 1 18280
1967081495 2 18220 1967081525 1 18326
1967221306 2 18230 1967221338 1 18329
1967461913 2 18244 1967461948 1 18332
1967517961 2 18247 1967517992 1 18333
1967708425 2 18266 1967708457 1 18334
1967893733 2 18285 1967893769 1 18335
1968830682 0 6611 1968830799 1 18351
1975217434 2 18314 1975217469 0 6625
1975563287 2 18333 1975563318 1 18447
1975608853 0 6629 1975608938 2 18337
1975931543 2 18365 1975931577 1 18450
1976006711 2 18371 1976006742 1 18451
1976114387 2 18384 1976114419 1 18453
1976175937 2 18393 1976175970 1 18454
1976247501 2 18402 1976247532 1 18455
1976418944 2 18420 1976418974 1 18458
1976652247 0 6632 1976652362 1 18462
1981773666 0 6646 1981773815 1 18534
1983828867 2 18446 1983828900 1 18561
1984010880 0 6657 1984010965 2 18459
1984090625 2 18463 1984090659 1 18562
1984136942 2 18469 1984136973 1 18564
1984406666 2 18500 1984406702 1 18568
1984479280 2 18508 1984479314 1 18569
1984684695 2 18524 1984684723 1 18572
1984948025 0 6661 1984948145 1 18575
1987602471 0 6667 1987602590 1 18613
1992263434 2 18547 1992263467 1 18675
1992358111 2 18556 1992358141 1 18676
1992420498 2 18562 1992420531 1 18677
1992539338 2 18572 1992539372 1 18679
1992649780 2 18579 1992649814 1 18681
1992743722 2 18590 1992743757 1 18682
2000797136 0 6709 2000797219 2 18653
2009360989 0 6734 2009361072 2 18783
2058905504 2 18819 2058905538 1 18819
2059091654 0 6902 2059091744 2 18833
2059696929 2 18848 2059696964 1 18828
2067127881 2 18865 2067127911 1 18904
2067266980 2 18873 2067267011 1 18906
2067447770 2 18885 2067447804 1 18908
2067551044 2 18893 2067551079 1 18909
2067721013 2 18912 2067721042 1 18911
2075351301 2 18941 2075351331 1 18989
2075523980 2 18952 2075524011 1 18991
2076087608 2 19004 2076087638 1 18997
2076109004 2 19008 2076109042 1 18998
2084092302 0 6972 2084092386 2 19056
2084188648 2 19067 2084188681 1 19094
2084339392 2 19077 2084339423 1 19096
2084465208 2 19090 2084465242 1 19098
2092119293 1 19204 2092119373 2 19129
2092437194 2 19159 2092437226 1 19209
2092963834 2 19209 2092963867 1 19215
2093072291 2 19218 2093072325 1 19217
2100240379 2 19232 2100240414 1 19314
2100675612 2 19257 2100675648 1 19321
2100723118 2 19262 2100723148 1 19322
2100931750 2 19274 2100931861 1 19324
2101066754 2 19287 2101066786 1 19325
2101202069 2 19307 2101202102 1 19327
2102473505 0 7034 2102473627 1 19346
2108473194 2 19338 2108473287 1 19425
2109504369 2 19409 2109504403 1 19437
2109868856 2 19437 2109868891 1 19443
2116496476 0 7092 2116496596 1 19533
2116945192 1 19538 2116945296 2 19445
2117332729 2 19465 2117332761 1 19543
2117469859 2 19472 2117469889 1 19545
2117672712 2 19489 2117672748 1 19548
2117722020 2 19493 2117722053 1 19549
2117828231 2 19501 2117828264 1 19551
2117895730 2 19512 2117895760 1 19552
2118013230 2 19527 2118013262 1 19554
2118133398 2 19534 2118133431 1 19556
2122784245 0 7107 2122784364 1 19622
2123581317 0 7109 2123581435 1 19635
2125581552 2 19558 2125581586 1 19659
2126082504 0 7121 2126082589 2 19605
2126096200 0 7122 2126096288 2 19608
2126158309 0 7123 2126158434 1 19667
2126478537 2 19647 2126478574 1 19671
2127009139 0 7125 2127009257 1 19678
2128887213 0 7133 2128887332 1 19703
2133976021 2 19665 2133976055 1 19773
2134225817 0 7152 2134225827 2 19687
2134707687 2 19738 2134707718 1 19784
2135623614 0 7157 2135623732 1 19795
2136849544 0 7164 2136849661 1 19811
2141979866 2 19749 2141979897 1 19878
2142204294 2 19761 2142204324 1 19881
2142376326 2 19773 2142376357 1 19884
2142492706 2 19786 2142492739 1 19886
2142910954 2 19835 2142910986 1 19892
2142981635 2 19851 2142981667 1 19893
2143207650 0 7190 2143207735 2 19865
2145738718 0 7197 2145738835 1 19932
2148955336 0 7207 2148955455 1 19976
2150444953 2 19876 2150444992 1 19997
2150532764 2 19882 2150532797 1 19999
2150913801 2 19910 2150913845 1 20004
2151432104 2 19961 2151432137 1 20010
2158949197 2 19993 2158949232 1 20113
2159086144 2 20006 2159086174 1 20115
2159170156 2 20008 2159170187 1 20116
2159822095 2 20082 2159822127 1 20124
2160949952 0 7253 2160950070 1 20140
2167323655 2 20108 2167323688 1 20228
2167474266 2 20112 2167474301 1 20230
2167485134 2 20113 2167485159 1 20231
2167805874 2 20134 2167805905 1 20233
2167814458 2 20136 2167814492 1 20234
2167880346 2 20147 2167880381 1 20235
2167943168 2 20152 2167943200 1 20236
2167975394 0 7271 2167975479 2 20155
2175427418 2 20175 2175427449 1 20344
2176055258 2 20213 2176055290 1 20351
2176351712 2 20252 2176351747 1 20355
2176439214 2 20262 2176439245 1 20357
2176503625 2 20272 2176503656 1 20358
2176510955 0 7293 2176511041 2 20273
2182602802 0 7321 2182602921 1 20438
2183870603 2 20288 2183870633 1 20456
2184073887 2 20306 2184073918 1 20457
2184132332 2 20309 2184132363 1 20458
2184321860 0 7328 2184321947 2 20328
2184351776 2 20330 2184351810 1 20461
2184491313 0 7329 2184491396 2 20342
2184752567 2 20365 2184752601 1 20467
2184856946 2 20370 2184856977 1 20469
2186508113 0 7332 2186508228 1 20493
2250750939 0 7544 2250751022 2 20536
2250822399 2 20540 2250822430 1 20554
2250859241 2 20544 2250859272 1 20555
2250961440 2 20556 2250961471 1 20556
2255211546 0 7552 2255211664 1 20599
2256267558 0 7556 2256267675 1 20611
2259041954 2 20601 2259041986 1 20639
2259072598 2 20603 2259072633 1 20640
2259264601 2 20613 2259264635 1 20641
2259332261 2 20625 2259332298 1 20643
2259436534 2 20638 2259436566 1 20644
2262221025 0 7577 2262221142 1 20672
2264297703 0 7582 2264297822 1 20694
2267333016 2 20690 2267333048 1 20725
2267416635 2 20697 2267416668 1 20726
2267472279 0 7595 2267472365 2 20703
2267665488 2 20719 2267665523 1 20729
2274017985 0 7622 2274018102 1 20799
2275386063 2 20763 2275386088 1 20817
2275565559 2 20770 2275565594 1 20819
2275745331 2 20782 2275745362 1 20823
2275804826 2 20786 2275804861 1 20824
2275983940 2 20803 2275983971 1 20825
2276080587 2 20814 2276080618 1 20826
2276103904 2 20817 2276103939 1 20827
2276236514 2 20830 2276236546 1 20828
2276368647 2 20844 2276368680 1 20829
2283952910 2 20872 2283952944 1 20936
2284175680 0 7660 2284175764 2 20887 2284175797 1 20937
2284401195 2 20910 2284401230 1 20939
2284491538 2 20919 2284491571 1 20941
2284527741 0 7661 2284527828 2 20925
2284675663 2 20939 2284675694 1 20942
2284757706 2 20944 2284757815 0 7662
2284844446 2 20947 2284844478 1 20946
2288584923 0 7677 2288585005 1 20998
2291921239 2 20954 2291921272 1 21042
2292049811 2 20959 2292049841 1 21044
2292352777 0 7692 2292352861 2 20973
2292437692 2 20981 2292437727 1 21047
2292624772 2 20997 2292624807 1 21050
2292792970 2 21018 2292793003 1 21052
2292952503 2 21030 2292952537 1 21055
2300542399 2 21074 2300542435 1 21155
2300744438 0 7728 2300744522 2 21093
2300809284 2 21097 2300809318 1 21159
2300876580 0 7730 2300876665 2 21103
2301132350 2 21127 2301132383 1 21163
2301363061 2 21156 2301363089 1 21167
2309008599 2 21197 2309008633 1 21277
2309173995 2 21206 2309174025 1 21278
2309181260 1 21279 2309181349 2 21207
2309564507 0 7747 2309564592 2 21244
2309618282 0 7748 2309618363 2 21252 2309618398 1 21287
2309788041 2 21268 2309788074 1 21289
2309918450 2 21278 2309918483 1 21291
2317213308 2 21290 2317213338 1 21387
2317314138 0 7776 2317314223 2 21299
2317480897 2 21309 2317480931 1 21391
2317698453 0 7779 2317698536 2 21329 2317698571 1 21394
2318014367 2 21361 2318014401 1 21398
2318172883 2 21376 2318172916 1 21400
2325638887 0 7813 2325638971 2 21403
2325644005 2 21404 2325644037 1 21499
2325862927 2 21418 2325862962 1 21502
2325901818 2 21424 2325901849 1 21503
2326195034 2 21460 2326195064 1 21507
2326211328 2 21462 2326211364 1 21508
2326292099 2 21470 2326292129 1 21509
2326519845 2 21485 2326519875 1 21511
2332047418 0 7831 2332047538 1 21589
2333056068 0 7837 2333056195 1 21601
2333769561 2 21497 2333769590 1 21612
2334142940 2 21511 2334142971 1 21618
2334446696 2 21534 2334446732 1 21621
2334641765 2 21559 2334641796 1 21624
2334760574 0 7840 2334760657 2 21568
2341446839 0 7855 2341446961 1 21722
2341962239 2 21582 2341962273 1 21730
2342418524 2 21595 2342418555 1 21737
2343017293 2 21662 2343017325 1 21745
2343143138 2 21675 2343143169 1 21747
2343196962 2 21680 2343196994 1 21748
2346724652 0 7870 2346724769 1 21796
2347220652 0 7872 2347220767 1 21803
2350412828 2 21691 2350412889 1 21847
2350583988 2 21699 2350584020 1 21850
2350782754 0 7883 2350782839 2 21713
2351002593 0 7884 2351002677 2 21733
2351246900 2 21746 2351246932 1 21858
2358798795 2 21784 2358798819 1 21963
2358874283 2 21790 2358874318 1 21965
2359160196 2 21806 2359160227 1 21967
2359213083 2 21813 2359213225 1 21968
2359285435 0 7910 2359285518 2 21818
2359526068 2 21842 2359526102 1 21972
2359645307 2 21855 2359645339 1 21975
2359770455 2 21869 2359770487 1 21977
2359832615 0 7911 2359832699 2 21877
2359848946 0 7912 2359849030 2 21879
2367143075 0 7935 2367143160 2 21891
2367179898 2 21895 2367179932 1 22079
2367410378 2 21908 2367410413 1 22081
2367451051 0 7937 2367451188 2 21910
2367739906 2 21931 2367739937 1 22087
2368035565 2 21969 2368035600 1 22090
2368165616 2 21980 2368165651 1 22094
2368261996 2 21983 2368262030 1 22095
2372051843 0 7954 2372051960 1 22145
2375749511 1 22197 2375749591 2 22016
2375882481 2 22025 2375882515 1 22200
2376000511 2 22037 2376000546 1 22201
2376238552 2 22065 2376238610 1 22205
2376305525 0 7966 2376305609 2 22073
2384424790 0 7986 2384424875 2 22153
2384745583 0 7989 2384745668 2 22185
2441888018 2 22244 2441888052 1 22291
2442273879 2 22257 2442273911 1 22296
2442474878 2 22270 2442474911 1 22298
2442576395 2 22279 2442576426 1 22299
2442617687 2 22283 2442617715 1 22300
2442700577 0 8200 2442700662 2 22290
2442857619 2 22306 2442857654 1 22302
2443010138 2 22323 2443010172 1 22304
2450466658 2 22330 2450466688 1 22381
2450575192 0 8220 2450575276 2 22333
2450717472 2 22339 2450717502 1 22383
2450750734 2 22342 2450750765 1 22384
2451010359 2 22366 2451010389 1 22387
2451202017 2 22386 2451202049 1 22389
2453695133 1 22414 2453695218 0 8230
2459238880 2 22447 2459238911 1 22471
2459241161 2 22448 2459241193 1 22472
2459834941 0 8253 2459835027 2 22497
2467411088 2 22514 2467411119 1 22577
2467476095 2 22519 2467476130 1 22578
2467548552 2 22528 2467548584 1 22579
2467813457 2 22560 2467813489 1 22581
2468089044 2 22592 2468089079 1 22585
2468201568 0 8280 2468201655 2 22604
2475487065 2 22618 2475487094 1 22686
2475498406 0 8306 2475498490 2 22619
2475567390 2 22626 2475567420 1 22687
2475606009 0 8307 2475606040 2 22630 2475606074 1 22688
2475694630 2 22637 2475694662 1 22689
2475894998 2 22649 2475895032 1 22690
2475984827 2 22656 2475984863 1 22691
2476042740 2 22663 2476042778 1 22692
2476166939 2 22680 2476166971 1 22694
2476171498 0 8309 2476171583 2 22681
2476373570 2 22711 2476373605 1 22696
2479269731 0 8318 2479269850 1 22736
2483814913 2 22730 2483814945 1 22800
2484199051 2 22749 2484199079 1 22804
2484315523 2 22760 2484315552 1 22806
2484404056 2 22768 2484404089 1 22807
2484615594 2 22794 2484615628 1 22811
2484876486 0 8337 2484876575 2 22817
2484928456 2 22819 2484928488 1 22816
2490178613 0 8361 2490178735 1 22886
2492304075 2 22834 2492304110 1 22911
2492360639 2 22835 2492360671 1 22912
2492615405 2 22852 2492615439 1 22916
2492751062 2 22857 2492751094 1 22918
2492814463 2 22864 2492814495 1 22919
2492938847 2 22876 2492938881 1 22920
2493060943 2 22894 2493060977 1 22923
2493180447 2 22912 2493180480 1 22925
2499711180 0 8393 2499711299 1 23016
2500434140 2 22934 2500434174 1 23025
2500489646 2 22937 2500489680 1 23026
2501134288 2 22984 2501134319 1 23035
2501242868 2 22991 2501242898 1 23038
2501351468 2 23000 2501351502 1 23040
2501581774 2 23016 2501581810 1 23043
2508879037 2 23032 2508879070 1 23142
2508911376 2 23033 2508911407 1 23143
2509189321 2 23048 2509189355 1 23147
2509335581 2 23058 2509335612 1 23150
2509415624 2 23067 2509415653 1 23151
2509470882 2 23072 2509470917 1 23152
2509542843 2 23080 2509542878 1 23153
2509690237 2 23097 2509690269 1 23155
2510917205 0 8428 2510917318 1 23171
2512441270 0 8431 2512441388 1 23194
2517546423 0 8446 2517546506 2 23149
2517636917 2 23156 2517636948 1 23267
2517920785 0 8447 2517920868 2 23189
2518050385 0 8450 2518050471 2 23203
2518233444 2 23215 2518233474 1 23274
2518737953 0 8455 2518738069 1 23280
2523207010 0 8467 2523207127 1 23341
2525731318 2 23243 2525731352 1 23377
2525752172 0 8476 2525752259 2 23244 2525752293 1 23378
2525854706 2 23250 2525854737 1 23379
2525956943 2 23255 2525956975 1 23381
2526346314 2 23297 2526346349 1 23384
2526468478 2 23315 2526468511 1 23386
2526565414 2 23322 2526565447 1 23387
2534069822 2 23351 2534069856 1 23491
2534172128 2 23358 2534172161 1 23493
2534197325 2 23360 2534197359 1 23494
2534513750 2 23384 2534513782 1 23496
2534801410 2 23417 2534801444 1 23500
2534831078 2 23418 2534831114 1 23501
2535034052 2 23426 2535034086 1 23503
2536582835 0 8519 2536582953 1 23523
2542032809 2 23432 2542032842 1 23596
2542217519 0 8543 2542217604 2 23438
2542490322 2 23451 2542490355 1 23601
2542585295 2 23456 2542585327 1 23602
2542662015 2 23464 2542662047 1 23603
2543263395 2 23516 2543263427 1 23613
2544708018 0 8549 2544708136 1 23633
2544730909 0 8550 2544731032 1 23634
2547727783 0 8563 2547727903 1 23674
2550305331 0 8570 2550305449 1 23711
2550626985 2 23537 2550627018 1 23713
2550768885 2 23548 2550768915 1 23716
2550773207 0 8572 2550773293 2 23549
2550961130 2 23563 2550961164 1 23718
2551186639 2 23582 2551186671 1 23722
2551356367 2 23601 2551356398 1 23725
2551470312 2 23613 2551470343 1 23727
2557554232 0 8599 2557554352 1 23807
2558874839 2 23632 2558874874 1 23824
2559075414 2 23643 2559075446 1 23827
2559195338 2 23649 2559195369 1 23829
2559321440 2 23658 2559321472 1 23830
2559562151 2 23685 2559562185 1 23835
2559768180 2 23712 2559768211 1 23838
2559807613 2 23718 2559807645 1 23839
2559871828 2 23726 2559871859 1 23840
2559934604 2 23735 2559934636 1 23841
2563468855 0 8618 2563468975 1 23890
2568233243 0 8635 2568233326 2 23820
2576348855 0 8658 2576348939 2 23907
2576368753 0 8659 2576368840 2 23910
2634269421 2 23974 2634269451 1 23998
2634522228 2 23996 2634522259 1 24001
2642016845 2 24026 2642016880 1 24078
2642114010 0 8880 2642114097 2 24029
2642542576 2 24056 2642542610 1 24084
2642758427 2 24076 2642758458 1 24085
2645216357 0 8887 2645216476 1 24111
2649680727 0 8899 2649680844 1 24157
2650653983 2 24119 2650654016 1 24167
2650944491 2 24140 2650944520 1 24170
2651171019 2 24162 2651171052 1 24172
2651215649 2 24166 2651215684 1 24173
2651320140 2 24176 2651320175 1 24174
2656172202 0 8920 2656172320 1 24231
2659225392 2 24234 2659225425 1 24269
2659404187 2 24247 2659404220 1 24272
2659450144 2 24257 2659450175 1 24273
2659569928 0 8937 2659570011 2 24271
2659641001 2 24280 2659641031 1 24276
2659828062 2 24294 2659828098 1 24278
2667353555 2 24323 2667353585 1 24381
2667450821 2 24330 2667450852 1 24382
2667477351 0 8967 2667477437 2 24333
2667548916 2 24341 2667548952 1 24383
2667648804 0 8968 2667648889 2 24350
2667926148 2 24374 2667926179 1 24388
2667960420 0 8969 2667960539 1 24389
2668033421 2 24388 2668033456 1 24390
2675658752 1 24499 2675658776 0 8985 2675658861 2 24423
2675821721 2 24433 2675821752 1 24502
2676172132 2 24462 2676172167 1 24507
2676371346 2 24483 2676371378 1 24510
2676399489 2 24485 2676399523 1 24511
2684023892 2 24530 2684023922 1 24616
2684167155 2 24538 2684167187 1 24618
2684279247 2 24545 2684279278 1 24620
2684336311 0 9012 2684336396 2 24553
2684413219 2 24559 2684413249 1 24622
2684606329 2 24576 2684606364 1 24624
2684719757 2 24583 2684719788 1 24626
2684809141 2 24594 2684809175 1 24627
2692179588 2 24620 2692179624 1 24727
2692287405 2 24626 2692287438 1 24729
2692573154 2 24643 2692573187 1 24733
2693026076 2 24682 2693026109 1 24739
2693141620 2 24698 2693141654 1 24740
2693229374 2 24706 2693229406 1 24741
2693294895 2 24709 2693294925 1 24742
2699820314 0 9068 2699820429 1 24831
2700431208 2 24728 2700431241 1 24840
2700667406 0 9071 2700667493 2 24733
2700672554 2 24734 2700672584 1 24844
2700848740 2 24746 2700848774 1 24846
2700875915 0 9072 2700876004 2 24747
2701243395 0 9074 2701243476 2 24774
2701258713 2 24775 2701258742 1 24850
2701293976 2 24780 2701294013 1 24851
2703115804 0 9079 2703115921 1 24877
2709133351 2 24836 2709133382 1 24961
2709394476 1 24963 2709394505 2 24865
2709455890 2 24872 2709455922 1 24964
2709567323 2 24884 2709567355 1 24965
2709782278 2 24909 2709782313 1 24969
2709938830 2 24918 2709938861 1 24971
2717222720 2 24931 2717222750 1 25077
2717497812 2 24945 2717497844 1 25079
2717575047 2 24949 2717575079 1 25080
2717611240 2 24952 2717611272 1 25081
2717940113 2 24980 2717940144 1 25086
2718043938 1 25088 2718044015 2 24997
2718314177 2 25019 2718314212 1 25091
2722451059 0 9138 2722451179 1 25146
2724237582 0 9143 2724237701 1 25171
2725425234 2 25025 2725425268 1 25188
2725827842 2 25045 2725827871 1 25190
2726152603 2 25062 2726152636 1 25197
2726462519 2 25092 2726462554 1 25201
2726561642 2 25106 2726561677 1 25202
2732891147 0 9168 2732891265 1 25293
2734096206 2 25139 2734096236 1 25308
2734158891 0 9172 2734158975 2 25142
2734426725 2 25160 2734426760 1 25312
2734434917 2 25161 2734434952 1 25313
2734451763 2 25162 2734451797 1 25314
2734576470 2 25168 2734576502 1 25316
2734730293 2 25183 2734730325 1 25318
2734959504 0 9177 2734959588 2 25200
2738033459 0 9183 2738033577 1 25364
2742304230 2 25218 2742304261 1 25423
2742315908 2 25219 2742315938 1 25425
2742442150 2 25226 2742442185 1 25427
2742599637 2 25238 2742599672 1 25429
2742657101 2 25242 2742657126 1 25430
2742704328 0 9196 2742704414 2 25247
2743063188 2 25276 2743063221 1 25434
2743110310 2 25280 2743110345 1 25436
2749481297 0 9220 2749481416 1 25524
2750609431 2 25311 2750609461 1 25538
2750897780 2 25331 2750897816 1 25542
2751112664 2 25352 2751112697 1 25546
2751202924 2 25364 2751202959 1 25547
2751371837 0 9227 2751371921 2 25381
2751385812 2 25383 2751385845 1 25550
2751493963 2 25394 2751493996 1 25551
2751894322 0 9229 2751894442 1 25556
2767228118 0 9299 2767228205 2 25525
2817144708 2 25652 2817144744 1 25634
2817889604 2 25662 2817889640 1 25642
2825398960 2 25666 2825398993 1 25719
2825736476 0 9473 2825736563 2 25676 2825736595 1 25723
2825827018 2 25684 2825827053 1 25724
2826021390 0 9474 2826021473 2 25699
2826173431 2 25711 2826173466 1 25728
2833871485 2 25758 2833871518 1 25807
2834353228 2 25782 2834353261 1 25812
2834495397 0 9499 2834495481 2 25791
2834846039 0 9500 2834846126 2 25828 2834846160 1 25816
2835721111 0 9502 2835721225 1 25826
2836815983 0 9506 2836816100 1 25836
2842465638 2 25854 2842465670 1 25898
2842527284 0 9521 2842527369 2 25858
2842981941 2 25905 2842981973 1 25903
2843018543 0 9523 2843018629 2 25912
2844034569 0 9525 2844034688 1 25920
2844404343 0 9527 2844404462 1 25923
2846433453 0 9532 2846433570 1 25953
2848209156 0 9539 2848209275 1 25976
2850496920 2 25932 2850496952 1 26011
2850941585 2 25950 2850941618 1 26016
2851310789 2 25972 2851310820 1 26021
2851413135 2 25983 2851413166 1 26022
2851531693 2 25997 2851531727 1 26025
2851642209 2 26004 2851642241 1 26027
2853072756 1 26046 2853072893 0 9551
2858625813 2 26010 2858625849 1 26123
2858958623 2 26019 2858958653 1 26125
2859259123 2 26043 2859259154 1 26130
2859419330 2 26057 2859419363 1 26133
2859534071 2 26071 2859534090 1 26135
2859629717 2 26080 2859629783 1 26136
2859802883 0 9573 2859802971 2 26098
2860297994 0 9575 2860298110 1 26146
2867353180 2 26132 2867353212 1 26244
2867547040 2 26142 2867547074 1 26247
2867830468 2 26162 2867830502 1 26252
2868105346 2 26204 2868105377 1 26256
2868228842 2 26219 2868228874 1 26258
2868264440 2 26221 2868264472 1 26259
2875283240 2 26234 2875283273 1 26354
2876019710 2 26262 2876019746 1 26364
2876158707 2 26270 2876158744 1 26366
2876200771 2 26272 2876200804 1 26367
2876473635 2 26301 2876473666 1 26371
2876585776 2 26313 2876585808 1 26372
2879456519 0 9636 2879456638 1 26412
2884063568 2 26335 2884063600 1 26472
2884391627 0 9659 2884391712 2 26354
2884504089 2 26362 2884504122 1 26478
2884544070 2 26365 2884544102 1 26479
2884581341 0 9662 2884581425 2 26371
2884594975 0 9663 2884595061 2 26374
2884626531 2 26378 2884626566 1 26480
2884848207 2 26404 2884848239 1 26481
2887914677 0 9670 2887914794 1 26525
2892343887 2 26432 2892343919 1 26585
2892472918 2 26438 2892472950 1 26587
2892537349 2 26447 2892537381 1 26588
2892657058 2 26457 2892657090 1 26590
2892705328 2 26461 2892705363 1 26591
2892781215 0 9688 2892781299 2 26467
2892832927 2 26471 2892832959 1 26593
2893103463 2 26499 2893103498 1 26594
2893111953 2 26500 2893111982 1 26595
2893137613 0 9689 2893137697 2 26502
2893293480 2 26516 2893293514 1 26597
2893313262 2 26519 2893313292 1 26598
2895940066 0 9697 2895940185 1 26636
2900709918 2 26537 2900709952 1 26701
2901293384 2 26582 2901293415 1 26707
2901315372 0 9719 2901315456 2 26583
2909681283 2 26674 2909681317 1 26820
2909877347 2 26695 2909877381 1 26822
2909934328 2 26699 2909934361 1 26823
2910044671 0 9755 2910044800 2 26705
2910112777 2 26710 2910112808 1 26825
2910120565 2 26711 2910120596 1 26826
2913320961 0 9770 2913321078 1 26868
2917083263 2 26713 2917083297 1 26921
2917495261 2 26738 2917495295 1 26927
2917627865 2 26754 2917627898 1 26929
2917761195 2 26763 2917761226 1 26930
2917772208 2 26765 2917772239 1 26931
2917776204 0 9781 2917776287 2 26766
2925697739 2 26827 2925697772 1 27041
2925896681 2 26846 2925896712 1 27045
2925999705 2 26852 2925999738 1 27046
2926031054 2 26855 2926031090 1 27047
2926163939 2 26866 2926163969 1 27049
2926471940 2 26902 2926471972 1 27055
2934358339 2 26977 2934358371 1 27162
2934569092 2 26996 2934569124 1 27165
2934650045 0 9834 2934650130 2 27005
2934665217 0 9835 2934665304 2 27007
2934804923 2 27022 2934804957 1 27168
2934885451 2 27035 2934885483 1 27169
2934987287 2 27044 2934987320 1 27171
2942150327 2 27052 2942150361 1 27272
2942436156 2 27064 2942436192 1 27276
2942532504 2 27075 2942532535 1 27278
2942681323 0 9853 2942681407 2 27088
2942703643 2 27092 2942703677 1 27281
2942800471 2 27102 2942800502 1 27282
2942955236 2 27115 2942955268 1 27284
2943063528 2 27128 2943063562 1 27285
2943097235 1 27286 2943097290 2 27134
2944735221 0 9861 2944735338 1 27309
3008816577 2 27361 3008816610 1 27389
3009190555 2 27384 3009190586 1 27392
3009245892 0 10080 3009245976 2 27389
3009305457 2 27398 3009305489 1 27393
3014513262 0 10101 3014513380 1 27447
3017430960 0 10123 3017431046 2 27436
3017596218 2 27448 3017596253 1 27479
3017828982 2 27464 3017829015 1 27481
3018025686 2 27481 3018025718 1 27483
3018401896 2 27507 3018401926 1 27488
3026032518 2 27542 3026032552 1 27565
3026242957 0 10154 3026243039 2 27560
3026489556 2 27589 3026489586 1 27571
3034135812 2 27607 3034135844 1 27650
3034605934 2 27636 3034605968 1 27655
3034736365 2 27652 3034736400 1 27656
3034768030 0 10192 3034768114 2 27656
3035051222 2 27677 3035051252 1 27659
3035915048 0 10196 3035915168 1 27669
3042271292 2 27686 3042271327 1 27758
3042336849 2 27690 3042336876 1 27759
3042525162 2 27699 3042525193 1 27762
3042612844 2 27707 3042612878 1 27763
3042872446 2 27739 3042872481 1 27767
3043278093 2 27786 3043278126 1 27771
3045458394 0 10227 3045458511 1 27801
3050519543 2 27797 3050519578 1 27867
3050773097 2 27805 3050773130 1 27871
3051023956 2 27826 3051023990 1 27875
3051237347 2 27845 3051237378 1 27877
3051481841 2 27876 3051481988 0 10255
3051528521 2 27880 3051528552 1 27881
3051610169 2 27889 3051610202 1 27882
3059067991 2 27913 3059068082 1 27986
3059167710 0 10280 3059167831 1 27987
3059707881 2 27974 3059707913 1 27993
3059856622 2 27990 3059856654 1 27995
3059926961 2 27998 3059926997 1 27996
3059979463 2 28004 3059979496 1 27997
3060023752 2 28007 3060023781 1 27998
3060288841 0 10284 3060288965 1 28002
3067188566 2 28020 3067188598 1 28096
3067539461 2 28035 3067539606 1 28099
3067731416 2 28050 3067731447 1 28102
3067779377 2 28056 3067779412 1 28103
3068217580 0 10314 3068217666 2 28101
3069221651 0 10317 3069221771 1 28121
3075669875 2 28128 3075669909 1 28211
3076012870 2 28146 3076012900 1 28216
3076544856 2 28202 3076544886 1 28223
3076625658 2 28212 3076625692 1 28224
3083718657 0 10366 3083718774 1 28321
3084112759 2 28235 3084112789 1 28325
3084301799 2 28249 3084301831 1 28328
3084600364 2 28270 3084600396 1 28333
3084689316 2 28278 3084689349 1 28334
3084759934 2 28284 3084759989 1 28335
3084811294 2 28291 3084811327 1 28336
3084881438 1 28337 3084881445 2 28300
3084981917 0 10370 3084982033 1 28338
3092555223 2 28335 3092555259 1 28442
3092743691 2 28355 3092743724 1 28446
3092962453 2 28370 3092962483 1 28450
3093351802 2 28432 3093351837 1 28456
3100546651 2 28446 3100546684 1 28556
3100887250 0 10414 3100887369 1 28562
3101123248 2 28486 3101123278 1 28565
3101172231 2 28489 3101172261 1 28566
3101414209 2 28514 3101414241 1 28570
3101486774 0 10415 3101486860 2 28523
3101510549 2 28526 3101510581 1 28572
3108327226 0 10447 3108327348 1 28661
3108915849 2 28549 3108915884 1 28669
3109013963 2 28557 3109013994 1 28670
3109091068 2 28565 3109091103 1 28671
3109462484 2 28598 3109462514 1 28676
3109580912 2 28609 3109580943 1 28678
3109702967 2 28620 3109703000 1 28680
3109987048 2 28641 3109987080 1 28683
3117474374 2 28668 3117474412 1 28788
3117584583 2 28675 3117584613 1 28789
3117664989 2 28681 3117665018 1 28791
3118387626 2 28744 3118387657 1 28798
3125895067 2 28768 3125895096 1 28906
3126117261 2 28784 3126117296 1 28907
3126201980 2 28792 3126202075 1 28908
3126239599 2 28794 3126239634 1 28909
3126481623 2 28819 3126481654 1 28913
3126774257 2 28845 3126774291 1 28917
3126849204 0 10504 3126849325 1 28919
3131992866 0 10521 3131992980 1 28990
3133280545 0 10522 3133280660 1 29009
3134382281 2 28879 3134382312 1 29023
3134539464 2 28887 3134539498 1 29025
3134584569 2 28893 3134584604 1 29027
3134688974 2 28905 3134689008 1 29028
3134909804 2 28934 3134909847 1 29031
3136147332 0 10530 3136147448 1 29048
3150788167 0 10571 3150788253 2 29069
3200861371 2 29088 3200861405 1 29112
3200962824 2 29098 3200962857 1 29113
3201037327 2 29105 3201037362 1 29114
3206981487 1 29175 3206981611 0 10761
3209311167 2 29170 3209311199 1 29199
3209356971 2 29173 3209357004 1 29200
3209451317 2 29182 3209451349 1 29201
3210117378 0 10772 3210117496 1 29207
3217232328 2 29229 3217232361 1 29281
3217494706 0 10797 3217494792 2 29242
3218282673 2 29310 3218282704 1 29291
3218355106 2 29312 3218355138 1 29292
3218532825 0 10803 3218532948 1 29294
3223793867 0 10819 3223793985 1 29353
3225571218 2 29319 3225571275 1 29377
3226083582 2 29353 3226083616 1 29383
3226213875 0 10830 3226213959 2 29361
3226411417 2 29384 3226411454 1 29387
3226582929 0 10832 3226583016 2 29409
3234327099 2 29443 3234327134 1 29495
3234465627 2 29453 3234465662 1 29496
3234509089 0 10860 3234509174 2 29457
3234524207 2 29458 3234524241 1 29497
3234690440 0 10862 3234690525 2 29475
3234736009 2 29479 3234736044 1 29501
3235049843 2 29511 3235049887 1 29505
3235061696 2 29513 3235061728 1 29506
3235782606 0 10865 3235782724 1 29515
3242457605 2 29531 3242457653 1 29607
3243421308 2 29637 3243421339 1 29621
3243457885 2 29641 3243457917 1 29622
3250753476 2 29649 3250753510 1 29726
3250828289 0 10906 3250828374 2 29651
3250851208 2 29652 3250851239 1 29727
3251042553 2 29663 3251042635 1 29730
3251179072 2 29678 3251179104 1 29732
3251325269 2 29690 3251325304 1 29735
3251424800 2 29698 3251424826 1 29736
3251618221 2 29720 3251618255 1 29739
3255485387 0 10919 3255485505 1 29791
3258895581 2 29745 3258895614 1 29840
3259431217 0 10931 3259431338 1 29848
3259607839 2 29782 3259607872 1 29851
3259728932 2 29798 3259728968 1 29852
3260137307 2 29843 3260137340 1 29856
3260194292 2 29847 3260194324 1 29857
3267630037 2 29860 3267630072 1 29962
3267789268 2 29872 3267789300 1 29964
3267883420 2 29877 3267883450 1 29965
3268353214 2 29932 3268353248 1 29969
3271885970 1 30020 3271886098 0 10970
3275826340 2 29963 3275826373 1 30076
3276278435 2 29996 3276278467 1 30081
3276419893 2 30009 3276419926 1 30084
3276526629 2 30015 3276526718 1 30085
3276595007 2 30023 3276595040 1 30087
3276829849 2 30039 3276829880 1 30091
3280697666 0 10998 3280697785 1 30144
3284044373 2 30049 3284044410 1 30191
3284394172 2 30070 3284394212 1 30195
3284455577 2 30080 3284455609 1 30196
3284612372 2 30092 3284612408 1 30198
3284784397 2 30113 3284784429 1 30201
3284999766 2 30129 3284999799 1 30204
3286175874 0 11012 3286175988 1 30220
3288228224 1 30250 3288228301 0 11016
3290469371 0 11026 3290469496 1 30281
3292436242 2 30146 3292436272 1 30306
3292551173 0 11035 3292551256 2 30149 3292551290 1 30307
3292784123 2 30166 3292784155 1 30310
3292955934 0 11036 3292956054 1 30313
3293049166 0 11037 3293049251 2 30189
3293096673 2 30193 3293096704 1 30315
3293484990 2 30241 3293485020 1 30319
3293525361 2 30242 3293525392 1 30320
3293563953 2 30244 3293563983 1 30321
3300759866 2 30255 3300759899 1 30416
3301173759 2 30289 3301173784 1 30421
3301284171 2 30301 3301284271 1 30422
3301529808 2 30324 3301529842 1 30425
3301580742 2 30328 3301580776 1 30426
3301679945 2 30333 3301679978 1 30427
3301725869 2 30338 3301725902 1 30428
3309138239 1 30526 3309138320 2 30359
3309211503 2 30364 3309211538 1 30527
3309291843 2 30370 3309291877 1 30529
3309482052 2 30383 3309482083 1 30532
3309560656 2 30388 3309560687 1 30533
3309640605 2 30395 3309640636 1 30534
3309854308 2 30415 3309854342 1 30537
3309863329 2 30416 3309863358 1 30538
3309934403 2 30421 3309934436 1 30539
3309981094 2 30428 3309981126 1 30540
3310058131 2 30440 3310058164 1 30541
3310122903 2 30444 3310122937 1 30542
3317680704 2 30471 3317680735 1 30647
3317786822 2 30479 3317786854 1 30648
3318134782 2 30505 3318134814 1 30654
3318215059 2 30515 3318215092 1 30655
3334338269 0 11191 3334338351 2 30680
3334344647 2 30681 3334344736 0 11192
3389219367 0 11383 3389219484 1 30820
3392185264 2 30798 3392185298 1 30850
3392509293 2 30813 3392509326 1 30854
3392608036 2 30817 3392608069 1 30855
3392694345 2 30829 3392694379 1 30856
3392957789 2 30842 3392957823 1 30858
3393012680 0 11390 3393012769 2 30851
3393572552 2 30884 3393572584 1 30864
3393983648 0 11394 3393983765 1 30869
3401199055 0 11423 3401199140 2 30925
3401236610 2 30929 3401236642 1 30944
3401343632 2 30940 3401343663 1 30945
3409178616 2 30980 3409178651 1 31026
3410105286 2 31055 3410105317 1 31035
3414003769 0 11453 3414003886 1 31086
3417327195 2 31064 3417327245 1 31132
3417535046 2 31074 3417535079 1 31135
3417773248 2 31092 3417773280 1 31137
3417838116 2 31097 3417838147 1 31138
3418239420 2 31142 3418239452 1 31145
3418405001 2 31161 3418405026 1 31148
3424777904 0 11485 3424778023 1 31236
3425925693 2 31185 3425925720 1 31250
3425961907 2 31187 3425961940 1 31251
3426216840 2 31201 3426216874 1 31255
3426256368 2 31208 3426256400 1 31256
3426377457 2 31223 3426377594 0 11491
3426387703 2 31225 3426387739 1 31258
3426614403 2 31260 3426614439 1 31261
3434431520 2 31300 3434431555 1 31371
3434569130 2 31316 3434569163 1 31373
3434689135 2 31327 3434689171 1 31375
3434881066 2 31345 3434881099 1 31378
3435086556 2 31365 3435086587 1 31380
3435140272 2 31367 3435140306 1 31382
3438693553 0 11528 3438693670 1 31430
3441516081 0 11537 3441516196 1 31469
3442790238 2 31405 3442790271 1 31486
3442882288 2 31410 3442882320 1 31488
3442942954 2 31413 3442942986 1 31489
3443065070 2 31426 3443065104 1 31491
3443177894 2 31436 3443177952 1 31493
3443254793 2 31448 3443254827 1 31494
3443304906 2 31457 3443304936 1 31495
3443453686 2 31472 3443453720 1 31497
3443510124 2 31476 3443510160 1 31498
3450563524 2 31484 3450563557 1 31593
3450840416 2 31492 3450840446 1 31598
3450935092 2 31502 3450935126 1 31599
3451069943 2 31512 3451069976 1 31601
3451169604 2 31522 3451169639 1 31602
3451569745 2 31551 3451569779 1 31608
3451745417 2 31565 3451745449 1 31609
3452388008 0 11572 3452388127 1 31619
3457511476 0 11591 3457511552 1 31689
3458811195 2 31574 3458811229 1 31707
3459034723 0 11594 3459034843 1 31711
3459444527 2 31602 3459444560 1 31717
3459530561 2 31608 3459530593 1 31718
3459610722 0 11596 3459610805 2 31616
3460047222 0 11597 3460047305 2 31661
3460050967 2 31662 3460050998 1 31724
3460079213 2 31665 3460079244 1 31725
3467203833 0 11624 3467203952 1 31822
3467480602 2 31689 3467480632 1 31826
3467762719 2 31708 3467762753 1 31830
3467893814 2 31713 3467893848 1 31832
3468016975 2 31724 3468017007 1 31833
3468257709 0 11626 3468257792 2 31764
3468302491 2 31767 3468302521 1 31837
3468417103 2 31773 3468417135 1 31838
3475856319 2 31795 3475856354 1 31943
3475975397 0 11651 3475975482 2 31807
3475995866 2 31810 3475995898 1 31945
3476114806 2 31819 3476114838 1 31946
3476316802 2 31836 3476316833 1 31948
3476418658 2 31849 3476418690 1 31949
3476554699 0 11654 3476554785 2 31859
3476691609 2 31879 3476691639 1 31953
3476764364 2 31885 3476764396 1 31954
3484557636 2 31928 3484557671 1 32059
3484696274 0 11685 3484696358 2 31941 3484696391 1 32061
3484801214 2 31953 3484801246 1 32063
3484854338 2 31955 3484854373 1 32064
3484893491 0 11686 3484893575 2 31960
3485022902 2 31973 3485022937 1 32066
3485084733 2 31978 3485084767 1 32067
3485102689 0 11687 3485102772 2 31981
3485141282 1 32068 3485141301 2 31983
3492474330 2 32000 3492474361 1 32164
3493205858 2 32061 3493205890 1 32176
3493290977 2 32070 3493291008 1 32177
3493371057 2 32080 3493371088 1 32179
3493440389 2 32090 3493440420 1 32180
3493495258 2 32096 3493495287 1 32181
3493499878 0 11720 3493499961 2 32097
3493534584 2 32100 3493534619 1 32182
3500977661 2 32123 3500977692 1 32282
3501156724 2 32134 3501156759 1 32284
3501173408 2 32136 3501173439 1 32285
3501211418 2 32138 3501211449 1 32286
3501352705 2 32155 3501352737 1 32288
3501665481 2 32190 3501665516 1 32293
3501775379 2 32200 3501775411 1 32295
3501912920 2 32206 3501912951 1 32297
3506185855 0 11765 3506185972 1 32353
3506727307 0 11769 3506727421 1 32362
3509152943 2 32219 3509152974 1 32394
3509306417 2 32230 3509306452 1 32397
3509817904 2 32265 3509817938 1 32404
3509894036 2 32270 3509894071 1 32406
3509962299 2 32279 3509962402 1 32407
3510082413 2 32289 3510082445 1 32410
3513303321 1 32454 3513303397 0 11789
3526590995 0 11818 3526591079 2 32471
3575885080 0 11979 3575885166 2 32504
3575951758 2 32508 3575951762 1 32510
3575960481 0 11980 3575960566 2 32509
3576019730 1 32511 3576019837 2 32516
3576152210 0 11981 3576152295 2 32525
3576582902 0 11984 3576582987 2 32537
3583930798 2 32541 3583930833 1 32592
3584170676 0 12018 3584170768 2 32546
3584215881 2 32548 3584215914 1 32595
3584477064 2 32566 3584477094 1 32598
3584569084 2 32576 3584569116 1 32599
3584675597 2 32590 3584675630 1 32600
3584820505 2 32608 3584820536 1 32602
3592648430 2 32640 3592648462 1 32682
3592726607 2 32644 3592726641 1 32683
3592841185 2 32658 3592841216 1 32684
3592989670 2 32675 3592989705 1 32686
3593107071 2 32690 3593107104 1 32687
3593168435 2 32697 3593168467 1 32688
3600437005 2 32712 3600437040 1 32768
3600670288 2 32717 3600670322 1 32772
3600957723 2 32730 3600957756 1 32777
3601011654 2 32735 3601011684 1 32778
3601200744 2 32748 3601200775 1 32780
3601706964 2 32795 3601706998 1 32787
3601787775 2 32805 3601787809 1 32788
3609287836 0 12089 3609287920 2 32834
3609407623 2 32842 3609407655 1 32898
3609783731 0 12091 3609783816 2 32875
3609820533 2 32877 3609820535 1 32903
3610031097 2 32894 3610031124 1 32906
3610226929 0 12092 3610227017 2 32918
3610241788 2 32920 3610241821 1 32909
3617477796 2 32930 3617477831 1 33009
3617632665 0 12119 3617632748 2 32937
3617650448 2 32942 3617650482 1 33012
3617973680 2 32967 3617973711 1 33014
3618095962 2 32973 3618095996 1 33016
3618234069 2 32988 3618234102 1 33017
3618255632 2 32990 3618255668 1 33018
3625770591 2 33041 3625770625 1 33122
3626089031 0 12151 3626089117 2 33055
3626380064 2 33073 3626380099 1 33128
3626406039 2 33078 3626406070 1 33129
3626478940 2 33088 3626478974 1 33130
3626611337 2 33107 3626611371 1 33132
3626821637 2 33129 3626821672 1 33136
3630126405 0 12165 3630126524 1 33181
3634186808 2 33151 3634186837 1 33237
3634280091 2 33155 3634280126 1 33238
3634367181 2 33158 3634367212 1 33239
3634421122 2 33166 3634421155 1 33240
3634458321 2 33173 3634458354 1 33241
3634560773 2 33180 3634560807 1 33242
3634739622 2 33193 3634739658 1 33245
3634931438 2 33211 3634931473 1 33248
3635067481 2 33223 3635067513 1 33250
3635240032 0 12179 3635240118 2 33234
3641198620 1 33337 3641198707 0 12195
3642461796 2 33241 3642461831 1 33354
3642583165 2 33251 3642583235 1 33356
3642874138 2 33270 3642874170 1 33359
3642959735 2 33277 3642959768 1 33361
3642971254 2 33278 3642971287 1 33362
3643223367 2 33299 3643223401 1 33365
3643282682 0 12201 3643282766 2 33306
3643437351 2 33322 3643437384 1 33368
3643643013 2 33335 3643643043 1 33372
3646930983 0 12217 3646931102 1 33415
3650911196 2 33349 3650911229 1 33470
3651070839 2 33360 3651070870 1 33473
3651155403 0 12230 3651155487 2 33367
3651198140 2 33370 3651198170 1 33474
3651341540 2 33377 3651341572 1 33476
3651501431 2 33396 3651501465 1 33479
3651555331 2 33403 3651555364 1 33480
3651792576 2 33423 3651792607 1 33483
3651825336 2 33424 3651825370 1 33484
3659146520 0 12253 3659146639 1 33585
3659202797 2 33441 3659202827 1 33586
3659327729 2 33453 3659327761 1 33587
3659342093 2 33454 3659342125 1 33588
3659410993 2 33461 3659411026 1 33589
3659500476 2 33466 3659500508 1 33590
3659579238 0 12255 3659579318 2 33473
3659657955 2 33478 3659657986 1 33591
3659692068 2 33483 3659692101 1 33592
3659803568 2 33496 3659803603 1 33594
3659853653 2 33501 3659853685 1 33595
3659861444 0 12256 3659861528 2 33502
3659871391 0 12257 3659871475 2 33503
3660128319 2 33531 3660128352 1 33597
3667307729 2 33546 3667307762 1 33696
3667605628 2 33559 3667605661 1 33701
3667965261 2 33588 3667965294 1 33706
3668014865 2 33591 3668014897 1 33707
3668328651 2 33615 3668328684 1 33710
3668506807 2 33633 3668506841 1 33713
3668576081 2 33637 3668576109 1 33714
3670271360 0 12294 3670271478 1 33737
3673331055 0 12303 3673331173 1 33779
3673396949 0 12304 3673397067 1 33780
3676073878 2 33665 3676073911 1 33816
3676173317 2 33675 3676173353 1 33817
3676372339 2 33689 3676372373 1 33818
3676461113 2 33697 3676461147 1 33819
3676474137 2 33700 3676474170 1 33820
3676527371 2 33704 3676527406 1 33821
3676567869 2 33709 3676567905 1 33822
3676643078 2 33720 3676643112 1 33823
3676754484 2 33735 3676754517 1 33824
3684580572 0 12347 3684580657 2 33783
3684872510 2 33812 3684872541 1 33934
3684874794 2 33813 3684874829 1 33935
3685055682 2 33829 3685055714 1 33938
3685084569 0 12350 3685084655 2 33832
3687604085 0 12359 3687604203 1 33972
3691069646 0 12371 3691069764 1 34019
3692802498 2 33873 3692802521 1 34043
3692870931 2 33880 3692870964 1 34044
3693223633 2 33907 3693223668 1 34049
3693355556 2 33924 3693355592 1 34051
3693471433 0 12377 3693471518 2 33939
3693665354 2 33951 3693665385 1 34056
3695266189 0 12382 3695266308 1 34079
3700833023 2 33955 3700833102 1 34154
3700969748 2 33959 3700969780 1 34156
3701202003 0 12402 3701202061 2 33972
3701233446 0 12403 3701233531 2 33975
3701519744 2 34003 3701519776 1 34164
3701917055 2 34036 3701917088 1 34171
3702029693 2 34038 3702029727 1 34172
3709235180 2 34049 3709235313 0 12425
3709576607 0 12428 3709576692 2 34072
3763120318 0 12593 3763120435 1 34214
3767512655 2 34214 3767512688 1 34259
3767752734 2 34226 3767752768 1 34261
3768167958 2 34260 3768167992 1 34267
3775906147 0 12641 3775906234 2 34303
3776321768 2 34331 3776321799 1 34350
3776572843 2 34352 3776572877 1 34352
3776653993 2 34360 3776654028 1 34353
3776658456 0 12642 3776658540 2 34361
3776935888 2 34376 3776935923 1 34356
3784294978 2 34387 3784295009 1 34433
3784365385 0 12674 3784365471 2 34392
3784369716 2 34393 3784369749 1 34434
3784721078 2 34416 3784721110 1 34436
3784782863 0 12675 3784782948 2 34420
3785132902 2 34458 3785132937 1 34441
3792778361 0 12708 3792778445 2 34488
3792818150 2 34490 3792818183 1 34537
3793227821 2 34528 3793227853 1 34543
3793582164 2 34566 3793582196 1 34549
3801207391 2 34594 3801207423 1 34653
3801413278 0 12737 3801413362 2 34607
3801605674 2 34627 3801605706 1 34658
3801681724 2 34640 3801681757 1 34660
3801890688 2 34661 3801890719 1 34663
3809279734 2 34680 3809279767 1 34766
3809680478 2 34711 3809680512 1 34771
3809720997 2 34715 3809721030 1 34772
3809785362 2 34722 3809785370 1 34773
3809953155 0 12764 3809953243 2 34744
3810016664 2 34750 3810016698 1 34776
3810209973 0 12767 3810210090 1 34778
3810246932 2 34771 3810246960 1 34779
3810302923 0 12768 3810303018 2 34778
3812698469 0 12774 3812698583 1 34812
3817574876 2 34793 3817574907 1 34880
3817820052 2 34803 3817820083 1 34884
3817986503 2 34813 3817986536 1 34886
3818013985 2 34816 3818014021 1 34887
3818069872 2 34822 3818069903 1 34888
3818105963 2 34828 3818106093 1 34889
3818268844 2 34849 3818268876 1 34890
3818351130 2 34861 3818351161 1 34893
3818468203 2 34870 3818468239 1 34894
3826096679 2 34902 3826096711 1 34999
3826284260 2 34923 3826284291 1 35002
3826334491 0 12816 3826334575 2 34928
3826461874 2 34941 3826461907 1 35004
3826674415 2 34966 3826674447 1 35007
3829271454 0 12830 3829271573 1 35040
3834461588 2 35012 3834461623 1 35109
3834529648 2 35016 3834529680 1 35110
3834545806 2 35018 3834545841 1 35111
3834766775 2 35034 3834766808 1 35113
3834772167 2 35035 3834772198 1 35114
3834783326 2 35037 3834783359 1 35115
3835062434 2 35066 3835062470 1 35117
3835205517 2 35078 3835205549 1 35119
3842712130 2 35101 3842712164 1 35224
3843291506 1 35231 3843291616 2 35158
3843604958 2 35194 3843604993 1 35236
3845421352 0 12884 3845421470 1 35263
3849776342 0 12901 3849776466 1 35322
3849913397 1 35324 3849913410 0 12902
3850902661 2 35213 3850902694 1 35338
3850949660 2 35216 3850949693 1 35339
3851300857 2 35241 3851300891 1 35342
3851856904 2 35285 3851856972 1 35350
3851935068 2 35294 3851935098 1 35352
3858946130 2 35301 3858946162 1 35451
3859170891 2 35306 3859170923 1 35456
3859683343 2 35341 3859683373 1 35460
3859822095 2 35354 3859822127 1 35463
3859961227 2 35363 3859961262 1 35465
3860126468 2 35377 3860126496 1 35466
3860255366 2 35385 3860255398 1 35470
3865223787 0 12942 3865223905 1 35540
3867597959 2 35403 3867597989 1 35569
3867815584 2 35418 3867815618 1 35573
3867987191 2 35432 3867987222 1 35576
3868050125 2 35440 3868050155 1 35577
3868211458 2 35454 3868211493 1 35580
3868371629 2 35472 3868371658 1 35582
3868580417 2 35485 3868580449 1 35586
3874157041 0 12975 3874157162 1 35662
3874249107 0 12976 3874249226 1 35663
3876365253 2 35521 3876365285 1 35694
3876500198 2 35537 3876500230 1 35695
3876504524 2 35538 3876504557 1 35696
3876557584 0 12979 3876557666 2 35543
3876796739 2 35570 3876796771 1 35700
3876827099 2 35575 3876827128 1 35701
3884332051 2 35601 3884332116 1 35803
3884366312 2 35602 3884366342 1 35804
3884472711 2 35613 3884472743 1 35806
3884849339 0 13006 3884849425 2 35638
3884894430 2 35643 3884894460 1 35812
3884909551 2 35646 3884909583 1 35813
3885080808 0 13008 3885080892 2 35666
3885169474 2 35677 3885169507 1 35816
3951221336 0 13250 3951221456 1 35913
3951388672 2 35935 3951388704 1 35915
3952409138 0 13253 3952409258 1 35927
3959584518 2 35966 3959584549 1 36000
3959683132 2 35975 3959683166 1 36001
3959969123 0 13284 3959969209 2 35997
3960163783 0 13285 3960163869 2 36017
3967813245 2 36045 3967813274 1 36084
3967861196 2 36051 3967861229 1 36085
3968317299 2 36093 3968317331 1 36090
3968413836 0 13312 3968413921 2 36103
3968486617 1 36092 3968486658 2 36110
3976360325 2 36158 3976360359 1 36173
3976432688 0 13339 3976432774 2 36167
3976645656 2 36185 3976645666 1 36176
3976729721 2 36194 3976729755 1 36177
3984132114 2 36199 3984132147 1 36265
3984293420 2 36203 3984293454 1 36268
3984424819 2 36211 3984424852 1 36270
3984580072 0 13364 3984580164 2 36221
3984938161 2 36250 3984938197 1 36278
3984992811 0 13365 3984992904 2 36256
3991201156 0 13380 3991201275 1 36367
3991456595 0 13381 3991456713 1 36371
3992793196 2 36323 3992793228 1 36388
3992870318 0 13389 3992870403 2 36326
3993077997 2 36345 3993078030 1 36392
3993207777 2 36358 3993207810 1 36394
3993415885 2 36385 3993415917 1 36395
3993689731 0 13391 3993689849 1 36399
3993694014 2 36417 3993694046 1 36400
4001036434 0 13416 4001036521 2 36433
4001308592 2 36458 4001308625 1 36505
4001319545 0 13421 4001319630 2 36459
4001463913 0 13422 4001463999 2 36476
4001693378 2 36501 4001693412 1 36508
4001869493 2 36522 4001869529 1 36510
4001930943 1 36511 4001931041 2 36526
4004066346 0 13429 4004066465 1 36542
4009400115 2 36549 4009400145 1 36618
4009617750 2 36561 4009617784 1 36620
4009660789 2 36565 4009660825 1 36621
4009909522 2 36586 4009909551 1 36624
4009928268 2 36588 4009928300 1 36625
4010011453 0 13441 4010011537 2 36601
4010034588 0 13442 4010034672 2 36604
4010212487 2 36624 4010212520 1 36629
4012088067 0 13448 4012088185 1 36656
4014150421 0 13452 4014150540 1 36686
4015680583 0 13456 4015680699 1 36708
4017301583 2 36645 4017301618 1 36729
4018105233 2 36693 4018105266 1 36740
4018154624 2 36695 4018154659 1 36741
4018207397 0 13464 4018207486 2 36701
4018263276 2 36705 4018263307 1 36743
4018280830 0 13465 4018280912 2 36707
4018483337 2 36724 4018483366 1 36746
4020506696 0 13470 4020506813 1 36776
4025477566 0 13485 4025477685 1 36845
4026144797 2 36760 4026144828 1 36852
4026167330 2 36763 4026167364 1 36853
4026179322 2 36765 4026179352 1 36854
4026285690 2 36776 4026285724 1 36855
4026379516 2 36783 4026379550 1 36856
4026770841 2 36828 4026770876 1 36861
4028492134 1 36885 4028492139 0 13497
4034417784 2 36872 4034417815 1 36964
4034666983 2 36889 4034667012 1 36968
4034755446 2 36900 4034755481 1 36969
4035208730 2 36947 4035208763 1 36976
4035217158 2 36948 4035217194 1 36977
4035258459 2 36950 4035258493 1 36978
4042708967 2 36962 4042708997 1 37079
4042719074 2 36963 4042719113 1 37080
4042988016 2 36987 4042988051 1 37083
4043093408 2 36993 4043093438 1 37085
4043163782 2 36999 4043163817 1 37086
4043297862 2 37015 4043297893 1 37088
4043312355 2 37017 4043312387 1 37089
4043400979 2 37029 4043401013 1 37090
4043679264 0 13550 4043679350 2 37056
4043751158 2 37061 4043751190 1 37093
4046381148 0 13564 4046381266 1 37129
4051124069 2 37083 4051124103 1 37193
4051284225 2 37094 4051284258 1 37195
4051369326 2 37099 4051369361 1 37197
4051662570 2 37128 4051662606 1 37202
4051713241 2 37131 4051713277 1 37203
4054097457 0 13586 4054097574 1 37235
4054678971 0 13588 4054679089 1 37244
4059304560 2 37174 4059304594 1 37305
4059402308 0 13610 4059402393 2 37177
4059475073 2 37182 4059475105 1 37307
4059736656 2 37200 4059736691 1 37310
4059862692 2 37212 4059862726 1 37313
4060173847 2 37247 4060173879 1 37316
4060260054 2 37256 4060260085 1 37318
4061061659 0 13618 4061061782 1 37329
4067915255 2 37279 4067915283 1 37426
4068184656 2 37305 4068184693 1 37428
4068341164 2 37317 4068341218 1 37430
4068456970 1 37432 4068457007 2 37327
4068537828 2 37335 4068537862 1 37433
4073739136 0 13655 4073739253 1 37505
4076062518 2 37364 4076062552 1 37534
4076124894 0 13670 4076124980 2 37370
4076436373 2 37394 4076436408 1 37538
4076615246 2 37416 4076615279 1 37540
4076658151 2 37422 4076658187 1 37541
4076681801 0 13672 4076681887 2 37426
4076759867 2 37439 4076759902 1 37543
4076904778 2 37457 4076904813 1 37545
4077133375 0 13673 4077133495 1 37549
4084978036 0 13703 4084978111 2 37543
4092699461 2 37598 4092699548 0 13733
4142696796 0 13904 4142696877 2 37634
4142807490 2 37644 4142807521 1 37642
4150952940 0 13931 4150953030 2 37682
4151068947 2 37684 4151068978 1 37728
4151143119 0 13932 4151143204 2 37690
4151428989 2 37712 4151429024 1 37732
4151716625 2 37734 4151716704 1 37735
4151967204 2 37758 4151967234 1 37738
4158083947 0 13955 4158084065 1 37801
4159400415 2 37770 4159400446 1 37814
4159606686 2 37784 4159606717 1 37816
4159654648 0 13960 4159654733 2 37789
4159750839 2 37795 4159750871 1 37818
4159932949 0 13964 4159933031 2 37814
4159950159 2 37815 4159950194 1 37820
4160120287 2 37841 4160120317 1 37822
4167544055 2 37849 4167544089 1 37898
4167941052 2 37874 4167941084 1 37902
4167995135 0 13993 4167995221 2 37877
4168089067 2 37885 4168089101 1 37903
4168224841 2 37900 4168224875 1 37905
4168400726 2 37920 4168400761 1 37907
4174022823 0 14012 4174022948 1 37983
4176248655 2 37957 4176248688 1 38012
4176251067 2 37958 4176251099 1 38013
4176433307 0 14022 4176433392 2 37970
4176601110 0 14024 4176601193 2 37989
4176660846 2 37994 4176660878 1 38018
4176833372 1 38020 4176833387 2 38019
4180803826 0 14040 4180803943 1 38074
4184795888 2 38082 4184795924 1 38131
4184931021 0 14049 4184931105 2 38094
4185035873 0 14051 4185035958 2 38108
4185258044 0 14053 4185258128 2 38134
4193090195 2 38197 4193090229 1 38244
4193166623 0 14079 4193166711 2 38204
4193366521 2 38228 4193366552 1 38247
4193376101 2 38229 4193376132 1 38248
4193499095 2 38242 4193499136 1 38250
4193555829 2 38247 4193555860 1 38251
4201278540 2 38295 4201278573 1 38358
4201316306 2 38300 4201316339 1 38359
4201425293 2 38309 4201425324 1 38360
4201551284 2 38324 4201551319 1 38361
4201595373 2 38328 4201595406 1 38363
4201690181 2 38338 4201690320 1 38365
4201801671 2 38354 4201801702 1 38366
4201939826 2 38364 4201939857 1 38368
4201996002 2 38369 4201996037 1 38370
4209367331 2 38386 4209367362 1 38469
4209691141 2 38410 4209691173 1 38473
4209949206 2 38433 4209949240 1 38477
4210091786 2 38443 4210091819 1 38479
4217800152 2 38496 4217800182 1 38587
4218008148 0 14157 4218008233 2 38510
4218187296 2 38524 4218187327 1 38593
4218375682 2 38537 4218375713 1 38595
4218693527 2 38562 4218693561 1 38600
4218774801 0 14162 4218774886 2 38565
4221969495 0 14180 4221969614 1 38641
4223196665 0 14182 4223196784 1 38659
4226122187 2 38573 4226122216 1 38701
4226190143 2 38578 4226190174 1 38702
4226223169 1 38703 4226223226 2 38581
4226305034 2 38589 4226305040 1 38704
4226501192 2 38603 4226501224 1 38707
4226578400 2 38611 4226578433 1 38708
4226970652 2 38667 4226970684 1 38713
4234429236 2 38697 4234429266 1 38814
4234625352 0 14220 4234625441 2 38709
4234941088 2 38741 4234941122 1 38820
4234944109 2 38742 4234944141 1 38821
4235176315 2 38766 4235176344 1 38822
4239270591 0 14238 4239270709 1 38879
4242775219 2 38793 4242775249 1 38929
4242999893 2 38811 4242999925 1 38933
4243094676 2 38821 4243094708 1 38934
4243335928 2 38850 4243335960 1 38936
4243509999 2 38865 4243510032 1 38938
4243693086 2 38884 4243693120 1 38941
4243717614 2 38887 4243717645 1 38942
4245786118 0 14255 4245786235 1 38971
4251029329 2 38903 4251029359 1 39044
4251374293 2 38927 4251374327 1 39048
4251391800 0 14272 4251391887 2 38929
4251459502 2 38934 4251459535 1 39049
4251582493 2 38940 4251582527 1 39051
4251684141 2 38951 4251684176 1 39052
4251767088 2 38958 4251767118 1 39054
4251889519 2 38970 4251889551 1 39056
4256700989 0 14283 4256701116 1 39125
4259577046 2 39017 4259577077 1 39166
4259657614 2 39020 4259657646 1 39167
4259766465 2 39033 4259766490 1 39169
4260097297 2 39064 4260097330 1 39173
4260120782 2 39069 4260120815 1 39175
4260202416 2 39078 4260202451 1 39176
4260261734 2 39087 4260261768 1 39177
4263598439 0 14299 4263598556 1 39223
4267751701 2 39118 4267751734 1 39282
4267816102 0 14312 4267816187 2 39123
4268083619 0 14314 4268083705 2 39145
4268274344 2 39162 4268274373 1 39288
4268576555 2 39195 4268576589 1 39292
4268589889 2 39197 4268589923 1 39293
