35760806 0 116 35760925 1 5
36545577 0 118 36545697 1 13
40730098 2 31 40730129 1 56
41094421 2 60 41094452 1 60
48833926 2 82 48833956 1 140
48967563 2 95 48967597 1 141
49118595 2 106 49118626 1 143
49188107 0 163 49188191 2 114
49415922 2 133 49415955 1 146
56988928 2 158 56988960 1 223
57204571 2 176 57204602 1 226
57472752 2 192 57472784 1 229
57532865 2 198 57532901 1 230
57609998 2 207 57610030 1 231
57915295 0 197 57915379 2 233
60031513 0 203 60031527 1 255
60917501 0 206 60917620 1 266
61036440 0 208 61036557 1 267
65433528 2 245 65433563 1 324
65658546 2 261 65658577 1 329
65691476 2 264 65691508 1 330
66033233 2 282 66033267 1 335
66219309 0 228 66219393 2 302
66236987 2 305 66237020 1 336
71843526 0 243 71843609 1 415
74142750 2 357 74142784 1 447
74175897 2 358 74175930 1 448
74538855 2 401 74538886 1 452
74624071 2 414 74624107 1 453
74756236 2 425 74756268 1 455
78748979 0 272 78749001 1 508
82078394 2 440 82078425 1 556
82285172 2 451 82285206 1 559
82378266 0 282 82378351 2 458
82706010 2 487 82706044 1 563
82867067 2 502 82867097 1 565
82933507 2 510 82933541 1 566
85201634 0 293 85201753 1 597
89789532 0 308 89789650 1 660
90055624 2 529 90055659 1 664
90896541 2 563 90896574 1 674
90919056 0 312 90919139 2 568
91160536 2 595 91160570 1 678
91207088 2 598 91207118 1 679
91364387 2 618 91364417 1 681
95214774 0 332 95214895 1 734
98880725 2 653 98880757 1 781
99056613 2 657 99056645 1 783
99072267 2 659 99072300 1 784
99160800 2 666 99160844 1 785
99188325 2 670 99188357 1 786
99369137 2 689 99369171 1 788
99547804 2 712 99547840 1 792
99686827 2 721 99686857 1 793
99717371 2 723 99717407 1 794
105666018 0 367 105666135 1 875
106894744 0 372 106894862 1 892
107211421 2 749 107211455 1 896
107251903 0 373 107251987 2 752
107294016 2 755 107294045 1 898
107309902 2 759 107309934 1 899
107486660 2 767 107486720 1 901
107528701 2 773 107528732 1 902
107694488 0 374 107694572 2 791
107721796 2 798 107721828 1 904
107745931 2 800 107745962 1 905
107944241 2 825 107944272 1 908
108840924 1 920 108840992 0 377
115373191 2 843 115373220 1 1010
115519525 2 851 115519557 1 1012
115592190 2 855 115592226 1 1014
115866304 2 877 115866340 1 1018
115944347 0 400 115944431 2 885
116032260 2 890 116032290 1 1020
116086773 0 401 116086858 2 898
116296352 2 917 116296386 1 1024
116320612 0 402 116320696 2 920
116370436 2 922 116370467 1 1025
123627029 1 1126 123627091 2 937
123994842 2 954 123994873 1 1131
124011745 2 955 124011779 1 1132
124248597 2 969 124248630 1 1135
124333806 2 979 124333833 1 1136
124381755 1 1137 124381902 2 988
124600450 2 1018 124600482 1 1140
132044249 0 444 132044334 2 1054
132396737 2 1079 132396762 1 1239
132437550 2 1081 132437582 1 1240
132688002 2 1107 132688037 1 1244
132773647 2 1116 132773707 1 1245
132867987 2 1128 132868022 1 1246
133006455 2 1139 133006492 1 1248
133036262 2 1141 133036296 1 1249
133046372 0 448 133046459 2 1142
139865626 0 472 139865744 1 1338
140540921 2 1164 140540954 1 1345
140618355 2 1175 140618390 1 1346
140708912 2 1183 140708946 1 1348
141004524 2 1209 141004558 1 1353
141058726 2 1216 141058760 1 1354
148832948 2 1283 148832979 1 1463
149068844 2 1304 149068875 1 1467
149132181 2 1309 149132218 1 1468
149321319 2 1327 149321354 1 1471
149415004 2 1334 149415035 1 1472
149424309 2 1336 149424345 1 1473
149481149 2 1344 149481183 1 1474
149710292 2 1364 149710325 1 1477
157148363 2 1391 157148395 1 1579
157194784 2 1394 157194816 1 1580
157484521 2 1413 157484551 1 1584
157533106 2 1417 157533139 1 1585
157689932 2 1432 157689966 1 1587
157713016 2 1434 157713048 1 1588
157954536 2 1451 157954570 1 1592
158181091 0 509 158181180 2 1467 158181214 1 1595
165276365 1 1687 165276365 2 1473
165448351 1 1690 165448378 2 1480
165542711 2 1488 165542742 1 1692
165785811 2 1504 165785844 1 1695
165813801 2 1505 165813833 1 1696
165878733 2 1512 165878768 1 1697
165955319 2 1517 165955356 0 539
166220905 0 540 166220989 2 1544
166228929 2 1545 166228963 1 1702
166250914 0 541 166251000 2 1546
166592668 0 543 166592785 1 1706
223780876 2 1723 223780908 1 1733
223784665 2 1724 223784695 1 1734
228286240 0 761 228286284 1 1780
232129298 2 1759 232129329 1 1819
232442675 2 1782 232442710 1 1822
232603699 2 1793 232603731 1 1824
233483685 0 787 233483801 1 1833
240397508 2 1835 240397539 1 1903
240752684 2 1857 240752714 1 1907
241043259 2 1878 241043290 1 1910
241137494 2 1882 241137528 1 1911
241517651 2 1914 241517685 1 1914
243963551 0 818 243963669 1 1940
248809353 2 1922 248809383 1 1990
248974605 2 1932 248974639 1 1992
249095474 2 1941 249095506 1 1993
249255650 2 1953 249255684 1 1994
249274855 2 1955 249274888 1 1995
256840943 2 2001 256840977 1 2096
257076079 2 2011 257076112 1 2099
257253491 2 2022 257253525 1 2102
257710260 2 2048 257710391 1 2108
257749907 2 2052 257749938 1 2109
258048185 2 2082 258048229 0 863
258129212 0 864 258129330 1 2115
258146541 0 865 258146625 2 2089
258621384 0 868 258621502 1 2121
260663331 0 876 260663449 1 2148
265851568 0 897 265851681 1 2217
266000719 2 2138 266000751 1 2219
266385345 2 2184 266385376 1 2224
272529144 0 922 272529263 1 2308
273895080 1 2326 273895134 2 2204
274132962 2 2220 274132994 1 2329
274155485 2 2223 274155519 1 2330
274287116 2 2233 274287151 1 2332
274301207 0 928 274301290 2 2237
274421121 2 2248 274421153 1 2334
274581599 2 2261 274581633 1 2336
274703386 2 2278 274703419 1 2339
274899137 2 2293 274899171 1 2341
281997831 2 2303 281997860 1 2438
282253613 2 2313 282253643 1 2442
282368533 0 954 282368618 2 2320
282458555 2 2332 282458588 1 2445
282599003 2 2344 282599034 1 2447
282723581 2 2359 282723610 1 2449
282851853 2 2374 282851888 1 2451
283159006 2 2401 283159041 1 2456
283208204 2 2405 283208238 1 2457
285962047 0 968 285962163 1 2493
289036028 0 978 289036147 1 2535
290454729 2 2419 290454762 1 2553
290485020 2 2423 290485050 1 2554
290562638 2 2429 290562668 1 2555
290725497 2 2438 290725529 1 2558
291096185 2 2470 291096216 1 2562
291161271 2 2476 291161303 1 2564
291357268 2 2497 291357302 1 2567
291416556 2 2507 291416589 1 2568
291454656 2 2509 291454686 1 2569
298560285 2 2523 298560318 1 2670
299179316 2 2547 299179347 1 2678
299250040 2 2553 299250070 1 2679
299285108 2 2558 299285139 1 2680
299417639 2 2566 299417674 1 2681
299445971 2 2568 299446004 1 2682
299548933 2 2585 299548967 1 2684
299815330 2 2613 299815363 1 2686
304184481 0 1025 304184606 1 2746
307142748 2 2624 307142782 1 2785
307157520 2 2625 307157551 1 2786
307197194 2 2627 307197224 1 2787
307288667 2 2636 307288696 1 2788
307474464 2 2651 307474494 1 2791
307540389 2 2656 307540423 1 2792
307672980 2 2667 307673014 1 2794
307973166 2 2707 307973197 1 2797
308088925 2 2725 308088938 1 2799
311272090 0 1051 311272205 1 2842
313450259 0 1055 313450381 1 2874
315182757 0 1064 315182875 1 2897
315561541 2 2755 315561576 1 2902
315683223 2 2760 315683256 1 2904
315786872 2 2766 315786903 1 2905
315855102 2 2772 315855145 1 2906
316074348 2 2792 316074382 1 2908
316154716 2 2800 316154748 1 2909
316367099 2 2823 316367132 1 2913
316480935 2 2829 316480969 1 2914
316560220 2 2833 316560251 1 2916
320247692 0 1075 320247808 1 2969
323631063 2 2845 323631096 1 3018
323832363 2 2853 323832392 1 3021
323836243 2 2854 323836272 1 3022
324082994 2 2863 324083026 1 3024
324143409 2 2866 324143442 1 3025
324302694 2 2878 324302727 1 3027
324350583 2 2881 324350615 1 3028
324411739 2 2889 324411771 1 3029
324565692 2 2904 324565727 1 3030
324575504 1 3031 324575581 2 2907
324722734 0 1084 324722818 2 2924
328626483 0 1101 328626601 1 3086
331905538 0 1111 331905654 1 3131
332616830 2 2970 332616861 1 3140
332983381 2 3013 332983412 1 3147
333162115 2 3032 333162145 1 3150
340291805 1 3253 340291933 0 1129
340564449 2 3051 340564479 1 3255
340637620 2 3056 340637650 1 3256
340684046 2 3061 340684077 1 3257
340894709 0 1131 340894794 2 3074
341066471 2 3097 341066505 1 3262
341170883 2 3111 341170917 1 3264
341440240 2 3142 341440274 1 3268
341505253 2 3149 341505287 1 3269
342479849 0 1134 342479964 1 3283
342789841 0 1136 342789959 1 3287
348832238 2 3164 348832272 1 3369
348887066 2 3167 348887117 1 3370
349202181 2 3193 349202215 1 3374
349215320 0 1160 349215404 2 3195
349302002 2 3200 349302036 1 3376
349438085 0 1161 349438171 2 3210
349636913 2 3229 349636943 1 3380
349709372 2 3238 349709401 1 3381
349790559 2 3243 349790593 1 3383
352579647 0 1175 352579765 1 3419
407512214 2 3428 407512247 1 3428
407800006 2 3431 407800043 1 3431
415554346 0 1389 415554482 2 3449
415563174 2 3450 415563297 1 3511
415711125 2 3459 415711158 1 3512
415986384 2 3481 415986416 1 3516
416143986 2 3496 416144018 1 3517
416157601 1 3518 416157675 2 3498
416258094 2 3505 416258130 1 3519
416359336 2 3518 416359369 1 3520
422039417 0 1408 422039537 1 3578
423958199 0 1413 423958287 2 3536
424161169 0 1415 424161255 2 3558
424320159 2 3568 424320189 1 3602
424455662 2 3580 424455700 1 3603
424494871 0 1417 424494955 2 3585
424559652 0 1418 424559736 2 3593
432096318 1 3682 432096430 2 3613
432193351 2 3615 432193384 1 3683
432292146 2 3624 432292176 1 3684
432433391 2 3631 432433425 1 3686
432543443 2 3639 432543474 1 3687
432821802 2 3658 432821833 1 3690
437027729 0 1467 437027851 1 3743
438444897 0 1469 438445016 1 3764
440311900 2 3696 440311933 1 3790
440689380 2 3714 440689413 1 3796
441029569 2 3746 441029597 0 1476
444450885 0 1494 444451002 1 3844
449289673 2 3834 449289704 1 3910
449316194 1 3911 449316270 2 3837
449377700 2 3841 449377732 1 3912
449472180 2 3852 449472216 1 3913
449523853 2 3855 449523884 1 3915
449565182 0 1510 449565267 2 3860
449679020 0 1511 449679105 2 3874
449701209 2 3875 449701242 1 3917
457022655 2 3903 457022691 1 4020
457106566 0 1528 457106652 2 3905
457233987 2 3915 457234021 1 4023
457466914 2 3932 457466944 1 4025
457510755 2 3935 457510785 1 4026
457701743 2 3949 457701776 1 4029
457876439 2 3963 457876472 1 4031
457909858 2 3970 457909892 1 4032
458035542 2 3982 458035573 1 4034
458164237 2 3994 458164275 1 4036
458173349 2 3996 458173380 1 4037
461653306 0 1538 461653425 1 4082
465389123 2 4010 465389154 1 4131
465506751 2 4016 465506780 1 4133
465686086 2 4025 465686117 1 4136
465977873 2 4051 465977906 1 4140
466119569 2 4066 466119601 1 4141
466275228 2 4078 466275261 1 4142
468175994 0 1559 468176111 1 4168
474388019 2 4158 474388055 1 4253
474602670 0 1581 474602753 2 4184
474756752 2 4203 474756788 1 4258
474764824 0 1582 474764907 2 4204
479473799 0 1599 479473920 1 4324
482180044 2 4222 482180076 1 4361
482370374 2 4235 482370405 1 4362
482508511 2 4245 482508540 1 4365
482781589 2 4267 482781622 1 4369
482969598 2 4286 482969632 1 4371
483065898 0 1611 483065981 2 4298
483175474 2 4306 483175508 1 4375
484021381 0 1614 484021497 1 4385
487292729 0 1623 487292848 1 4432
490576983 2 4321 490577014 1 4476
490834745 2 4337 490834775 1 4480
490918306 2 4344 490918342 1 4481
490926974 0 1638 490927057 2 4345
491074931 2 4355 491074963 1 4483
491252991 2 4373 491253022 1 4486
491401264 2 4391 491401296 1 4488
491405294 0 1639 491405379 2 4392
499005527 2 4428 499005560 1 4592
499097096 2 4433 499097132 1 4595
499326368 0 1663 499326398 2 4453
499344004 2 4456 499344039 1 4599
499497007 2 4475 499497043 1 4601
499613540 2 4489 499613573 1 4603
499898711 2 4513 499898746 1 4607
500448212 0 1667 500448335 1 4613
507295805 2 4528 507295911 1 4708
507385615 0 1690 507385700 2 4532
507395001 2 4534 507395034 1 4709
507513771 2 4546 507513799 1 4711
507662376 2 4555 507662408 1 4713
507739984 2 4560 507740018 1 4714
507872732 2 4571 507872767 1 4716
507989590 0 1692 507989674 2 4586
508102203 2 4601 508102235 1 4720
508131753 0 1693 508131839 2 4605
509153555 0 1697 509153672 1 4733
515736283 0 1721 515736367 2 4647
515927666 2 4655 515927702 1 4826
516060427 2 4663 516060460 1 4828
516312717 2 4685 516312754 1 4832
516571269 2 4709 516571303 1 4835
516618243 2 4711 516618278 1 4836
523770227 2 4721 523770261 1 4937
524080534 2 4741 524080564 1 4942
524182851 2 4749 524182882 1 4943
524921883 2 4828 524921917 1 4952
532225534 2 4839 532225567 1 5059
532456069 2 4860 532456098 1 5063
532815389 2 4893 532815420 1 5066
532914771 2 4903 532914803 1 5068
540743947 0 1788 540744032 2 4959
541318628 0 1791 541318640 2 5012
549627589 0 1829 549627675 2 5119
549652076 0 1830 549652160 2 5123
594886413 1 5156 594886493 0 1982
598632340 2 5134 598632375 1 5195
599250991 2 5167 599251022 1 5201
599599542 2 5198 599599573 1 5204
607036425 0 2017 607036505 2 5211
607498853 0 2019 607498970 1 5286
607589639 2 5245 607589671 1 5287
607779467 2 5256 607779500 1 5289
607855907 2 5264 607855937 1 5290
607961495 2 5281 607961530 1 5291
608041129 2 5289 608041164 1 5292
615984462 2 5325 615984497 1 5374
616048198 0 2043 616048283 2 5328
616188086 2 5347 616188118 1 5376
616473558 0 2044 616473643 2 5373
616519918 2 5378 616519952 1 5380
623927365 2 5394 623927396 1 5479
624001790 2 5400 624001819 1 5480
624066628 2 5402 624066663 1 5481
624156219 2 5408 624156252 1 5482
624184116 2 5410 624184144 1 5483
624327470 2 5420 624327505 1 5484
624344923 2 5423 624344956 1 5485
624524698 2 5439 624524730 1 5487
624531023 2 5440 624531057 1 5488
624550538 2 5441 624550569 1 5489
624683958 2 5455 624683991 1 5491
626469204 0 2060 626469322 1 5518
627797937 0 2062 627798057 1 5538
632390659 2 5502 632390689 1 5601
632535144 2 5510 632535175 1 5603
632663459 2 5517 632663491 1 5605
632679599 2 5519 632679629 1 5606
632826839 2 5530 632826874 1 5607
633137306 2 5556 633137340 1 5612
635935420 0 2092 635935539 1 5649
636123636 0 2095 636123754 1 5651
640779015 2 5597 640779048 1 5714
640968718 2 5617 640968752 1 5716
640988026 2 5618 640988056 1 5717
641056098 2 5627 641056129 1 5719
641169907 2 5640 641169941 1 5720
641521185 2 5678 641521216 1 5724
641614431 2 5685 641614464 1 5725
646082921 0 2122 646083038 1 5791
647539029 0 2128 647539149 1 5810
648980251 0 2136 648980335 2 5712 648980366 1 5828
649263129 2 5729 649263162 1 5833
649477766 0 2137 649477852 2 5745
649715072 0 2139 649715156 2 5767
656905386 2 5788 656905420 1 5935
657048256 2 5790 657048290 1 5937
657576329 2 5826 657576362 1 5945
657648086 2 5832 657648119 1 5946
657889489 2 5855 657889524 1 5947
658128255 0 2167 658128341 2 5882
658289595 2 5898 658289627 1 5953
661339270 0 2179 661339389 1 5993
665790368 2 5928 665790402 1 6059
666050207 2 5937 666050241 1 6061
666059610 2 5938 666059643 1 6062
666324079 0 2186 666324162 2 5959
666407373 2 5964 666407407 1 6065
666447370 2 5969 666447403 1 6066
666575137 2 5980 666575168 1 6067
666644929 2 5985 666644962 1 6069
674338720 0 2214 674338804 2 6024
674602108 2 6055 674602138 1 6178
674740732 2 6072 674740767 1 6180
676932915 0 2219 676933030 1 6210
681473680 0 2229 681473798 1 6273
682662124 0 2236 682662210 2 6133
682736174 2 6140 682736206 1 6290
683050412 2 6171 683050443 1 6294
683160680 2 6185 683160719 1 6295
683202739 2 6188 683202816 1 6296
690529454 2 6203 690529483 1 6397
690697029 2 6211 690697061 1 6399
690711372 2 6212 690711403 1 6400
690949783 2 6236 690949815 1 6401
691030459 2 6246 691030493 1 6403
691158172 2 6259 691158203 1 6405
691231207 2 6267 691231238 1 6406
691347450 2 6279 691347482 1 6408
691463487 2 6298 691463520 1 6410
691676796 0 2269 691676881 2 6314
699043878 2 6341 699043911 1 6515
699164743 2 6351 699164775 1 6516
699187061 0 2293 699187147 2 6352
699223222 2 6354 699223253 1 6517
699295375 2 6361 699295406 1 6518
699344986 2 6366 699345019 1 6519
699610558 0 2295 699610643 2 6388
699795498 2 6411 699795532 1 6524
699847027 2 6415 699847061 1 6525
704032178 0 2305 704032296 1 6584
707488507 2 6444 707488542 1 6631
707564209 1 6633 707564318 2 6451
707687041 2 6466 707687072 1 6635
708065822 2 6507 708065856 1 6640
708142374 2 6515 708142406 1 6641
709241392 0 2322 709241506 1 6656
711583779 0 2331 711583896 1 6689
715760705 2 6556 715760744 1 6747
715768956 0 2342 715769041 2 6557
715771924 2 6558 715771957 1 6748
715842065 2 6563 715842096 1 6749
716044887 2 6577 716044919 1 6751
716145091 2 6588 716145125 1 6752
716162638 2 6590 716162673 1 6753
716179967 0 2345 716180053 2 6592
716547178 2 6633 716547212 1 6758
782286795 2 6852 782286852 1 6902
782592366 0 2554 782592482 1 6906
783087927 0 2557 783088049 1 6911
783235501 2 6912 783235532 1 6912
785542802 0 2568 785542920 1 6936
790462491 2 6915 790462521 1 6987
790817609 0 2586 790817694 2 6932
791089141 2 6965 791089175 1 6994
791227310 2 6976 791227341 1 6995
796965098 0 2608 796965218 1 7054
798931090 0 2614 798931174 2 7005
799301943 0 2617 799302060 1 7078
799858901 2 7077 799858936 1 7083
799894764 2 7082 799894797 1 7084
807163225 2 7091 807163257 1 7178
807308408 2 7098 807308441 1 7179
807405881 2 7101 807405909 1 7181
807672741 2 7122 807672774 1 7183
807737096 0 2643 807737179 2 7126
807797450 2 7132 807797482 1 7185
807932585 2 7148 807932620 1 7187
812827772 0 2664 812827890 1 7252
815315714 2 7193 815315748 1 7285
815479185 2 7197 815479218 1 7288
815546044 2 7199 815546083 1 7289
815930369 2 7221 815930404 1 7292
816080077 0 2679 816080165 2 7234
816345160 0 2680 816345231 2 7261
816441244 2 7269 816441276 1 7300
816490010 0 2681 816490092 2 7274
816514368 2 7276 816514402 1 7301
817469401 0 2684 817469520 1 7314
823688373 2 7295 823688406 1 7400
823979423 0 2706 823979506 2 7303
824043921 2 7306 824043956 1 7404
824083772 2 7309 824083806 1 7405
824223450 2 7318 824223482 1 7406
824230303 2 7319 824230338 1 7407
824518825 0 2708 824518854 2 7343
824603101 2 7353 824603136 1 7412
829223129 0 2720 829223244 1 7478
832337673 2 7415 832337694 1 7522
832537863 0 2727 832537981 1 7526
832772325 2 7444 832772357 1 7529
833005258 2 7468 833005292 1 7533
833243925 2 7492 833243958 1 7537
833291379 2 7496 833291410 1 7538
840824266 2 7526 840824297 1 7641
840836189 2 7528 840836221 1 7642
840941403 2 7535 840941435 1 7644
840993364 2 7540 840993394 1 7645
841090850 2 7552 841090883 1 7646
841210018 2 7563 841210050 1 7647
841216811 2 7564 841216843 1 7648
841322532 2 7575 841322562 1 7649
841405742 2 7583 841405776 1 7650
841430398 0 2748 841430485 2 7586
843555596 0 2752 843555712 1 7680
845795126 0 2759 845795245 1 7713
846333633 0 2761 846333746 1 7721
848945839 1 7755 848945926 2 7619
849355513 0 2770 849355599 2 7641
849512372 2 7654 849512405 1 7763
849572492 2 7662 849572528 1 7764
849881888 2 7710 849881920 1 7768
851582545 0 2779 851582666 1 7791
857214351 1 7871 857214479 2 7723
857250362 2 7724 857250396 1 7872
857434660 2 7735 857434690 1 7875
857530586 2 7745 857530619 1 7876
857619511 2 7748 857619545 1 7878
857710224 2 7756 857710261 1 7879
857929973 2 7777 857930006 1 7882
857964779 2 7783 857964814 1 7883
858046126 2 7791 858046161 1 7885
858295449 2 7815 858295481 1 7886
858395299 2 7818 858395331 1 7888
862393483 0 2808 862393600 1 7943
865427464 0 2819 865427583 1 7983
865712347 2 7832 865712379 1 7987
865793373 0 2821 865793460 2 7835
866012612 2 7851 866012646 1 7991
866019720 2 7852 866019806 1 7992
866180253 2 7862 866180286 1 7995
866276237 0 2822 866276322 2 7871
866569450 2 7902 866569482 1 7999
869885071 0 2839 869885189 1 8043
873140099 0 2850 873140217 1 8088
874251789 1 8104 874251934 2 7938
874550782 0 2855 874550868 2 7960
874667164 2 7972 874667197 1 8108
882562691 2 8029 882562725 1 8219
882794181 2 8045 882794214 1 8223
882923869 2 8056 882923903 1 8224
883039465 2 8068 883039496 1 8227
883150762 2 8079 883150798 1 8229
883226438 2 8086 883226473 1 8230
883369777 2 8096 883369810 1 8232
883375164 0 2878 883375249 2 8098
884864339 0 2883 884864456 1 8253
888623460 0 2897 888623578 1 8305
890208270 2 8100 890208302 1 8325
890583406 2 8108 890583445 1 8331
891625379 2 8194 891625413 1 8345
891659399 0 2907 891659483 2 8198
891676538 2 8202 891676570 1 8346
897179358 0 2928 897179477 1 8420
899201229 2 8227 899201268 1 8449
899222662 2 8229 899222696 1 8450
899283892 2 8234 899283925 1 8451
899357049 2 8240 899357082 1 8452
899407122 0 2933 899407208 2 8245
899477959 2 8250 899477996 1 8454
899610043 2 8263 899610078 1 8455
899775487 1 8458 899775533 2 8275
899821577 0 2935 899821663 2 8279
899925904 2 8285 899925933 1 8460
899979465 2 8290 899979496 1 8461
900077859 2 8295 900077891 1 8462
901603771 0 2944 901603890 1 8481
907849783 0 2970 907849866 2 8357
924038645 0 3025 924038733 2 8543
924216198 0 3026 924216283 2 8553
963191520 0 3160 963191636 1 8562
965936362 2 8577 965936394 1 8590
966160612 2 8592 966160646 1 8592
973723372 2 8602 973723404 1 8671
974320575 0 3204 974320660 2 8631
974323514 0 3205 974323600 2 8632
974501254 0 3206 974501337 2 8647
982391491 2 8697 982391520 1 8759
982634825 2 8707 982634857 1 8762
982790568 2 8719 982790598 1 8764
982829685 0 3241 982829769 2 8722
982865567 2 8724 982865595 1 8765
991065739 2 8803 991065771 1 8848
995634595 0 3286 995634715 1 8905
996403850 0 3292 996403969 1 8916
999299238 2 8881 999299270 1 8955
999334551 2 8882 999334584 1 8956
999488141 2 8898 999488172 1 8959
999597422 2 8908 999597452 1 8960
999767950 2 8931 999767982 1 8963
999936995 2 8943 999937024 1 8966
1006123759 1 9054 1006123854 0 3315
1007337574 2 8963 1007337604 1 9070
1007407336 2 8966 1007407368 1 9071
1007487456 2 8969 1007487490 1 9072
1007644989 2 8979 1007645025 1 9075
1007794519 0 3319 1007794618 2 8996
1007981676 2 9018 1007981704 1 9080
1008117380 2 9033 1008117410 1 9082
1008249613 2 9052 1008249643 1 9083
1008387451 2 9061 1008387482 1 9084
1011850682 0 3331 1011850799 1 9134
1015564824 0 3340 1015564944 1 9187
1015987006 2 9092 1015987037 1 9194
1016169657 2 9104 1016169693 1 9196
1016208875 0 3342 1016208958 2 9106
1016457510 2 9128 1016457541 1 9199
1016734352 2 9149 1016734383 1 9203
1024095418 2 9163 1024095450 1 9307
1024243686 0 3364 1024243770 2 9174
1024309278 2 9178 1024309310 1 9311
1024649800 2 9202 1024649835 1 9314
1024753588 2 9210 1024753622 1 9316
1024782346 0 3365 1024782431 2 9213
1024808937 1 9317 1024808980 2 9216
1024974209 2 9234 1024974241 1 9319
1031038360 0 3389 1031038477 1 9401
1032427704 2 9263 1032427735 1 9422
1032640726 2 9277 1032640763 1 9424
1032715410 0 3393 1032715493 2 9281
1032998950 2 9303 1032998980 1 9428
1033277971 2 9330 1033278007 1 9433
1038678031 0 3410 1038678148 1 9510
1041014790 2 9367 1041014823 1 9542
1041154541 2 9382 1041154573 1 9544
1041313498 2 9391 1041313532 1 9546
1041810582 2 9446 1041810615 1 9555
1041884190 2 9447 1041884223 1 9556
1048936099 2 9455 1048936129 1 9652
1048976223 2 9457 1048976257 1 9653
1049235962 0 3441 1049236046 2 9474
1049269434 2 9476 1049269469 1 9657
1049410756 2 9484 1049410790 1 9658
1049621274 2 9502 1049621307 1 9662
1049843517 2 9526 1049843549 1 9666
1049891307 0 3443 1049891390 2 9535
1050156414 0 3444 1050156531 1 9669
1057565050 2 9575 1057565083 1 9773
1057786559 0 3466 1057786641 2 9593
1057841418 0 3467 1057841503 2 9596
1057874916 2 9599 1057874948 1 9778
1057966825 2 9612 1057966859 1 9779
1058137549 2 9638 1058137579 1 9781
1058313386 2 9658 1058313418 1 9784
1058392172 2 9664 1058392199 1 9785
1058670352 0 3471 1058670470 1 9788
1065523262 2 9673 1065523297 1 9882
1066437357 2 9721 1066437388 1 9896
1066472964 2 9727 1066472996 1 9897
1066510844 2 9731 1066510876 1 9898
1066675804 2 9747 1066675836 1 9899
1072546455 0 3526 1072546571 1 9975
1072647418 0 3527 1072647536 1 9976
1074106770 0 3532 1074106889 1 9996
1074263991 2 9782 1074264022 1 9998
1074556443 2 9808 1074556477 1 10001
1074586129 2 9812 1074586164 1 10003
1074677553 2 9828 1074677587 1 10004
1074891633 0 3534 1074891718 2 9854
1074923373 2 9859 1074923412 1 10007
1082677419 2 9897 1082677448 1 10117
1082706405 2 9901 1082706439 1 10118
1083013976 0 3555 1083014061 2 9930
1083215065 2 9952 1083215099 1 10124
1083307472 2 9965 1083307501 1 10126
1083367478 2 9970 1083367509 1 10127
1083412759 2 9973 1083412791 1 10128
1085203805 0 3561 1085203928 1 10153
1090667243 2 9985 1090667276 1 10226
1091257964 2 10022 1091257998 1 10232
1091613432 2 10062 1091613464 1 10237
1091636206 0 3590 1091636293 2 10064
1091743118 2 10072 1091743148 1 10239
1099540776 0 3618 1099540860 2 10121
1099785678 0 3620 1099785762 2 10149
1108150969 0 3638 1108151054 2 10224
1108262899 0 3640 1108262984 2 10234
1148937020 1 10275 1148937090 2 10266
1149372648 0 3781 1149372764 1 10279
1149419967 0 3782 1149420050 2 10280
1149518761 0 3783 1149518880 1 10281
1157397508 0 3802 1157397593 2 10296
1157403632 2 10297 1157403664 1 10362
1157652624 2 10314 1157652659 1 10365
1157936897 2 10338 1157936932 1 10367
1165657164 2 10379 1165657198 1 10447
1165838336 2 10385 1165838367 1 10449
1166072857 2 10406 1166072892 1 10451
1166185918 2 10414 1166185951 1 10452
1166278150 2 10424 1166278181 1 10453
1166360129 2 10429 1166360161 1 10454
1166465938 2 10435 1166465973 1 10455
1166543675 2 10440 1166543705 1 10456
1171220849 0 3846 1171220967 1 10504
1174166750 2 10469 1174166784 1 10538
1174264599 0 3859 1174264685 2 10475
1174379941 2 10486 1174379971 1 10541
1174609002 2 10501 1174609033 1 10543
1174620491 2 10503 1174620523 1 10544
1175019399 2 10547 1175019423 1 10550
1176565799 0 3867 1176565920 1 10572
1178299414 0 3872 1178299531 1 10596
1182639539 2 10578 1182639574 1 10655
1182708504 0 3889 1182708590 2 10580
1182713726 2 10581 1182713759 1 10656
1182834311 0 3890 1182834395 2 10587
1183038833 2 10607 1183038866 1 10659
1183403907 2 10641 1183403940 1 10665
1190745641 0 3914 1190745726 2 10656
1191144506 2 10687 1191144537 1 10770
1191303789 2 10709 1191303821 1 10772
1191424848 0 3918 1191424936 2 10725
1191554422 2 10737 1191554458 1 10775
1191669935 1 10777 1191670028 2 10749
1195046381 0 3928 1195046502 1 10823
1196738741 0 3929 1196738859 1 10849
1198888321 2 10770 1198888354 1 10878
1199095255 2 10777 1199095391 0 3936
1199555264 2 10806 1199555297 1 10886
1199586134 2 10810 1199586168 1 10887
1199609882 2 10814 1199609916 1 10888
1199635873 0 3939 1199635958 2 10818
1199708769 2 10830 1199708800 1 10890
1199736031 0 3940 1199736114 2 10834
1199784804 2 10843 1199784837 1 10891
1199879751 1 10892 1199879826 2 10860
1200014291 2 10876 1200014325 1 10894
1200053676 2 10878 1200053707 1 10895
1207464619 2 10895 1207464651 1 10996
1207610137 2 10905 1207610170 1 10999
1207761656 2 10916 1207761691 1 11002
1208097205 2 10952 1208097238 1 11006
1208384216 0 3965 1208384304 2 10983
1213612037 1 11080 1213612120 0 3988
1214029317 0 3991 1214029434 1 11085
1215780436 2 11005 1215780467 1 11109
1215870524 2 11013 1215870555 1 11110
1216065563 2 11029 1216065597 1 11113
1216162193 2 11035 1216162225 1 11115
1216312117 2 11041 1216312153 1 11117
1216749581 0 4000 1216749666 2 11083
1216753587 2 11084 1216753619 1 11122
1222044813 1 11194 1222044900 0 4020
1224336864 2 11109 1224336900 1 11227
1224609887 2 11134 1224609921 1 11232
1224821012 2 11156 1224821043 1 11234
1224976361 2 11175 1224976508 1 11235
1232491970 2 11204 1232491977 1 11340
1232740595 2 11224 1232740628 1 11344
1232831417 2 11235 1232831452 1 11345
1233040525 2 11249 1233040619 0 4054
1233428541 2 11295 1233428574 1 11349
1237692165 0 4069 1237692284 1 11411
1240932445 2 11325 1240932476 1 11456
1240993537 0 4079 1240993622 2 11327
1240998354 0 4080 1240998443 2 11328
1241399183 0 4082 1241399266 2 11354
1241406344 2 11356 1241406376 1 11460
1241636240 2 11387 1241636271 1 11462
1241758726 2 11399 1241758759 1 11465
1241769193 0 4083 1241769276 2 11401
1248720629 2 11410 1248720662 1 11562
1249071812 2 11416 1249071846 1 11568
1249397726 2 11435 1249397759 1 11571
1249426686 0 4107 1249426772 2 11440
1249511818 2 11447 1249511852 1 11572
1249756935 2 11470 1249756968 1 11576
1256325775 0 4127 1256325894 1 11670
1257504958 2 11521 1257504989 1 11685
1257655274 2 11532 1257655305 1 11687
1257783182 2 11539 1257783216 1 11689
1257918801 2 11548 1257918835 1 11690
1258212961 2 11580 1258212993 1 11696
1258338419 2 11594 1258338451 1 11698
1266138741 2 11642 1266138774 1 11803
1266294635 2 11656 1266294670 1 11805
1266442724 2 11671 1266442757 1 11807
1266528324 2 11679 1266528354 1 11809
1266593787 2 11690 1266593819 1 11810
1266670740 2 11701 1266670772 1 11811
1266746639 2 11705 1266746672 1 11812
1267907805 0 4167 1267907921 1 11828
1273905572 2 11712 1273905606 1 11908
1274063203 2 11716 1274063236 1 11910
1274306164 2 11724 1274306200 1 11914
1274669992 2 11750 1274670025 1 11920
1274887251 2 11777 1274887283 1 11924
1275117373 2 11794 1275117406 1 11928
1276224086 0 4192 1276224202 1 11944
1335310862 0 4392 1335310983 1 11991
1340783641 0 4416 1340783759 1 12046
1340855821 2 11990 1340855854 1 12047
1340923637 2 11995 1340923669 1 12048
1341192278 2 12014 1341192313 1 12051
1341298097 2 12023 1341298132 1 12052
1341380845 2 12032 1341380880 1 12053
1341499241 1 12054 1341499324 2 12045
1341536522 0 4420 1341536608 2 12050
1341858003 2 12058 1341858032 1 12058
1349165037 0 4443 1349165156 1 12133
1349199578 0 4444 1349199665 2 12073
1349485411 2 12087 1349485441 1 12137
1349595011 0 4447 1349595094 2 12094
1349598943 2 12095 1349598974 1 12138
1349797296 2 12107 1349797437 1 12139
1350145425 2 12141 1350145458 1 12144
1357836530 0 4479 1357836615 2 12175
1357941073 2 12185 1357941104 1 12224
1358014428 0 4481 1358014516 2 12193
1361486775 0 4495 1361486893 1 12260
1363215016 0 4499 1363215075 1 12281
1366011097 2 12254 1366011128 1 12319
1366255213 2 12277 1366255247 1 12322
1366457784 2 12291 1366457816 1 12324
1366494196 2 12296 1366494229 1 12325
1366643008 0 4510 1366643092 2 12316
1366806582 0 4511 1366806667 2 12326
1369179289 0 4515 1369179413 1 12364
1374999004 2 12415 1374999036 1 12446
1375112049 1 12448 1375112113 2 12425
1375125554 1 12449 1375125622 2 12427
1379032580 0 4545 1379032625 1 12500
1381575886 0 4557 1381576005 1 12534
1382449006 2 12445 1382449041 1 12546
1382674117 2 12460 1382674148 1 12549
1383053993 0 4567 1383054076 2 12496
1383139373 2 12505 1383139407 1 12553
1383291302 2 12517 1383291333 1 12555
1383389201 2 12529 1383389232 1 12556
1383541163 0 4570 1383541280 1 12558
1391306237 2 12583 1391306268 1 12662
1392562046 0 4605 1392562163 1 12681
1392755041 0 4606 1392755159 1 12682
1398349263 0 4612 1398349380 1 12766
1399426569 0 4614 1399426654 2 12662
1399810867 2 12690 1399810899 1 12784
1399815399 2 12691 1399815443 1 12785
1399999991 2 12712 1400000027 1 12790
1404642307 0 4626 1404642424 1 12856
1407656621 0 4638 1407656707 2 12755
1407719010 2 12760 1407719041 1 12897
1407739677 0 4640 1407739762 2 12762
1408020933 2 12786 1408020966 1 12900
1408029132 2 12787 1408029158 1 12901
1408125179 2 12796 1408125213 1 12902
1408360961 2 12823 1408360993 1 12905
1408377369 0 4644 1408377451 2 12824
1408398684 2 12827 1408398720 1 12906
1415532288 2 12840 1415532321 1 13005
1416017825 2 12863 1416017858 1 13012
1416169616 2 12869 1416169647 1 13015
1416292270 2 12877 1416292305 1 13017
1416665229 2 12921 1416665262 1 13023
1416761163 2 12930 1416761194 1 13024
1416802242 2 12935 1416802387 1 13025
1419362602 0 4673 1419362719 1 13061
1424166895 2 12950 1424166929 1 13127
1424295044 2 12958 1424295075 1 13129
1424527319 2 12976 1424527352 1 13132
1424607629 2 12982 1424607665 1 13133
1424888184 0 4690 1424888264 2 13011
1425028657 0 4691 1425028741 2 13027 1425028775 1 13140
1432435997 1 13239 1432436004 2 13050
1432601095 0 4721 1432601180 2 13059
1433144949 0 4723 1433145033 2 13101
1433215915 0 4724 1433215996 2 13109
1433319389 0 4725 1433319472 2 13120
1436882520 0 4733 1436882637 1 13300
1440923074 2 13147 1440923105 1 13358
1441115469 2 13157 1441115499 1 13361
1441524671 2 13201 1441524705 1 13366
1441625837 2 13213 1441625868 1 13367
1441716528 0 4746 1441716614 2 13219
1441782710 2 13228 1441782744 1 13370
1446381930 0 4762 1446382061 1 13433
1448972567 2 13237 1448972601 1 13469
1449066319 2 13241 1449066350 1 13470
1449381357 2 13261 1449381387 1 13475
1449677689 0 4774 1449677805 1 13477
1449693363 0 4775 1449693445 2 13288
1450122580 2 13334 1450122614 1 13482
1450134243 0 4778 1450134361 1 13483
1457493667 2 13355 1457493697 1 13583
1457612357 2 13363 1457612387 1 13585
1457671364 2 13370 1457671397 1 13586
1457987397 2 13390 1457987429 1 13587
1458039835 2 13400 1458039867 1 13588
1458154108 0 4804 1458154191 2 13412
1458264335 0 4806 1458264420 2 13426
1458519544 0 4807 1458519627 2 13456
1461530079 0 4819 1461530199 1 13632
1462950359 0 4827 1462950477 1 13651
1466159781 0 4849 1466159866 2 13483
1474639977 0 4883 1474640062 2 13592
1474932265 0 4885 1474932350 2 13624
1523957724 2 13690 1523957758 1 13709
1529285270 0 5064 1529285318 1 13765
1532688416 2 13749 1532688448 1 13800
1532794207 2 13758 1532794240 1 13801
1533079374 2 13783 1533079404 1 13804
1533218408 0 5079 1533218491 2 13794
1535085128 0 5084 1535085245 1 13824
1540848412 2 13826 1540848445 1 13884
1541124104 0 5103 1541124188 2 13850
1545594940 0 5123 1545595057 1 13933
1549265415 2 13915 1549265446 1 13971
1549342262 2 13918 1549342296 1 13972
1549524596 0 5144 1549524680 2 13931
1549763694 2 13954 1549763748 0 5146
1549890857 2 13967 1549890926 1 13977
1550096103 0 5147 1550096188 2 13979
1557385201 2 13983 1557385234 1 14076
1557795034 2 14003 1557795068 1 14081
1557907816 2 14014 1557907847 1 14083
1558061831 2 14026 1558061864 1 14085
1558073506 2 14027 1558073540 1 14086
1558314027 2 14053 1558314058 1 14088
1558351413 2 14059 1558351448 1 14089
1564325463 1 14171 1564325543 0 5194
1565900961 2 14099 1565900995 1 14192
1565931972 2 14103 1565932007 1 14194
1566102224 2 14114 1566102256 1 14196
1566360558 2 14135 1566360588 1 14200
1566430856 2 14143 1566430891 1 14201
1566444504 2 14145 1566444536 1 14202
1566522356 2 14155 1566522394 1 14203
1566624566 0 5198 1566624651 2 14169
1572572572 0 5213 1572572687 1 14289
1574243066 2 14202 1574243097 1 14309
1574320706 2 14206 1574320742 1 14311
1574450615 2 14221 1574450648 1 14313
1575061545 2 14291 1575061579 1 14321
1575248582 2 14309 1575248615 1 14324
1577647187 0 5230 1577647303 1 14359
1580613168 0 5238 1580613284 1 14400
1582453240 2 14317 1582453274 1 14425
1582566018 1 14427 1582566041 2 14322
1582707498 2 14332 1582707533 1 14429
1582804172 2 14338 1582804207 1 14431
1583010210 0 5245 1583010293 2 14352
1583342386 2 14390 1583342420 1 14439
1583407963 2 14402 1583407998 1 14440
1589059259 0 5267 1589059378 1 14514
1590590910 2 14416 1590590945 1 14537
1591077473 2 14443 1591077503 1 14544
1591186122 2 14455 1591186153 1 14545
1591199952 2 14457 1591200074 1 14546
1591325565 2 14467 1591325596 1 14548
1591499306 2 14487 1591499339 1 14550
1591568598 2 14495 1591568631 1 14551
1591600451 2 14498 1591600482 1 14552
1591671036 2 14505 1591671071 1 14553
1599180917 2 14538 1599180947 1 14659
1599409524 2 14552 1599409556 1 14662
1599420403 2 14553 1599420438 1 14663
1599587126 2 14561 1599587160 1 14664
1599592728 2 14562 1599592758 1 14665
1599686781 2 14571 1599686812 1 14667
1599888082 2 14590 1599888116 1 14670
1600138151 2 14611 1600138185 1 14672
1600201814 2 14623 1600201846 1 14673
1603554796 1 14718 1603554871 0 5308
1606165591 0 5320 1606165711 1 14753
1607536725 2 14635 1607536758 1 14770
1607554785 2 14636 1607554819 1 14771
1607598451 1 14772 1607598576 2 14638
1607652462 2 14643 1607652493 1 14773
1607711997 2 14647 1607712035 1 14774
1607797361 2 14649 1607797392 1 14775
1607871917 2 14654 1607871949 1 14776
1607969644 2 14663 1607969678 1 14778
1607991665 0 5328 1607991748 2 14666
1608098659 2 14677 1608098667 0 5329
1608269452 2 14697 1608269483 1 14780
1608367980 2 14713 1608368013 1 14781
1616614377 2 14809 1616614411 1 14896
1616839196 2 14830 1616839230 1 14899
1616851813 2 14831 1616851848 1 14900
1618391365 0 5360 1618391484 1 14921
1620427842 0 5365 1620427960 1 14951
1624123336 2 14843 1624123367 1 15003
1624126625 2 14844 1624126661 1 15004
1624541714 2 14867 1624541748 1 15008
1624566831 2 14871 1624566865 1 15009
1624756262 2 14887 1624756294 1 15012
1624970675 2 14910 1624970710 1 15015
1624996528 2 14915 1624996562 1 15016
1625113162 2 14925 1625113197 1 15018
1630065106 0 5392 1630065224 1 15087
1632625258 2 14962 1632625289 1 15121
1632726739 2 14969 1632726771 1 15122
1632888235 2 14976 1632888268 1 15125
1633195821 2 15006 1633195855 1 15130
1633364557 2 15019 1633364592 1 15133
1634647306 0 5407 1634647424 1 15149
1634916253 0 5408 1634916372 1 15153
1640855308 0 5431 1640855394 2 15036
1641035834 0 5432 1641035920 2 15050
1641232380 2 15064 1641232412 1 15237
1641302010 2 15070 1641302041 1 15238
1641319758 0 5433 1641319840 2 15072
1641591885 0 5434 1641591970 2 15090
1641638108 2 15095 1641638140 1 15242
1641678896 0 5436 1641678980 2 15099
1641689271 2 15101 1641689304 1 15244
1649232273 0 5463 1649232357 2 15131
1649269589 2 15134 1649269620 1 15344
1649361963 2 15140 1649361993 1 15346
1649432713 0 5464 1649432799 2 15147
1649818661 2 15180 1649818693 1 15353
1650006696 2 15197 1650006823 1 15356
1650250113 2 15217 1650250144 1 15358
1658089493 0 5487 1658089578 2 15279
1715711661 1 15471 1715711782 2 15400
1716002944 2 15414 1716002974 1 15474
1716038914 0 5668 1716038999 2 15417
1716540705 2 15453 1716540743 1 15480
1716801088 2 15470 1716801122 1 15483
1724315341 0 5701 1724315434 2 15500
1724597953 2 15526 1724597985 1 15563
1724684709 2 15533 1724684742 1 15564
1724768500 2 15539 1724768534 1 15565
1724849468 2 15550 1724849499 1 15566
1732530540 2 15576 1732530570 1 15645
1733326470 2 15636 1733326504 1 15652
1738079934 1 15721 1738080009 0 5735
1740807304 2 15663 1740807337 1 15760
1740903837 2 15669 1740903868 1 15762
1741056345 2 15674 1741056377 1 15764
1741196062 2 15683 1741196094 1 15766
1741211453 0 5744 1741211539 2 15685
1741535343 2 15713 1741535377 1 15768
1741612837 2 15721 1741612869 1 15769
1741798320 2 15742 1741798351 1 15772
1743938634 0 5753 1743938754 1 15801
1744325832 0 5754 1744325951 1 15808
1748933629 2 15764 1748933663 1 15865
1749420203 0 5777 1749420286 2 15785
1749504579 0 5778 1749504666 2 15792
1749561208 2 15798 1749561240 1 15875
1749925982 2 15822 1749926015 1 15878
1749929891 2 15823 1749929923 1 15879
1750222201 2 15855 1750222232 1 15883
1757829209 2 15891 1757829241 1 15986
1757851438 2 15893 1757851473 1 15987
1757888514 2 15897 1757888543 1 15988
1758032702 2 15906 1758032736 1 15990
1758106378 2 15909 1758106408 1 15991
1758335341 2 15934 1758335370 1 15994
1758373678 2 15937 1758373711 1 15995
1758596820 2 15959 1758596851 1 15998
1760051105 0 5812 1760051223 1 16019
1766629375 2 16028 1766629408 1 16108
1766922351 2 16059 1766922381 1 16112
1771298311 0 5850 1771298429 1 16172
1771889066 0 5853 1771889184 1 16180
1774018132 2 16066 1774018162 1 16210
1774408316 2 16085 1774408349 1 16214
1774894876 2 16126 1774894910 1 16222
1774957716 2 16133 1774957748 1 16223
1775036117 2 16142 1775036153 1 16224
1775057003 0 5861 1775057088 2 16144
1775126687 2 16148 1775126716 1 16226
1775309858 1 16229 1775309963 2 16166
1779578404 0 5879 1779578522 1 16286
1782485147 2 16179 1782485181 1 16326
1782727268 2 16189 1782727301 1 16329
1782789584 2 16194 1782789618 1 16330
1782807445 2 16195 1782807478 1 16331
1782893384 2 16202 1782893415 1 16332
1783061087 2 16220 1783061122 1 16335
1783182096 1 16337 1783182153 2 16231
1783185238 0 5889 1783185320 2 16232
1783336053 2 16247 1783336169 0 5890
1783497145 2 16259 1783497174 1 16341
1783554552 2 16267 1783554583 1 16342
1790964197 2 16289 1790964231 1 16442
1791048194 2 16294 1791048224 1 16443
1791258024 2 16304 1791258054 1 16446
1791417937 2 16316 1791417969 1 16448
1791435168 0 5917 1791435209 2 16319
1791487657 0 5919 1791487742 2 16324
1791833024 2 16360 1791833056 1 16453
1791859915 2 16365 1791859946 1 16454
1791935377 2 16373 1791935410 1 16455
1795689748 0 5937 1795689868 1 16503
1799316630 0 5946 1799316714 2 16402
1799642469 2 16423 1799642609 1 16559
1799786173 2 16434 1799786202 1 16561
1799805047 2 16436 1799805080 1 16562
1800002988 0 5950 1800003070 2 16457 1800003103 1 16565
1800075833 2 16465 1800075865 1 16566
1800320961 2 16481 1800320994 1 16568
1803442921 0 5961 1803443040 1 16613
1807579143 2 16493 1807579173 1 16666
1807752748 2 16502 1807752778 1 16669
1807985939 2 16525 1807985974 1 16672
1808035150 2 16527 1808035177 1 16674
1808116600 2 16531 1808116631 1 16675
1808258782 2 16546 1808258866 0 5975
1815655900 2 16592 1815655934 1 16780
1816296556 2 16629 1816296590 1 16790
1816355413 2 16636 1816355449 1 16791
1816455362 2 16646 1816455397 1 16793
1816860887 2 16677 1816860923 1 16797
1819990021 0 6011 1819990140 1 16840
1820657857 0 6016 1820657976 1 16848
1821037204 0 6017 1821037321 1 16853
1824541887 2 16704 1824541918 1 16897
1824545785 0 6034 1824545870 2 16705 1824545904 1 16898
1824619538 2 16712 1824619572 1 16899
1824655762 0 6035 1824655847 2 16715
1824658026 0 6036 1824658112 2 16716
1824791965 2 16736 1824791996 1 16901
1824986447 2 16763 1824986483 1 16902
1825300278 2 16797 1825300313 1 16906
1825990430 1 16917 1825990530 0 6041
1832721052 2 16823 1832721084 1 17005
1832894717 2 16839 1832894752 1 17008
1832978760 2 16846 1832978790 1 17009
1833124482 0 6073 1833124565 2 16856
1833521891 2 16898 1833521925 1 17016
1833568619 0 6074 1833568703 2 16901
1833987873 1 17022 1833988021 0 6077
1836587913 0 6089 1836588031 1 17056
1837567178 0 6095 1837567296 1 17069
1840922926 0 6107 1840923011 2 16917
1841015659 0 6108 1841015744 2 16927
1841527847 0 6112 1841527933 2 16970
1849387820 0 6138 1849387906 2 17034
1899165118 2 17114 1899165151 1 17156
1899440375 0 6309 1899440458 2 17134
1904898725 1 17193 1904898729 0 6326
1907588881 2 17172 1907588913 1 17220
1907692001 2 17180 1907692031 1 17221
1907885767 2 17190 1907885799 1 17223
1908043747 2 17204 1908043821 0 6339
1908166563 0 6340 1908166647 2 17212
1908244573 2 17219 1908244607 1 17227
1908623918 0 6342 1908624003 2 17229
1908961989 0 6343 1908962109 1 17233
1915954295 2 17240 1915954325 1 17301
1916122799 2 17246 1916122833 1 17303
1916297047 2 17254 1916297083 1 17305
1916528496 2 17270 1916528527 1 17307
1916660434 0 6383 1916660518 2 17286
1918481478 0 6392 1918481597 1 17327
1920015655 0 6397 1920015775 1 17342
1924200804 0 6408 1924200892 2 17314
1924208623 2 17316 1924208658 1 17384
1924638029 2 17339 1924638062 1 17389
1924715744 2 17346 1924715798 1 17390
1924795403 0 6410 1924795486 2 17351
1924902956 2 17362 1924902988 1 17392
1928039755 0 6419 1928039875 1 17425
1930781309 0 6430 1930781428 1 17462
1931315850 0 6432 1931315968 1 17470
1933045323 2 17434 1933045354 1 17495
1933053987 0 6436 1933054073 2 17436
1933159324 2 17446 1933159356 1 17496
1933480679 2 17478 1933480714 1 17499
1933525872 2 17482 1933525905 1 17500
1941029874 2 17498 1941029905 1 17606
1941055399 2 17499 1941055432 1 17607
1941164833 2 17506 1941164980 1 17608
1941170082 0 6460 1941170166 2 17508
1941366699 2 17527 1941366729 1 17610
1941654033 2 17561 1941654064 1 17614
1941744305 0 6461 1941744389 2 17580
1941768951 2 17585 1941768985 1 17616
1942082169 2 17609 1942082201 1 17620
1942988724 0 6465 1942988843 1 17634
1944840027 0 6469 1944840149 1 17659
1952319450 0 6494 1952319563 1 17764
1954338897 0 6502 1954339012 1 17789
1957383218 2 17698 1957383253 1 17830
1957643635 2 17706 1957643666 1 17834
1958397735 2 17770 1958397767 1 17843
1958448285 2 17778 1958448315 1 17845
1958662619 2 17797 1958662654 1 17848
1958710169 2 17801 1958710202 1 17849
1966309928 2 17843 1966309962 1 17951
1966523235 2 17859 1966523362 1 17954
1966692314 2 17872 1966692348 1 17957
1966857725 2 17883 1966857758 1 17959
1974276531 2 17905 1974276562 1 18065
1974512893 1 18067 1974512974 2 17914
1974625686 2 17922 1974625719 1 18068
1974650209 2 17925 1974650241 1 18069
1974905925 0 6558 1974906009 2 17951
1974929103 0 6559 1974929186 2 17954
1975109687 2 17973 1975109725 0 6560
1975291452 2 17995 1975291484 1 18078
1980601770 0 6584 1980601885 1 18147
1982632677 0 6591 1982632761 2 18015
1983016781 2 18037 1983016811 1 18177
1983200023 2 18053 1983200056 1 18179
1983354735 2 18072 1983354767 1 18182
1983468938 2 18087 1983468972 1 18184
1983493486 0 6594 1983493570 2 18092
1990553447 1 18281 1990553497 0 6618
1991341038 2 18146 1991341072 1 18288
1991381119 2 18151 1991381151 1 18289
1991414191 0 6621 1991414276 2 18154
1991447621 2 18155 1991447652 1 18290
1991524026 2 18161 1991524061 1 18291
1991649879 2 18176 1991649915 1 18292
1991824778 2 18194 1991824809 1 18295
1991886736 2 18201 1991886771 1 18296
1991936507 2 18207 1991936541 1 18297
1999196962 2 18221 1999196997 1 18397
1999238450 2 18223 1999238483 1 18398
1999306243 0 6644 1999306330 2 18225
1999574087 2 18242 1999574118 1 18401
1999618532 2 18245 1999618564 1 18402
1999837559 2 18272 1999837595 1 18405
1999924444 2 18283 1999924477 1 18406
2000002122 2 18289 2000002156 1 18407
2000099156 2 18304 2000099270 1 18408
2000144054 2 18308 2000144086 1 18409
2000192662 0 6648 2000192749 2 18313
2001945694 0 6658 2001945810 1 18433
2002518442 0 6660 2002518559 1 18442
2004543219 0 6666 2004543336 1 18468
2007877153 2 18363 2007877188 1 18510
2008002847 2 18372 2008002879 1 18512
2008068658 2 18375 2008068690 1 18513
2008299319 0 6682 2008299404 2 18397
2008363318 2 18407 2008363351 1 18517
2008455870 0 6683 2008455952 2 18417
2008477352 2 18421 2008477385 1 18519
2015856052 2 18451 2015856086 1 18619
2015997612 2 18457 2015997638 1 18621
2016089284 2 18461 2016089313 1 18622
2016310377 2 18475 2016310410 1 18625
2016435035 2 18485 2016435068 1 18627
2016866338 2 18530 2016866369 1 18633
2016933176 2 18537 2016933207 1 18634
2016984976 2 18540 2016985007 1 18635
2023961675 2 18546 2023961709 1 18723
2024613095 2 18586 2024613130 1 18728
2024625796 2 18587 2024625829 1 18729
2024714357 2 18593 2024714392 1 18731
2025035844 2 18631 2025035878 1 18735
2025067505 2 18634 2025067537 1 18736
2025186228 0 6746 2025186313 2 18644
2025202670 2 18648 2025202701 1 18738
2025241657 2 18653 2025241690 1 18739
2032866270 0 6770 2032866356 2 18688
2091116003 2 18835 2091116040 1 18862
2091120784 2 18836 2091120840 0 6964
2098847186 0 6985 2098847306 1 18939
2099192357 2 18883 2099192386 1 18943
2099458566 2 18898 2099458597 1 18946
2099580426 2 18906 2099580457 1 18947
2099728233 2 18919 2099728263 1 18949
2107432012 2 18956 2107432047 1 19028
2108183581 2 19003 2108183612 1 19036
2108344100 2 19015 2108344132 1 19038
2108485350 2 19031 2108485384 1 19039
2108639630 2 19040 2108639666 1 19040
2115752032 0 7035 2115752151 1 19122
2115996542 0 7036 2115996628 2 19045
2116087012 0 7037 2116087097 2 19050
2116136498 2 19056 2116136532 1 19127
2116445121 2 19087 2116445153 1 19131
2116708151 2 19112 2116708182 1 19135
2116794487 0 7040 2116794572 2 19120
2124344302 2 19146 2124344333 1 19240
2124793805 2 19173 2124793841 1 19246
2124859348 2 19179 2124859378 1 19247
2124864269 2 19180 2124864302 1 19248
2125072982 2 19204 2125073017 1 19250
2125269845 0 7066 2125269931 2 19221
2125274660 2 19222 2125274687 1 19253
2125312026 2 19226 2125312057 1 19254
2129667226 0 7081 2129667344 1 19315
2130499519 0 7085 2130499639 1 19325
2132195425 0 7094 2132195545 1 19347
2132687716 2 19245 2132687750 1 19354
2132909455 2 19256 2132909485 1 19357
2133063425 2 19268 2133063459 1 19359
2133298945 1 19362 2133299087 2 19291
2133509342 2 19315 2133509378 1 19365
2133651720 2 19325 2133651753 1 19366
2133667203 2 19326 2133667236 1 19367
2133747746 2 19330 2133747780 1 19368
2134302953 0 7101 2134303070 1 19376
2138327226 0 7120 2138327346 1 19429
2140862039 2 19338 2140862075 1 19462
2141400640 2 19379 2141400674 1 19468
2141410757 2 19380 2141410792 1 19469
2141705841 2 19415 2141705874 1 19473
2141899299 2 19439 2141899334 1 19476
2143402997 0 7141 2143403115 1 19496
2145199138 0 7154 2145199257 1 19518
2145897778 0 7157 2145897895 1 19528
2149536350 0 7175 2149536435 2 19474
2149671772 2 19483 2149671803 1 19576
2149800643 2 19492 2149800677 1 19577
2150029537 2 19515 2150029569 1 19582
2150136453 1 19583 2150136600 2 19525
2150259447 0 7177 2150259531 2 19538 2150259564 1 19585
2155322419 0 7200 2155322537 1 19652
2157591439 2 19555 2157591472 1 19682
2157968845 2 19577 2157968875 1 19687
2158149447 2 19590 2158149517 1 19690
2158240280 2 19599 2158240312 1 19692
2158366491 0 7209 2158366607 1 19694
2158572788 2 19650 2158572822 1 19696
2158581304 2 19652 2158581337 1 19697
2158689346 2 19666 2158689378 1 19699
2166119005 2 19678 2166119037 1 19798
2166158216 2 19679 2166158251 1 19799
2166369120 2 19692 2166369152 1 19802
2166523035 2 19707 2166523069 1 19804
2166540121 2 19710 2166540152 1 19805
2166691820 2 19728 2166691852 1 19807
2166788287 0 7242 2166788371 2 19743
2166897679 2 19752 2166897712 1 19809
2166903966 2 19753 2166903999 1 19810
2167891854 0 7247 2167891972 1 19822
2174369186 1 19909 2174369216 2 19783
2174416935 2 19787 2174416968 1 19910
2174452082 0 7273 2174452166 2 19790
2175040496 2 19831 2175040532 1 19919
2175069458 2 19837 2175069493 1 19920
2175179701 2 19849 2175179734 1 19922
2181142038 0 7295 2181142156 1 20003
2182545604 0 7301 2182545722 1 20022
2182786873 2 19900 2182786905 1 20025
2182862350 2 19906 2182862383 1 20026
2183075708 2 19923 2183075739 1 20030
2183263503 2 19945 2183263535 1 20032
2190945449 2 19990 2190945479 1 20141
2191083598 2 19996 2191083632 1 20143
2191219349 2 20007 2191219382 1 20145
2191369758 2 20019 2191369790 1 20147
2191554055 2 20036 2191554087 1 20150
2191828141 2 20069 2191828175 1 20152
2191853393 2 20071 2191853428 1 20153
2194431294 0 7332 2194431411 1 20190
2197444555 0 7347 2197444674 1 20228
2199364055 2 20112 2199364086 1 20256
2199406841 2 20114 2199406873 1 20257
2199549164 2 20121 2199549198 1 20259
2199616516 2 20125 2199616547 1 20260
2199984358 2 20166 2199984393 1 20262
2200014719 2 20167 2200014751 1 20263
2200034596 2 20169 2200034627 1 20264
2200058901 2 20173 2200058936 1 20265
2200265154 2 20187 2200265187 1 20268
2200346514 2 20194 2200346545 1 20269
2205189069 0 7364 2205189187 1 20338
2207857818 2 20217 2207857849 1 20374
2208398459 0 7376 2208398580 1 20381
2208629187 2 20303 2208629220 1 20384
2216341997 2 20335 2216342031 1 20490
2216385860 0 7400 2216385946 2 20339
2216495631 2 20347 2216495675 1 20494
2216680334 2 20370 2216680367 1 20497
2216905442 2 20403 2216905473 1 20501
2216992514 2 20411 2216992543 1 20502
2217860750 0 7406 2217860868 1 20513
2224445326 0 7431 2224445348 2 20431
2275044301 0 7605 2275044416 1 20543
2276179594 0 7609 2276179711 1 20554
2282426993 2 20552 2282427025 1 20617
2282759715 0 7631 2282759834 1 20621
2282914631 0 7632 2282914716 2 20571
2283243348 2 20596 2283243380 1 20626
2283476859 2 20616 2283476890 1 20628
2283563236 2 20626 2283563268 1 20630
2291056256 2 20644 2291056287 1 20705
2291245791 2 20655 2291245820 1 20707
2291339192 0 7667 2291339275 2 20663
2291477922 2 20674 2291477954 1 20710
2291562622 2 20684 2291562651 1 20711
2291584790 2 20686 2291584894 0 7668
2299305033 2 20724 2299305065 1 20789
2299560070 2 20736 2299560099 1 20791
2299859929 2 20757 2299859961 1 20795
2300079848 2 20779 2300079879 1 20797
2300135196 2 20786 2300135230 1 20798
2307975818 2 20826 2307975851 1 20898
2308105942 2 20832 2308105964 1 20900
2308174432 2 20836 2308174463 1 20901
2308238232 2 20840 2308238268 1 20902
2308271988 2 20843 2308272019 1 20903
2308400596 2 20855 2308400628 1 20905
2308540064 2 20877 2308540098 1 20907
2314271713 0 7731 2314271829 1 20982
2314467583 0 7732 2314467702 1 20985
2315735699 2 20899 2315735733 1 20999
2316273176 2 20925 2316273207 1 21006
2316282560 2 20926 2316282586 1 21007
2316656234 2 20955 2316656272 1 21013
2316696643 2 20960 2316696675 1 21014
2316927223 2 20983 2316927242 1 21018
2316967866 0 7740 2316967953 2 20987
2316994128 2 20989 2316994161 1 21019
2321654233 0 7759 2321654353 1 21079
2324395117 2 21003 2324395149 1 21117
2324474100 0 7767 2324474184 2 21009
2324582524 2 21019 2324582557 1 21119
2324611988 2 21022 2324612021 1 21120
2324798389 2 21035 2324798423 1 21121
2324803971 2 21036 2324804002 1 21122
2324816016 2 21037 2324816049 1 21123
2324856870 2 21040 2324856905 1 21124
2324973267 2 21048 2324973268 0 7769
2325023472 2 21051 2325023504 1 21125
2325341065 2 21096 2325341124 1 21130
2332751537 2 21114 2332751571 1 21229
2332895419 2 21124 2332895450 1 21232
2332977842 2 21131 2332977875 1 21233
2333132420 2 21143 2333132452 1 21235
2333240991 2 21153 2333241023 1 21237
2333357466 2 21161 2333357497 1 21238
2333392878 2 21163 2333392913 1 21240
2333616824 2 21189 2333616858 1 21243
2333676797 2 21196 2333676830 1 21244
2333778012 2 21203 2333778047 1 21245
2340991587 1 21343 2340991588 2 21216
2341115208 0 7814 2341115293 2 21225
2341190514 2 21227 2341190546 1 21345
2341584793 2 21256 2341584827 1 21351
2341751281 2 21272 2341751316 1 21353
2341762435 2 21273 2341762466 1 21354
2341884641 2 21286 2341884673 1 21355
2341893503 2 21287 2341893537 1 21356
2342084422 2 21301 2342084457 1 21358
2342108573 2 21303 2342108606 1 21359
2349605394 2 21336 2349605431 1 21461
2349768822 0 7844 2349768904 2 21346
2350128159 2 21371 2350128162 1 21469
2350430922 2 21394 2350430956 1 21472
2352018689 1 21495 2352018717 0 7848
2355808608 0 7859 2355808724 1 21548
2357091637 0 7864 2357091761 1 21564
2358038622 2 21427 2358038658 1 21576
2358193044 2 21439 2358193079 1 21578
2358212242 2 21440 2358212269 1 21579
2358544450 0 7873 2358544534 2 21480
2358588350 2 21484 2358588382 1 21582
2358759052 2 21501 2358759083 1 21584
2363774408 0 7885 2363774522 1 21656
2365878276 1 21686 2365878375 2 21510
2365974526 2 21512 2365974560 1 21687
2366173221 2 21523 2366173254 1 21690
2366600383 2 21561 2366600416 1 21696
2366630734 0 7894 2366630819 2 21563
2367142176 2 21608 2367142253 1 21701
2373111347 0 7913 2373111465 1 21787
2374146802 2 21614 2374146837 1 21801
2374646756 2 21639 2374646790 1 21809
2374922329 2 21667 2374922362 1 21811
2375039865 2 21682 2375039894 1 21812
2375143306 1 21813 2375143308 2 21691
2375450118 2 21728 2375450147 1 21817
2377892567 0 7932 2377892684 1 21851
2380955102 0 7940 2380955220 1 21894
2382637046 2 21739 2382637080 1 21917
2382863843 2 21752 2382863874 1 21921
2383180008 2 21779 2383180039 1 21924
2383301193 0 7946 2383301285 2 21787
2383336355 2 21790 2383336392 1 21927
2383439886 2 21807 2383439916 1 21928
2383578248 0 7948 2383578361 1 21930
2383637994 2 21829 2383637996 1 21931
2386085897 0 7955 2386086018 1 21966
2391266075 2 21854 2391266110 1 22035
2391374814 2 21865 2391374845 1 22037
2391521264 0 7974 2391521348 2 21881
2391535272 2 21882 2391535303 1 22040
2391744347 2 21906 2391744377 1 22042
2391746744 2 21907 2391746778 1 22043
2395588148 0 7984 2395588266 1 22098
2397304736 0 7988 2397304853 1 22123
2397497225 0 7990 2397497343 1 22125
2399546492 2 21969 2399546526 1 22151
2399637514 2 21975 2399637548 1 22152
2399870767 2 21995 2399870798 1 22155
2399877147 2 21997 2399877180 1 22156
2399981972 2 22005 2399982007 1 22158
2400068194 2 22020 2400068226 1 22159
2400092393 2 22024 2400092425 1 22160
2400121815 0 7999 2400121903 2 22025
2400148989 2 22029 2400149008 1 22161
2400248001 2 22043 2400248036 1 22162
2400425349 2 22055 2400425381 1 22165
2401955246 0 8007 2401955364 1 22185
2404591301 0 8017 2404591421 1 22219
2407771279 0 8025 2407771364 2 22066
2408136167 0 8027 2408136251 2 22098
2416194898 0 8053 2416194986 2 22199
2466106694 2 22256 2466106724 1 22304
2466411899 2 22281 2466411929 1 22307
2466584961 2 22291 2466584993 1 22309
2466702572 0 8215 2466702654 2 22301
2474366750 0 8243 2474366836 2 22327
2474682494 2 22345 2474682526 1 22393
2474776747 2 22353 2474776784 1 22394
2475169268 2 22393 2475169304 1 22397
2481214311 0 8266 2481214428 1 22460
2482852647 0 8273 2482852735 2 22415
2483060048 2 22433 2483060081 1 22478
2483220362 2 22445 2483220396 1 22479
2483335543 2 22457 2483335578 1 22481
2483533533 2 22478 2483533568 1 22483
2491059020 0 8301 2491059105 2 22493
2491219660 2 22506 2491219691 1 22581
2491316078 2 22513 2491316111 1 22582
2491410881 2 22518 2491410916 1 22583
2491616390 2 22532 2491616423 1 22586
2491686415 2 22542 2491686448 1 22587
2491725893 2 22547 2491725934 1 22588
2491930116 2 22575 2491930148 1 22591
2492091738 2 22588 2492091769 1 22594
2492168858 0 8304 2492168943 2 22592
2499555030 2 22611 2499555060 1 22697
2499625528 2 22614 2499625559 1 22698
2499865187 0 8327 2499865272 2 22630
2500024191 2 22643 2500024225 1 22703
2500085987 2 22649 2500086021 1 22704
2500187085 2 22659 2500187117 1 22706
2500257844 2 22664 2500257880 1 22707
2507610866 2 22684 2507610900 1 22806
2507915281 0 8355 2507915400 1 22810
2508094073 2 22713 2508094105 1 22813
2508422216 2 22736 2508422248 1 22818
2508488010 2 22746 2508488044 1 22819
2508554410 2 22757 2508554442 1 22820
2508566570 0 8357 2508566653 2 22759
2516162751 2 22788 2516162782 1 22925
2516315055 0 8380 2516315140 2 22796
2516701234 2 22827 2516701270 1 22934
2517011988 2 22856 2517012020 1 22939
2518207413 0 8387 2518207530 1 22954
2524362633 2 22880 2524362667 1 23036
2524416522 2 22882 2524416551 1 23037
2524602788 2 22891 2524602820 1 23039
2524666362 2 22894 2524666397 1 23040
2524728445 2 22901 2524728477 1 23041
2528425290 0 8426 2528425408 1 23093
2532775197 2 22995 2532775228 1 23153
2533188150 2 23014 2533188184 1 23156
2533203477 2 23016 2533203515 1 23158
2533232337 2 23018 2533232372 1 23159
2533396089 2 23038 2533396123 1 23161
2533624977 2 23065 2533625011 1 23164
2533699918 2 23071 2533699950 1 23165
2533741042 2 23075 2533741077 1 23166
2537470198 0 8453 2537470316 1 23219
2539537542 0 8466 2539537658 1 23245
2541225451 2 23096 2541225486 1 23267
2541469196 2 23110 2541469227 1 23271
2541586576 0 8474 2541586662 2 23113
2541601612 2 23114 2541601647 1 23272
2541683769 2 23125 2541683801 1 23273
2541955344 2 23157 2541955379 1 23276
2545432720 0 8486 2545432840 1 23325
2549695385 0 8501 2549695470 2 23201
2549753659 2 23206 2549753693 1 23383
2550216641 1 23389 2550216762 2 23248
2550699869 0 8509 2550699989 1 23395
2555451313 0 8529 2555451431 1 23456
2557824125 2 23286 2557824156 1 23487
2558161996 2 23310 2558162026 1 23491
2558415714 2 23343 2558415746 1 23495
2558543348 0 8544 2558543432 2 23359
2558657378 2 23372 2558657409 1 23498
2558703470 2 23376 2558703502 1 23499
2558785205 2 23380 2558785236 1 23500
2558810766 2 23382 2558810797 1 23501
2563478356 0 8556 2563478477 1 23567
2566004463 2 23392 2566004495 1 23604
2566332829 0 8564 2566332913 2 23416
2566759492 2 23460 2566759529 1 23611
2567146703 2 23493 2567146735 1 23616
2574404560 2 23510 2574404590 1 23717
2574439582 0 8589 2574439668 2 23513
2574520972 2 23519 2574521003 1 23718
2574612338 0 8590 2574612455 1 23720
2574703818 2 23534 2574703852 1 23721
2574775539 2 23540 2574775574 1 23722
2575126386 2 23569 2575126421 1 23727
2575285837 2 23594 2575285871 1 23729
2575370479 2 23607 2575370512 1 23730
2575379325 2 23608 2575379359 1 23731
2582781923 2 23631 2582781957 1 23833
2582976148 2 23640 2582976182 1 23836
2583029869 0 8615 2583029954 2 23642
2583185259 2 23654 2583185292 1 23838
2583475769 2 23675 2583475803 1 23842
2583555398 0 8617 2583555481 2 23684
2583646100 0 8619 2583646219 1 23846
2591218029 2 23727 2591218060 1 23948
2591461931 2 23744 2591461964 1 23953
2600505031 0 8675 2600505116 2 23915
2607815118 0 8704 2607815205 2 23930
2607914232 0 8705 2607914316 2 23937
2649410784 2 23961 2649410820 1 23996
2649704809 0 8836 2649704892 2 23979
2649738462 2 23982 2649738496 1 23999
2658016180 0 8868 2658016265 2 24028
2658092626 2 24037 2658092658 1 24086
2665867685 0 8893 2665867805 1 24163
2666147014 0 8895 2666147099 2 24106
2666615444 0 8897 2666615529 2 24144
2666725378 0 8899 2666725462 2 24160
2673893901 0 8926 2673894018 1 24249
2674576233 0 8929 2674576319 2 24194
2674758201 2 24200 2674758234 1 24262
2674977135 0 8932 2674977219 2 24218
2675090982 2 24232 2675091017 1 24264
2675093359 2 24233 2675093392 1 24265
2675181337 2 24248 2675181372 1 24266
2675271840 2 24259 2675271875 1 24267
2675293255 0 8933 2675293338 2 24264
2675560836 0 8935 2675560954 1 24271
2682479074 2 24272 2682479107 1 24368
2682872123 0 8957 2682872210 2 24284
2683159504 2 24307 2683159536 1 24376
2683262785 2 24315 2683262820 1 24378
2683393474 0 8959 2683393558 2 24328
2683494021 2 24337 2683494052 1 24381
2683634119 2 24355 2683634152 1 24383
2683759719 2 24365 2683759754 1 24384
2683772456 2 24366 2683772490 1 24385
2685977502 0 8966 2685977620 1 24418
2691043896 2 24375 2691043929 1 24490
2691271577 2 24394 2691271611 1 24491
2691276507 0 8978 2691276593 2 24395
2691279984 2 24396 2691280020 1 24492
2691355902 2 24402 2691355935 1 24493
2691474083 2 24412 2691474114 1 24495
2691712776 2 24432 2691712810 1 24498
2691793254 2 24441 2691793287 1 24500
2692002262 2 24465 2692002295 1 24503
2692068091 2 24468 2692068126 1 24504
2692173843 2 24476 2692173875 1 24506
2699483245 2 24493 2699483280 1 24606
2699548815 2 24501 2699548845 1 24607
2699823274 2 24518 2699823305 1 24611
2699974946 2 24533 2699975062 1 24613
2700021094 0 9006 2700021178 2 24537
2700093939 2 24543 2700093981 1 24614
2700105093 2 24544 2700105129 1 24615
2700179336 2 24550 2700179369 1 24616
2700293999 2 24562 2700294033 1 24617
2700332430 1 24618 2700332499 2 24565
2707752636 2 24590 2707752666 1 24716
2707838786 2 24597 2707838817 1 24717
2707950682 2 24605 2707950714 1 24718
2708087204 2 24618 2708087235 1 24720
2708241963 2 24636 2708241993 1 24722
2708327124 0 9035 2708327209 2 24645
2708466529 2 24665 2708466562 1 24725
2708488033 0 9038 2708488116 2 24668
2708757772 2 24689 2708757805 1 24728
2708761132 2 24690 2708761164 1 24729
2708890742 2 24698 2708890776 1 24730
2710404866 0 9044 2710404982 1 24752
2710545811 0 9045 2710545930 1 24754
2716042185 2 24708 2716042218 1 24832
2716318414 2 24723 2716318448 1 24835
2716544450 2 24737 2716544482 1 24839
2716678629 2 24745 2716678663 1 24842
2716796159 2 24759 2716796193 1 24843
2716836662 2 24765 2716836697 1 24844
2717031630 2 24778 2717031655 1 24847
2724448279 2 24798 2724448311 1 24946
2724472718 2 24799 2724472751 1 24947
2724677328 2 24810 2724677361 1 24949
2724800826 2 24818 2724800857 1 24951
2725168512 2 24842 2725168545 1 24956
2725349513 0 9088 2725349597 2 24859
2725495091 1 24961 2725495195 2 24874
2725575175 2 24884 2725575202 1 24962
2729439147 0 9099 2729439266 1 25016
2732781513 2 24896 2732781546 1 25063
2732885580 2 24900 2732885614 1 25065
2733220311 2 24924 2733220346 1 25070
2733299346 0 9108 2733299431 2 24935
2733351274 0 9109 2733351362 2 24940
2733447032 2 24955 2733447066 1 25074
2733653480 2 24972 2733653513 1 25077
2733900883 2 24986 2733900922 1 25079
2741040369 2 24992 2741040404 1 25176
2741168982 2 24999 2741169015 1 25178
2741190900 2 25000 2741190932 1 25179
2741331690 2 25009 2741331722 1 25181
2741386987 2 25012 2741387020 1 25182
2741588209 2 25022 2741588241 1 25185
2741739660 1 25188 2741739697 2 25036
2741993244 2 25064 2741993280 1 25190
2742987800 0 9141 2742987917 1 25205
2744003048 0 9152 2744003167 1 25216
2749407460 2 25088 2749407491 1 25293
2749509439 2 25095 2749509473 1 25294
2749604698 2 25101 2749604732 1 25295
2749757350 2 25114 2749757386 1 25297
2749795873 2 25116 2749795906 1 25298
2749809299 0 9167 2749809387 2 25118
2750229245 2 25149 2750229280 1 25301
2750243775 0 9170 2750243858 2 25150
2750547246 2 25174 2750547279 1 25306
2756197692 0 9188 2756197805 1 25386
2757778988 2 25179 2757779023 1 25406
2757983134 2 25186 2757983167 1 25410
2758327134 2 25213 2758327168 1 25413
2758688351 2 25254 2758688382 1 25419
2758772953 2 25266 2758772988 1 25421
2758828769 0 9195 2758828853 2 25270
2766104735 2 25284 2766104770 1 25525
2766186368 2 25287 2766186398 1 25527
2766232180 0 9213 2766232264 2 25291
2766745352 2 25328 2766745385 1 25534
2767216385 0 9216 2767216467 2 25370
2770867169 1 25591 2770867198 0 9231
2774524510 2 25382 2774524543 1 25639
2774703885 2 25394 2774703917 1 25641
2774835857 2 25403 2774835889 1 25644
2774953303 2 25413 2774953335 1 25645
2775119348 2 25434 2775119381 1 25647
2775262179 2 25447 2775262212 1 25649
2775338826 2 25455 2775338860 1 25650
2833063359 2 25681 2833063392 1 25683
2833881665 2 25692 2833881691 1 25692
2836596570 0 9470 2836596688 1 25720
2841080772 0 9487 2841080857 2 25699
2841277496 2 25711 2841277529 1 25768
2841282681 0 9488 2841282767 2 25713
2841362832 0 9490 2841362917 2 25722
2841463235 0 9492 2841463322 2 25728
2841525390 2 25733 2841525422 1 25771
2849657636 2 25797 2849657640 0 9522
2849889807 2 25810 2849889842 1 25857
2850181420 2 25837 2850181455 1 25860
2850210062 0 9526 2850210136 2 25842
2857835086 2 25873 2857835116 1 25938
2857924448 2 25879 2857924480 1 25940
2858000000 2 25887 2858000032 1 25941
2858099597 2 25897 2858099629 1 25942
2858173749 2 25905 2858173781 1 25943
2858434332 0 9549 2858434416 2 25926
2865872541 2 25950 2865872579 1 26038
2866160771 0 9579 2866160888 1 26043
2866234085 2 25963 2866234115 1 26044
2866454256 2 25973 2866454290 1 26047
2866612159 2 25986 2866612190 1 26049
2866651219 2 25990 2866651254 1 26050
2866699818 2 25995 2866699843 1 26051
2867068201 2 26025 2867068235 1 26055
2869785875 0 9587 2869786001 1 26095
2870128891 0 9588 2870129010 1 26100
2870702992 0 9590 2870703106 1 26107
2874432206 0 9597 2874432304 2 26044
2874603550 2 26054 2874603581 1 26164
2874751286 2 26072 2874751318 1 26166
2874937744 0 9599 2874937864 1 26169
2875527581 2 26136 2875527616 1 26176
2883024492 2 26159 2883024528 1 26278
2883369548 0 9629 2883369630 2 26179
2883532640 2 26196 2883532676 1 26283
2883536564 2 26197 2883536648 1 26284
2883648200 2 26209 2883648231 1 26285
2883759267 2 26224 2883759305 1 26287
2883992599 0 9630 2883992675 1 26290
2891347578 2 26259 2891347608 1 26388
2891650437 2 26285 2891650469 1 26393
2891730763 2 26295 2891730795 1 26394
2891777716 2 26301 2891777746 1 26395
2892163508 2 26341 2892163541 1 26401
2899720668 2 26371 2899720700 1 26506
2899882963 2 26380 2899882997 1 26508
2899909785 2 26382 2899909817 1 26509
2900181090 2 26404 2900181121 1 26513
2900582869 2 26449 2900582902 1 26519
2900602903 2 26450 2900602938 1 26520
2903683567 0 9691 2903683685 1 26565
2904650363 0 9695 2904650483 1 26577
2905534279 0 9699 2905534396 1 26590
2907925388 2 26462 2907925420 1 26620
2908133598 2 26481 2908133629 1 26623
2908269407 2 26488 2908269439 1 26626
2908547853 2 26516 2908547885 1 26630
2908705425 2 26541 2908705460 1 26632
2908732030 2 26546 2908732065 1 26633
2911106541 0 9721 2911106661 1 26664
2916374187 2 26581 2916374218 1 26738
2916483050 2 26591 2916483081 1 26740
2916680218 2 26605 2916680248 1 26743
2916756658 0 9740 2916756742 2 26613
2917024804 2 26641 2917024836 1 26746
2917180184 2 26657 2917180218 1 26748
2919014187 0 9751 2919014305 1 26773
2919708530 0 9753 2919708648 1 26781
2921923429 0 9760 2921923548 1 26813
2922024368 0 9761 2922024490 1 26814
2923699794 0 9764 2923699913 1 26838
2924511188 2 26670 2924511219 1 26848
2924639296 2 26677 2924639325 1 26849
2925586816 2 26759 2925586851 1 26864
2927972938 0 9779 2927973057 1 26896
2930371456 0 9788 2930371574 1 26928
2931621380 1 26943 2931621423 0 9795
2933138958 2 26789 2933138992 1 26964
2933176178 2 26792 2933176211 1 26965
2933243500 2 26798 2933243534 1 26966
2933554233 2 26830 2933554266 1 26971
2933690329 2 26846 2933690361 1 26973
2933849493 2 26868 2933849525 1 26974
2940964535 2 26877 2940964536 1 27075
2941180099 0 9819 2941180182 2 26884
2941292417 2 26891 2941292450 1 27079
2941641832 2 26923 2941641867 1 27085
2941675965 2 26929 2941675997 1 27086
2941863562 0 9821 2941863694 2 26951
2941991408 2 26968 2941991439 1 27089
2950081282 2 27040 2950081315 1 27200
2950556570 2 27087 2950556598 1 27206
2957609252 2 27094 2957609286 1 27306
2957943710 2 27103 2957943740 1 27311
2958043661 2 27109 2958043710 1 27312
2958079990 2 27111 2958080023 1 27313
2958142965 2 27116 2958142998 1 27314
2958434443 2 27143 2958434475 1 27316
2958576729 1 27318 2958576827 2 27159
2958718911 2 27181 2958718944 1 27321
2958810544 2 27190 2958810577 1 27322
2958859925 2 27194 2958859958 1 27323
2958955421 0 9873 2958955507 2 27202
3017016218 2 27379 3017016252 1 27379
3024223139 0 10071 3024223165 1 27454
3024641776 0 10073 3024641895 1 27458
3024845703 2 27407 3024845739 1 27460
3024994963 2 27420 3024994995 1 27461
3025096663 1 27462 3025096744 2 27431
3025200010 2 27444 3025200042 1 27463
3025202274 0 10076 3025202357 2 27445
3025549079 2 27467 3025549114 1 27466
3027471704 0 10088 3027471821 1 27487
3032999459 0 10112 3032999544 2 27486
3033031343 2 27489 3033031375 1 27544
3033148112 2 27501 3033148144 1 27545
3033295558 2 27514 3033295591 1 27547
3033562506 2 27542 3033562539 1 27550
3041206427 0 10138 3041206510 2 27565
3041485713 2 27586 3041485744 1 27631
3041649622 2 27599 3041649659 1 27633
3041724853 2 27605 3041724884 1 27634
3041749254 2 27608 3041749289 1 27635
3041886274 2 27622 3041886306 1 27637
3042125143 0 10139 3042125261 1 27641
3042304127 2 27643 3042304158 1 27643
3043273192 0 10141 3043273306 1 27657
3048921211 0 10164 3048921327 1 27734
3049333955 2 27648 3049333989 1 27738
3049713323 2 27662 3049713353 1 27742
3049826307 2 27669 3049826451 1 27745
3049940137 2 27681 3049940172 1 27747
3050216561 2 27699 3050216593 1 27751
3050240423 2 27703 3050240456 1 27752
3050518940 0 10169 3050519058 1 27755
3050537764 0 10170 3050537880 1 27757
3057998756 0 10199 3057998840 2 27747
3058045022 2 27751 3058045054 1 27856
3058387080 2 27776 3058387112 1 27861
3058812873 2 27826 3058812903 1 27867
3058850579 2 27829 3058850612 1 27868
3066111501 2 27842 3066111535 1 27969
3066415749 2 27860 3066415780 1 27974
3066560403 2 27864 3066560433 1 27976
3066648379 2 27871 3066648413 1 27978
3066706520 0 10224 3066706604 2 27873
3066740356 2 27877 3066740388 1 27979
3066851119 2 27887 3066851156 1 27980
3067139864 0 10225 3067139948 2 27918
3067160323 2 27922 3067160354 1 27984
3074639725 2 27946 3074639760 1 28088
3074743259 2 27953 3074743293 1 28090
3074869724 2 27963 3074869755 1 28092
3075056168 2 27978 3075056200 1 28094
3075064460 0 10250 3075064578 1 28095
3075123510 2 27987 3075123544 1 28096
3075249393 0 10251 3075249478 2 28001
3075439331 0 10253 3075439450 1 28098
3075683518 0 10255 3075683602 2 28039
3081239294 0 10269 3081239411 1 28180
3082944400 0 10275 3082944484 2 28056
3083002726 2 28060 3083002759 1 28205
3083225888 2 28078 3083225922 1 28208
3083549303 0 10276 3083549389 2 28116
3083906194 2 28152 3083906228 1 28216
3084662742 0 10280 3084662860 1 28229
3085187838 0 10281 3085187958 1 28234
3091030948 2 28162 3091030981 1 28316
3091551091 0 10301 3091551210 1 28323
3091670213 2 28197 3091670245 1 28324
3091700919 2 28200 3091700952 1 28325
3091814637 2 28209 3091814672 1 28326
3091895360 0 10304 3091895443 2 28218
3092181497 2 28251 3092181530 1 28331
3092867990 0 10308 3092868015 1 28341
3099253777 2 28266 3099253811 1 28430
3099555334 2 28276 3099555364 1 28435
3099871312 0 10329 3099871399 2 28292
3099907298 0 10330 3099907382 2 28294
3099928427 2 28296 3099928459 1 28438
3100024965 2 28307 3100025027 1 28440
3100110645 2 28315 3100110677 1 28441
3100290803 2 28327 3100290837 1 28444
3100325328 0 10331 3100325409 2 28329
3100389626 2 28336 3100389659 1 28445
3100501093 2 28342 3100501125 1 28446
3106806513 0 10353 3106806629 1 28533
3107632384 2 28356 3107632418 1 28545
3107642135 2 28358 3107642169 1 28546
3107875232 2 28368 3107875267 1 28548
3108115073 2 28381 3108115105 1 28551
3108297549 2 28395 3108297581 1 28553
3108489852 2 28419 3108489886 1 28557
3108575652 2 28434 3108575684 1 28558
3115915749 2 28483 3115915835 1 28659
3116275636 1 28663 3116275689 2 28494
3116753938 2 28527 3116753973 1 28670
3116885244 2 28538 3116885277 1 28671
3116910643 2 28541 3116910677 1 28672
3116996986 2 28551 3116997020 1 28674
3117056447 0 10380 3117056533 2 28558
3117072425 2 28560 3117072459 1 28675
3117169949 2 28567 3117169983 1 28677
3124900184 2 28612 3124900214 1 28781
3124991149 2 28616 3124991183 1 28782
3125000836 2 28617 3125000868 1 28783
3125117056 2 28626 3125117090 1 28785
3125353458 2 28646 3125353493 1 28789
3125591802 0 10410 3125591918 1 28792
3132669761 2 28680 3132669796 1 28889
3132762238 2 28684 3132762272 1 28891
3132829968 2 28686 3132830003 1 28892
3133098715 2 28702 3133098750 1 28896
3133333885 2 28719 3133333917 1 28899
3133358249 2 28721 3133358283 1 28900
3133745519 2 28756 3133745554 1 28907
3133811464 0 10433 3133811549 2 28763
3141274645 2 28787 3141274677 1 29010
3141344242 2 28789 3141344275 1 29011
3141425770 2 28796 3141425802 1 29012
3141517329 2 28805 3141517361 1 29014
3141544327 2 28806 3141544404 1 29015
3141555610 0 10457 3141555695 2 28807
3141621754 2 28811 3141621784 1 29016
3141862796 2 28833 3141862826 1 29019
3141980442 2 28848 3141980477 1 29021
3141984274 0 10460 3141984359 2 28849
3149976878 0 10485 3149976963 2 28916
3150326550 0 10487 3150326635 2 28949
3150337037 0 10488 3150337041 2 28951
3207883694 2 29093 3207883723 1 29161
3208079852 2 29108 3208079882 1 29163
3208184857 2 29114 3208184887 1 29164
3208632910 2 29157 3208632941 1 29169
3212727910 0 10669 3212728029 1 29209
3216089468 2 29178 3216089503 1 29243
3216171818 0 10683 3216171934 1 29244
3216753005 2 29221 3216753035 1 29250
3216931869 0 10687 3216931956 2 29236
3217021318 2 29246 3217021352 1 29253
3217098289 0 10689 3217098291 2 29254
3224789019 2 29271 3224789049 1 29335
3224893293 2 29280 3224893318 1 29337
3225015189 2 29293 3225015219 1 29339
3225144657 2 29307 3225144687 1 29341
3225308122 2 29318 3225308263 1 29343
3225481415 2 29341 3225481450 1 29346
3232903656 2 29350 3232903690 1 29446
3233192237 2 29368 3233192268 1 29450
3233356187 2 29382 3233356219 1 29453
3233526181 2 29398 3233526216 1 29456
3241116849 2 29447 3241116884 1 29561
3241275289 2 29452 3241275319 1 29563
3241336139 2 29456 3241336170 1 29565
3241457798 2 29464 3241457827 1 29567
3241630900 2 29478 3241630930 1 29570
3242207518 2 29534 3242207554 1 29577
3249651334 2 29552 3249651366 1 29679
3249748277 2 29557 3249748310 1 29680
3249906655 2 29570 3249906687 1 29683
3250040500 2 29578 3250040529 1 29684
3250152613 0 10785 3250152698 2 29593
3250190943 0 10786 3250191029 2 29596
3250308224 2 29608 3250308258 1 29688
3250394669 0 10787 3250394753 2 29622
3250398410 2 29623 3250398438 1 29689
3250502577 2 29632 3250502607 1 29690
3250665603 2 29648 3250665633 1 29692
3252682027 0 10799 3252682146 1 29720
3258096214 2 29671 3258096244 1 29796
3258236450 2 29681 3258236484 1 29798
3258338674 2 29686 3258338705 1 29799
3258520436 0 10815 3258520520 2 29701
3258767145 2 29721 3258767184 1 29803
3258840609 0 10818 3258840733 1 29804
3258964692 0 10819 3258964781 2 29736
3260670725 0 10823 3260670850 1 29830
3266248880 1 29907 3266249001 2 29751
3266420444 2 29758 3266420479 1 29910
3267048091 2 29815 3267048123 1 29918
3274708727 2 29859 3274708760 1 30020
3274975906 2 29879 3274975941 1 30024
3274998159 2 29882 3274998190 1 30025
3275245184 2 29911 3275245229 1 30029
3275343932 2 29930 3275344073 1 30030
3275564722 2 29963 3275564757 1 30034
3275621831 2 29965 3275621862 1 30035
3276362452 0 10877 3276362569 1 30045
3283128348 2 29991 3283128448 1 30139
3283160857 2 29992 3283160887 1 30140
3283197630 2 29995 3283197665 1 30141
3283419120 2 30007 3283419152 1 30142
3283457786 2 30009 3283457812 1 30144
3291232363 2 30072 3291232397 1 30251
3291347601 2 30083 3291347633 1 30253
3291438537 2 30090 3291438571 1 30254
3291572974 2 30101 3291573008 1 30255
3291651528 2 30106 3291651561 1 30257
3291931909 2 30130 3291931920 1 30259
3291973777 2 30135 3291973809 1 30260
3292033366 2 30141 3292033397 1 30262
3292071119 2 30145 3292071149 1 30263
3292095005 2 30147 3292095038 1 30264
3292233901 2 30163 3292233932 1 30266
3292253802 0 10927 3292253885 2 30166
3299613904 2 30183 3299613935 1 30368
3299954141 2 30198 3299954175 1 30373
3300010458 0 10952 3300010542 2 30203
3300114427 2 30211 3300114460 1 30375
3300358819 2 30244 3300358851 1 30378
3300411640 2 30247 3300411674 1 30379
3308123686 2 30303 3308123716 1 30481
3308225017 2 30314 3308225049 1 30483
3308458444 2 30332 3308458476 1 30486
3308556419 0 10988 3308556505 2 30341
3308598732 2 30347 3308598762 1 30488
3308678859 0 10989 3308678943 2 30362
3308783874 2 30371 3308783906 1 30490
3308901714 2 30386 3308901847 1 30491
3308923373 0 10991 3308923458 2 30389
3315840198 0 11021 3315840316 1 30583
3316533479 2 30417 3316533510 1 30593
3316625507 2 30425 3316625540 1 30595
3316692991 2 30430 3316693023 1 30596
3316838761 2 30435 3316838796 1 30597
3317192407 2 30471 3317192440 1 30602
3317299393 2 30481 3317299431 1 30603
3317322786 0 11025 3317322870 2 30484
3317326671 2 30485 3317326703 1 30604
3322914100 0 11047 3322914218 1 30678
3324619496 2 30502 3324619531 1 30701
3324926803 0 11055 3324926892 2 30527
3325051153 2 30537 3325051185 1 30707
3325379767 2 30571 3325379800 1 30710
3391519140 2 30815 3391519172 1 30849
3391544106 2 30818 3391544137 1 30850
3391680550 2 30825 3391680581 1 30851
3391911850 2 30850 3391911881 1 30854
3397513019 0 11289 3397513137 1 30912
3399619227 2 30870 3399619258 1 30933
3399879494 2 30883 3399879524 1 30936
3399902418 0 11295 3399902501 2 30885
3400139669 2 30898 3400139703 1 30939
3400326423 2 30920 3400326459 1 30941
3400398277 2 30930 3400398309 1 30942
3407891218 2 30952 3407891254 1 31018
3408045602 2 30957 3408045637 1 31020
3408199390 2 30968 3408199423 1 31022
3408283667 0 11322 3408283751 2 30977
3408298464 2 30978 3408298496 1 31023
3408317265 0 11324 3408317351 2 30981
3408363819 2 30986 3408363853 1 31024
3408430419 0 11325 3408430503 2 30995
3408569009 2 31011 3408569044 1 31026
3416200918 2 31035 3416200950 1 31112
3416580303 2 31045 3416580339 1 31118
3416592670 2 31047 3416592703 1 31119
3416672212 2 31051 3416672243 1 31120
3416890719 2 31071 3416890754 1 31124
3417013072 2 31088 3417013106 1 31125
3417015876 2 31089 3417015907 1 31126
3417170638 2 31103 3417170672 1 31129
3417276860 2 31113 3417276893 1 31130
3417299508 0 11359 3417299594 2 31114
3424627738 2 31127 3424627772 1 31229
3424723676 2 31136 3424723711 1 31231
3424789017 2 31143 3424789051 1 31232
3424838694 2 31146 3424838727 1 31233
3424844818 2 31147 3424844882 0 11383
3424957597 2 31157 3424957628 1 31234
3425018486 2 31161 3425018514 1 31235
3425079076 0 11385 3425079161 2 31164
3425214558 2 31170 3425214593 1 31237
3425495080 2 31204 3425495111 1 31241
3425611865 2 31214 3425611900 1 31243
3429417934 0 11399 3429418052 1 31293
3432807473 2 31228 3432807510 1 31334
3433021950 2 31234 3433021982 1 31337
3433069783 2 31237 3433069815 1 31338
3433208506 2 31247 3433208539 1 31340
3433542674 2 31265 3433542709 1 31346
3433592643 0 11415 3433592727 2 31270
3433648638 2 31277 3433648672 1 31347
3433738036 0 11416 3433738120 2 31283
3433837739 2 31296 3433837774 1 31349
3433971705 2 31304 3433971739 1 31351
3434045034 2 31307 3434045067 1 31352
3441026533 2 31314 3441026628 0 11444
3441508924 2 31335 3441508957 1 31454
3441571884 2 31339 3441571917 1 31455
3441668346 2 31345 3441668380 1 31456
3441891781 2 31364 3441891813 1 31459
3441901785 0 11447 3441901869 2 31366
3442070784 2 31391 3442070819 1 31461
3442221405 2 31417 3442221439 1 31463
3449605569 2 31444 3449605600 1 31567
3449865047 2 31459 3449865078 1 31571
3449900283 0 11470 3449900369 2 31463
3450263929 0 11471 3450264013 2 31492
3450325557 2 31499 3450325559 1 31578
3450585235 2 31526 3450585265 1 31580
3452631790 0 11481 3452631907 1 31607
3454984315 0 11491 3454984435 1 31640
3455878758 0 11494 3455878875 1 31650
3457505379 0 11498 3457505496 1 31671
3458392589 0 11506 3458392675 2 31564
3458914072 2 31620 3458914103 1 31688
3466130204 2 31633 3466130240 1 31785
3466411069 2 31646 3466411099 1 31790
3466468150 2 31651 3466468184 1 31791
3466530842 0 11526 3466530927 2 31656
3466807125 0 11527 3466807210 2 31679
3466830502 2 31680 3466830534 1 31796
3466874130 2 31684 3466874163 1 31797
3474295528 2 31727 3474295561 1 31901
3474593732 2 31737 3474593764 1 31905
3474675355 2 31743 3474675386 1 31906
3474766778 2 31749 3474766811 1 31908
3474850647 2 31755 3474850731 0 11548
3475115422 2 31775 3475115455 1 31912
3475172189 2 31781 3475172221 1 31913
3475277687 2 31795 3475277719 1 31915
3475323664 0 11550 3475323749 2 31802
3475386278 2 31806 3475386313 1 31916
3475634946 2 31830 3475634980 1 31918
3483038473 0 11588 3483038560 2 31851 3483038600 1 32015
3483157740 0 11589 3483157823 2 31863
3483199949 2 31868 3483199982 1 32017
3483312298 2 31874 3483312331 1 32018
3483333068 2 31876 3483333097 1 32019
3483396736 2 31880 3483396767 1 32020
3483504431 2 31890 3483504463 1 32021
3483730228 2 31912 3483730265 1 32023
3483775170 0 11591 3483775255 2 31916
3485767713 0 11593 3485767828 1 32054
3491380206 2 31949 3491380238 1 32129
3491903174 2 31984 3491903248 1 32135
3491965453 2 31992 3491965489 1 32136
3492226365 2 32029 3492226397 1 32140
3492346513 2 32038 3492346546 1 32142
3495562112 0 11627 3495562229 1 32187
3495748148 0 11628 3495748266 1 32191
3498566810 0 11640 3498566926 1 32228
3499813813 2 32069 3499813925 1 32245
3499936433 2 32077 3499936465 1 32246
3500033600 2 32084 3500033633 1 32247
3500127087 2 32096 3500127119 1 32248
3500271422 2 32103 3500271457 1 32249
3500282268 2 32106 3500282299 1 32250
3500452684 2 32126 3500452716 1 32253
3500654230 2 32144 3500654264 1 32255
3502533892 0 11657 3502534010 1 32281
3505368244 0 11662 3505368365 1 32323
3508203929 2 32173 3508203961 1 32358
3508265505 2 32176 3508265536 1 32359
3508353083 2 32184 3508353119 1 32360
3508613746 2 32201 3508613778 1 32364
3508640942 2 32205 3508640974 1 32365
3508716493 2 32216 3508716528 1 32366
3508849136 2 32234 3508849169 1 32368
3509035599 2 32250 3509035631 1 32370
3516590015 0 11703 3516590099 2 32273
3516791105 2 32287 3516791140 1 32475
3516799713 2 32288 3516799750 1 32476
3516925753 2 32300 3516925787 1 32478
3516958466 0 11704 3516958551 2 32303
3517096665 2 32314 3517096698 1 32480
3517139743 2 32317 3517139776 1 32481
3517185518 0 11706 3517185601 2 32324
3518893286 0 11712 3518893404 1 32505
3524927374 0 11728 3524927459 2 32381
3525316322 0 11732 3525316407 2 32424
3525396569 0 11733 3525396654 2 32433
3533039263 0 11755 3533039348 2 32478
3533046894 0 11756 3533046980 2 32480
3533050111 0 11757 3533050196 2 32481
3575363587 2 32516 3575363621 1 32516
3576879562 0 11898 3576879680 1 32532
3577710172 0 11902 3577710291 1 32541
3583013417 2 32532 3583013450 1 32595
3583687831 2 32588 3583687861 1 32602
3588664621 0 11923 3588664737 1 32652
3591507473 2 32633 3591507504 1 32680
3591640247 2 32642 3591640279 1 32681
3591658500 2 32644 3591658531 1 32682
3591821421 0 11935 3591821505 2 32656
3592445159 2 32690 3592445190 1 32690
3599717145 2 32703 3599717177 1 32765
3599739602 2 32704 3599739634 1 32766
3600234336 0 11966 3600234421 2 32740
3600340893 2 32746 3600340925 1 32778
3600376223 0 11967 3600376308 2 32752
3608301134 2 32815 3608301167 1 32890
3608421601 0 11989 3608421679 2 32824
3608469961 1 32892 3608470022 2 32831
3608477119 2 32833 3608477148 1 32893
3608583024 2 32840 3608583052 1 32894
3608824376 2 32874 3608824407 1 32897
3615862897 1 32987 3615863029 0 12026
3616056033 0 12027 3616056152 1 32990
3616130910 2 32897 3616130944 1 32991
3616641409 2 32926 3616641508 1 32997
3616708930 2 32928 3616708964 1 32999
3616742841 0 12031 3616742926 2 32933
3616796313 2 32938 3616796348 1 33000
3616859513 2 32942 3616859543 1 33001
3624744753 2 33009 3624744785 1 33106
3624799863 0 12065 3624799948 2 33014
3624824061 2 33017 3624824094 1 33107
3624967192 0 12066 3624967277 2 33029
3624970624 2 33030 3624970650 1 33109
3625111246 2 33042 3625111280 1 33111
3625322729 2 33068 3625322760 1 33112
3625714801 2 33098 3625714837 1 33118
3632971326 2 33111 3632971360 1 33219
3633318864 2 33132 3633318895 1 33224
3633515026 2 33149 3633515058 1 33226
3633582829 2 33157 3633582864 1 33227
3634050835 2 33195 3634050865 1 33233
3641473955 2 33218 3641473986 1 33335
3641938105 2 33253 3641938142 1 33340
3641941010 2 33254 3641941046 1 33341
3642012861 2 33260 3642012891 1 33342
3646146655 0 12130 3646146772 1 33402
3649948493 2 33341 3649948527 1 33450
3650224030 2 33359 3650224060 1 33454
3650456378 0 12151 3650456496 1 33458
3650612951 2 33403 3650612987 1 33460
3658179046 2 33441 3658179077 1 33564
3658346928 2 33455 3658346959 1 33566
3658361020 2 33458 3658361054 1 33568
3658538324 2 33474 3658538360 1 33571
3658835723 2 33510 3658835756 1 33575
3658882975 2 33518 3658883007 1 33576
3658950479 2 33528 3658950510 1 33577
3666436392 2 33556 3666436426 1 33674
3666635732 2 33568 3666635763 1 33677
3666675062 2 33572 3666675094 1 33678
3666756223 0 12213 3666756306 2 33578
3666825922 2 33584 3666825954 1 33680
3666962736 2 33596 3666962771 1 33681
3666983048 2 33597 3666983082 1 33682
3667102422 2 33615 3667102458 1 33684
3667239369 2 33631 3667239401 1 33686
3667262187 0 12214 3667262272 2 33632
3669389790 0 12220 3669389908 1 33715
3673356597 0 12233 3673356712 1 33771
3674769502 2 33662 3674769536 1 33789
3674828993 2 33667 3674829030 1 33790
3675064029 2 33685 3675064062 1 33794
3675275807 2 33712 3675275839 1 33797
3675589395 2 33744 3675589428 1 33801
3678818302 0 12252 3678818420 1 33847
3679420540 0 12256 3679420658 1 33853
3681906122 0 12265 3681906241 1 33887
3683002019 2 33771 3683002053 1 33902
3683209814 2 33778 3683209846 1 33904
3683256305 2 33781 3683256339 1 33905
3683501769 2 33799 3683501801 1 33910
3683608555 2 33811 3683608587 1 33911
3683673112 2 33817 3683673146 1 33912
3684110504 0 12270 3684110622 1 33918
3691423996 2 33861 3691424028 1 34016
3691499848 2 33868 3691499879 1 34017
3691591917 0 12297 3691592003 2 33873 3691592037 1 34019
3691620422 0 12298 3691620509 2 33877
3691656363 2 33881 3691656397 1 34020
3691874418 2 33899 3691874452 1 34022
3692198895 2 33936 3692198927 1 34025
3698038286 0 12324 3698038404 1 34105
3700039839 2 33997 3700039871 1 34133
3700579712 2 34055 3700579743 1 34138
3700695540 2 34062 3700695574 1 34139
3702339180 0 12345 3702339299 1 34158
3708724430 0 12367 3708724514 2 34142
3716856041 0 12388 3716856125 2 34213
3766929024 2 34262 3766929055 1 34272
3767017037 1 34273 3767017039 2 34271
3774953658 2 34302 3774953688 1 34355
3775080430 2 34307 3775080461 1 34356
3775201556 2 34315 3775201587 1 34357
3775229811 0 12580 3775229896 2 34318
3775237174 2 34320 3775237204 1 34358
3775425348 2 34342 3775425379 1 34360
3783112506 2 34381 3783112539 1 34439
3783313661 2 34390 3783313696 1 34441
3783471167 2 34403 3783471200 1 34443
3783740626 0 12598 3783740746 1 34446
3783903311 0 12599 3783903398 2 34438
3783943567 2 34442 3783943598 1 34448
3788089317 0 12614 3788089434 1 34499
3790614328 0 12617 3790614448 1 34537
3791367374 2 34462 3791367405 1 34546
3791513266 2 34475 3791513298 1 34548
3791727577 2 34488 3791727611 1 34551
3791793875 2 34494 3791793907 1 34552
3791870647 2 34503 3791870691 1 34553
3792001247 2 34521 3792001280 1 34555
3792094579 2 34535 3792094611 1 34557
3792233675 2 34555 3792233708 1 34559
3795533405 0 12631 3795533525 1 34606
3797857329 0 12644 3797857449 1 34634
3799917893 2 34579 3799917924 1 34663
3800227722 2 34601 3800227754 1 34667
3800337219 2 34609 3800337248 1 34668
3808059287 2 34661 3808059362 1 34772
3808230588 2 34671 3808230618 1 34773
3808276385 2 34673 3808276417 1 34775
3808295832 2 34674 3808295859 1 34776
3808342702 2 34675 3808342729 1 34777
3808714623 2 34704 3808714654 1 34782
3808801441 2 34716 3808801470 1 34783
3810734811 0 12683 3810734930 1 34811
3816523046 2 34776 3816523082 1 34892
3816815308 2 34794 3816815336 1 34897
3817130679 2 34827 3817130715 1 34902
3817244588 2 34839 3817244622 1 34904
3824828854 2 34869 3824828887 1 35007
3824892288 2 34872 3824892319 1 35008
3824976962 2 34879 3824976991 1 35009
3825153413 2 34891 3825153445 1 35011
3825157669 0 12727 3825157786 1 35012
3825227163 2 34898 3825227197 1 35013
3825619404 2 34940 3825619441 1 35017
3825698602 2 34949 3825698638 1 35018
3825847474 2 34957 3825847507 1 35020
3826121424 0 12730 3826121554 1 35024
3828897075 0 12736 3828897194 1 35064
3833048244 2 34965 3833048278 1 35121
3833339700 2 34986 3833339732 1 35125
3833571549 0 12754 3833571632 2 35002
3833729371 2 35015 3833729406 1 35129
3833835260 2 35030 3833835294 1 35131
3841172010 2 35070 3841172043 1 35236
3841230215 2 35073 3841230249 1 35237
3841512235 2 35086 3841512269 1 35242
3841698180 2 35101 3841698212 1 35244
3842093089 0 12773 3842093174 2 35131 3842093207 1 35248
3842135919 2 35137 3842135950 1 35250
3842262464 2 35152 3842262499 1 35252
3849424159 2 35175 3849424193 1 35353
3849665051 2 35181 3849665084 1 35356
3849703490 0 12798 3849703579 2 35185
3850075061 2 35209 3850075095 1 35360
3850137677 2 35215 3850137709 1 35361
3850210173 0 12801 3850210258 2 35221
3850250272 2 35224 3850250305 1 35362
3850509104 2 35251 3850509138 1 35365
3857766155 2 35279 3857766188 1 35467
3858447836 2 35311 3858447871 1 35475
3859125372 2 35397 3859125405 1 35485
3859157152 2 35398 3859157184 1 35486
3866358819 0 12854 3866358931 2 35407
3866489215 2 35415 3866489241 1 35586
3866609522 2 35426 3866609557 1 35587
3866654429 2 35430 3866654460 1 35588
3866771218 2 35438 3866771252 1 35590
3866892520 2 35451 3866892550 1 35592
3867351004 2 35490 3867351038 1 35599
3871905263 0 12875 3871905379 1 35660
3874704266 2 35501 3874704299 1 35697
3874792659 0 12884 3874792774 1 35698
3874883008 2 35504 3874883038 1 35699
3875103460 2 35518 3875103493 1 35702
3875236745 0 12888 3875236831 2 35531
3875316917 2 35543 3875316952 1 35704
3875374335 2 35549 3875374367 1 35705
3875701841 2 35587 3875701876 1 35710
3875748946 2 35594 3875748977 1 35711
3882831177 0 12910 3882831305 2 35607
3883098198 2 35612 3883098232 1 35812
3883235238 2 35619 3883235272 1 35813
3883580330 0 12913 3883580414 2 35644
3883633394 2 35648 3883633428 1 35821
3883748532 2 35658 3883748565 1 35822
3883917213 2 35678 3883917246 1 35825
3891908146 0 12938 3891908228 2 35736
3900425091 0 12961 3900425174 2 35856
3949689842 2 35938 3949689875 1 35977
3950340544 2 35980 3950340582 1 35983
3958463947 2 36027 3958463983 1 36067
3958833923 1 36071 3958833967 2 36063
3963499395 0 13158 3963499513 1 36119
3963892726 0 13162 3963892871 1 36123
3966162502 2 36076 3966162534 1 36147
3966551786 2 36095 3966551816 1 36150
3966868990 0 13168 3966869074 2 36107
3966879979 2 36108 3966880011 1 36153
3966884284 2 36109 3966884318 1 36154
3971031122 0 13187 3971031240 1 36206
3975142551 2 36192 3975142588 1 36263
3975490907 2 36223 3975490942 1 36269
3975703971 2 36252 3975704007 1 36271
3975841761 2 36262 3975841792 1 36274
3975880168 0 13198 3975880255 2 36266
3980470497 0 13217 3980470616 1 36336
3983651433 2 36315 3983651464 1 36377
3983743193 2 36326 3983743230 1 36378
3983778647 2 36333 3983778676 1 36379
3983995219 2 36354 3983995255 1 36382
3984130386 2 36363 3984130418 1 36385
3991127972 2 36367 3991128006 1 36480
3991373136 2 36373 3991373166 1 36485
3991480244 2 36378 3991480277 1 36486
3991555059 2 36379 3991555093 1 36488
3991830062 2 36402 3991830098 1 36491
3992324882 2 36455 3992324914 1 36499
3999740582 2 36485 3999740615 1 36601
3999830841 2 36489 3999830876 1 36603
3999905912 2 36495 3999905983 1 36604
3999943338 2 36501 3999943373 1 36605
3999987214 2 36504 3999987247 1 36606
4000153678 2 36517 4000153711 1 36607
4000538925 2 36556 4000538960 1 36614
4000827053 2 36581 4000827088 1 36617
4003775488 0 13285 4003775605 1 36658
4008246014 0 13298 4008246097 2 36603
4008513553 2 36622 4008513585 1 36725
4008724839 2 36642 4008724875 1 36728
4009014668 2 36686 4009014700 1 36730
4009085911 2 36691 4009085943 1 36732
4012829481 1 36785 4012829568 0 13312
4015717759 0 13321 4015717879 1 36824
4016324785 2 36705 4016324819 1 36832
4016465953 2 36708 4016465985 1 36835
4016532744 2 36713 4016532778 1 36836
4016837275 2 36740 4016837308 1 36841
4016883454 2 36745 4016883488 1 36842
4017385790 0 13326 4017385876 2 36793
4023298732 0 13344 4023298850 1 36930
4024985231 2 36825 4024985263 1 36951
4025144054 0 13355 4025144138 2 36837
4025231084 2 36842 4025231116 1 36953
4025271392 2 36846 4025271423 1 36954
4025553383 2 36875 4025553418 1 36958
4025643968 0 13357 4025644053 2 36884
4025732688 2 36890 4025732722 1 36961
4025797332 2 36893 4025797367 1 36962
4033392335 2 36929 4033392366 1 37066
4033417099 2 36931 4033417130 1 37067
4033537847 2 36939 4033537880 1 37068
4033549657 2 36940 4033549687 1 37069
4033646730 0 13382 4033646814 2 36950
4033650602 0 13383 4033650686 2 36951
4033708739 2 36960 4033708772 1 37071
4033781886 1 37073 4033781923 2 36967
4033929750 2 36982 4033929785 1 37074
4041908030 2 37044 4041908058 1 37185
4042119994 2 37065 4042120028 1 37188
4042225609 2 37078 4042225640 1 37190
4042438395 2 37102 4042438427 1 37194
4050025817 2 37134 4050025848 1 37298
4050068697 2 37136 4050068730 1 37299
4050313895 2 37151 4050313925 1 37302
4050536529 2 37175 4050536564 1 37306
4050538863 2 37176 4050538896 1 37307
4057894237 2 37208 4057894273 1 37407
4058287155 2 37228 4058287186 1 37414
4058638898 2 37258 4058638933 1 37419
4058654881 2 37259 4058654916 1 37420
4058962968 2 37292 4058963000 1 37424
4059136164 2 37302 4059136196 1 37426
4059319938 0 13461 4059320058 1 37428
4066463693 2 37316 4066463740 1 37526
4066686107 2 37324 4066686141 1 37530
4066830852 2 37333 4066830880 1 37531
4067058534 0 13486 4067058621 2 37350
4067194668 2 37365 4067194702 1 37537
4067355355 0 13487 4067355440 2 37383
4074657233 2 37404 4074657266 1 37641
4083550572 0 13539 4083550656 2 37553
4133220198 2 37656 4133220225 1 37682
4133297983 2 37660 4133298013 1 37683
4139007374 0 13729 4139007491 1 37742
4141280170 2 37696 4141280205 1 37765
4141647309 2 37715 4141647339 1 37769
4141919250 2 37737 4141919281 1 37772
4149576632 2 37782 4149576666 1 37851
4149742167 2 37787 4149742202 1 37852
4149756938 2 37788 4149756968 1 37853
4150283918 2 37814 4150283949 1 37859
4158399252 2 37886 4158399286 1 37955
4158486410 2 37896 4158486441 1 37956
4158501128 2 37897 4158501163 1 37957
4158669719 2 37912 4158669750 1 37958
4159096540 2 37948 4159096572 1 37965
4159145834 2 37951 4159145867 1 37966
4159208871 2 37955 4159208905 1 37967
4161468271 0 13790 4161468386 1 37997
4166034664 0 13806 4166034783 1 38060
4166510428 2 37973 4166510458 1 38066
4166568870 2 37978 4166568901 1 38067
4166932535 2 38007 4166932566 1 38071
4166936803 0 13808 4166936883 2 38008
4166986043 2 38014 4166986074 1 38072
4167100709 2 38023 4167100745 1 38073
4167145249 2 38030 4167145281 1 38074
4167495935 2 38066 4167495968 1 38080
4172637609 0 13826 4172637725 1 38151
4174772529 2 38083 4174772537 1 38181
4175015538 0 13836 4175015623 2 38100
4175045827 2 38103 4175045858 1 38183
4175208134 2 38118 4175208166 1 38185
4175452453 2 38139 4175452485 1 38188
4175620767 2 38157 4175620799 1 38192
4175791776 2 38177 4175791811 1 38194
4182962710 2 38186 4182962743 1 38292
4183285576 0 13862 4183285662 2 38202
4183305461 2 38205 4183305491 1 38295
4183322496 2 38207 4183322528 1 38296
4183412778 2 38215 4183412812 1 38297
4183469381 2 38223 4183469414 1 38298
4183644667 2 38238 4183644700 1 38300
4183652581 2 38240 4183652614 1 38301
4183729375 2 38250 4183729409 1 38302
4183779799 2 38255 4183779830 1 38303
4183853377 2 38261 4183853408 1 38304
4183889534 2 38263 4183889570 1 38305
4191505144 2 38304 4191505174 1 38408
4191745321 2 38322 4191745356 1 38413
4191836886 2 38329 4191836918 1 38414
4191990426 0 13890 4191990510 2 38347
4192022215 2 38352 4192022247 1 38417
4192169760 2 38365 4192169796 1 38418
4192176711 2 38366 4192176746 1 38419
4192232483 2 38376 4192232515 1 38420
4192297222 2 38387 4192297257 1 38421
4198034296 0 13905 4198034413 1 38501
4199831771 2 38422 4199831804 1 38526
4199848668 2 38423 4199848698 1 38527
4200013903 2 38430 4200013934 1 38529
4200053938 2 38433 4200053968 1 38530
4200189382 2 38441 4200189419 1 38532
4200243488 2 38447 4200243521 1 38533
4200319356 2 38458 4200319391 1 38534
4200547382 1 38537 4200547405 2 38483
4200824148 2 38517 4200824178 1 38541
4205586578 0 13933 4205586700 1 38606
4208263585 2 38544 4208263617 1 38643
4208299945 2 38547 4208299981 1 38644
4208416918 2 38554 4208416954 1 38646
4208438381 0 13940 4208438466 2 38555
4208491441 2 38559 4208491474 1 38647
4208653158 2 38568 4208653190 1 38648
4208778306 2 38587 4208778338 1 38651
4209179333 2 38637 4209179361 1 38655
4216551731 2 38661 4216551764 1 38758
4216798496 2 38673 4216798530 1 38762
4216873477 2 38680 4216873504 1 38763
4216950832 2 38685 4216950854 1 38765
4217085534 2 38696 4217085567 1 38767
4217304305 2 38731 4217304339 1 38769
4217352939 2 38736 4217352973 1 38770
4217437284 2 38743 4217437315 1 38771
4217504597 2 38747 4217504630 1 38772
4225067532 2 38780 4225067563 1 38880
4225118602 2 38784 4225118635 1 38881
4225176606 2 38789 4225176640 1 38882
4225292056 2 38796 4225292088 1 38884
4225535327 0 13987 4225535410 2 38824
4225589441 2 38831 4225589475 1 38887
4225714107 2 38843 4225714143 1 38888
4230725548 0 14007 4230725665 1 38956
4233278272 2 38885 4233278304 1 38992
4233451788 2 38898 4233451824 1 38994
4233588869 2 38910 4233588903 1 38995
4233818787 2 38929 4233818819 1 38999
4233951029 2 38944 4233951063 1 39001
4234020620 2 38956 4234020652 1 39002
4234176369 2 38969 4234176401 1 39003
4241753351 2 39011 4241753382 1 39110
4241805797 0 14040 4241805881 2 39014
4241899733 0 14043 4241899817 2 39023
4242069453 2 39037 4242069485 1 39114
4242109536 0 14045 4242109619 2 39044
4242426260 2 39086 4242426294 1 39117
4249849089 2 39104 4249849123 1 39218
4250016602 0 14075 4250016689 2 39118
4250088518 0 14076 4250088637 1 39221
4250295185 2 39137 4250295216 1 39223
4250345690 2 39141 4250345721 1 39224
4250683701 2 39181 4250683732 1 39229
4250767122 2 39186 4250767153 1 39231
4254683833 0 14094 4254683950 1 39283
4255721936 0 14098 4255722054 1 39297
4258023334 2 39198 4258023369 1 39327
4258393040 2 39221 4258393073 1 39332
4258545322 0 14108 4258545405 2 39236
4258691650 2 39249 4258691680 1 39336
4259094753 2 39297 4259094787 1 39341
4259154744 2 39305 4259154778 1 39342
4259692719 0 14115 4259692836 1 39348
