1416933 2 0 1416966 1 73
1776676 2 8 1776706 1 88
1815600 0 4 1815719 1 90
1988354 2 20 1988389 1 92
2003890 2 22 2003922 1 93
2065094 2 27 2065126 1 95
2201224 2 38 2201259 1 99
2245004 2 43 2245040 1 103
2317814 2 50 2317847 1 105
2394463 1 111 2394479 2 57
2420301 2 58 2420334 1 113
2460652 2 60 2460684 1 115
2489788 2 63 2489820 1 118
2512373 2 65 2512406 1 121
2528654 2 67 2528690 1 123
2542492 2 69 2542524 1 125
2600667 2 72 2600699 1 129
2705587 2 84 2705619 1 134
2732934 2 85 2732965 1 135
2765239 2 90 2765271 1 136
2800814 2 93 2800848 1 138
2870010 2 97 2870042 1 141
2890177 2 98 2890207 1 143
2902184 2 101 2902218 1 145
2917728 2 102 2917761 1 148
2923022 2 103 2923055 1 149
4365603 0 14 4365723 1 218
5634440 0 19 5634560 1 276
6631256 0 22 6631369 1 316
8426795 0 28 8426910 1 423
9476734 0 31 9476853 1 468
9896448 2 106 9896483 1 495
10141327 2 115 10141359 1 508
10195263 2 117 10195295 1 511
10347090 2 127 10347124 1 515
10530959 2 139 10530989 1 523
10675138 2 150 10675173 1 525
10692037 2 151 10692069 1 527
10711825 2 152 10711856 1 528
10738471 2 154 10738504 1 530
10740935 2 155 10740966 1 531
10745053 2 156 10745086 1 532
10790040 2 162 10790074 1 535
10856588 2 167 10856622 1 538
10859925 2 168 10859957 1 539
10912975 2 173 10913006 1 542
10916625 2 174 10916766 1 543
10965704 2 180 10965735 1 546
10999445 2 184 10999480 1 547
11014186 2 186 11014220 1 548
11078419 2 194 11078451 1 550
11087460 2 195 11087495 1 551
14643547 0 47 14643667 1 723
18470742 2 209 18470774 1 886
18666694 2 217 18666727 1 890
18678167 2 218 18678200 1 891
18774353 2 224 18774386 1 895
18825478 0 65 18825597 1 899
18849756 2 231 18849788 1 902
18914196 2 236 18914234 1 903
18920618 2 237 18920650 1 904
18938040 2 240 18938074 1 906
18975038 2 244 18975070 1 909
18987578 2 246 18987610 1 910
19016174 2 248 19016210 1 911
19205947 2 274 19205981 1 917
19230799 2 278 19230831 1 919
19236831 2 280 19236866 1 920
19319724 2 288 19319755 1 923
19344774 2 290 19344807 1 925
19348239 2 291 19348270 1 926
19385590 2 293 19385625 1 928
19389204 0 67 19389287 2 294
19393961 2 295 19393987 1 929
19538067 2 307 19538098 1 932
20911890 0 70 20912009 1 985
26375308 0 88 26375427 1 1233
27004982 2 328 27005015 1 1263
27054571 2 333 27054606 1 1266
27060666 2 334 27060698 1 1267
27080039 2 336 27080072 1 1268
27105445 2 338 27105488 1 1270
27140946 2 341 27140979 1 1271
27148447 2 342 27148477 1 1272
27199750 2 346 27199783 1 1277
27223182 2 349 27223213 1 1278
27243697 2 350 27243733 1 1279
27321974 2 356 27322009 1 1282
27328557 2 357 27328589 1 1283
27346481 2 358 27346514 1 1284
27390547 0 92 27390628 2 359 27390662 1 1286
27398124 0 93 27398209 2 360
27411148 2 361 27411183 1 1288
27457775 2 366 27457809 1 1290
27495173 2 370 27495204 1 1291
27507179 2 372 27507210 1 1292
27569479 1 1295 27569536 2 376
27592654 2 379 27592686 1 1296
27733598 0 96 27733682 2 390 27733716 1 1302
27871970 2 398 27872004 1 1311
28003316 0 97 28003435 1 1316
28243900 0 100 28244018 1 1323
31128453 0 113 31128573 1 1455
33748585 0 129 33748702 1 1507
35122142 2 406 35122171 1 1543
35267799 2 413 35267830 1 1545
35507472 2 429 35507504 1 1549
35824787 2 461 35824821 1 1552
35970910 2 475 35970941 1 1555
36110068 2 492 36110100 1 1557
36145538 2 495 36145572 1 1558
36219972 2 504 36220002 1 1559
38954107 0 147 38954225 1 1596
42557217 0 153 42557334 1 1649
43353008 2 517 43353042 1 1666
44078120 2 561 44078153 1 1675
44227209 2 571 44227238 1 1678
44511189 2 599 44511223 1 1683
51843808 0 182 51843895 2 609
52068858 2 624 52068885 1 1812
52255272 2 637 52255306 1 1815
52509073 2 662 52509153 1 1818
52693855 2 688 52693989 0 189
53684258 0 193 53684378 1 1832
54441928 0 196 54442042 1 1843
59903504 0 211 59903624 1 1927
60854921 1 1943 60855032 2 769
60999051 2 786 60999082 1 1945
68455017 0 247 68455103 2 816
68571960 0 248 68572045 2 821
68722163 2 828 68722195 1 2045
68774981 2 834 68775015 1 2046
68944583 2 847 68944655 1 2049
69303084 2 896 69303117 1 2055
69382906 2 911 69382938 1 2056
76859179 2 935 76859209 1 2159
77045114 2 943 77045258 1 2161
77176565 0 276 77176648 2 956
77295291 2 964 77295323 1 2164
77339711 2 969 77339740 1 2165
77403622 0 279 77403707 2 973
77787837 2 1023 77787868 1 2169
84719799 2 1032 84719833 1 2264
85087728 2 1043 85087761 1 2271
85176193 2 1048 85176227 1 2272
85202439 2 1049 85202470 1 2273
85325102 2 1058 85325133 1 2275
85370004 2 1062 85370035 1 2276
85560686 2 1078 85560717 1 2279
85695478 2 1094 85695511 1 2281
85989781 2 1141 85989812 1 2283
86141136 2 1164 86141170 1 2285
93477293 2 1179 93477323 1 2387
93785758 2 1199 93785788 1 2391
93925404 0 335 93925489 2 1209
94132027 2 1220 94132059 1 2395
101836575 2 1267 101836609 1 2508
101984824 0 362 101984910 2 1276
102158884 2 1288 102158915 1 2512
102344180 2 1301 102344213 1 2514
102390374 2 1304 102390404 1 2515
102502845 0 364 102502928 2 1314
102711341 2 1335 102711375 1 2519
102812539 2 1345 102812573 1 2521
108117398 0 380 108117516 1 2595
109927103 2 1357 109927137 1 2631
110091014 2 1360 110091049 1 2635
110335480 2 1367 110335513 1 2641
110589757 0 390 110589842 2 1384
110961306 2 1416 110961344 1 2651
111068668 2 1426 111068698 1 2653
111176813 2 1436 111176846 1 2654
118709783 0 416 118709868 2 1464
119000045 0 417 119000129 2 1490
119378604 0 418 119378688 2 1525
135782615 0 475 135782700 2 1702
135881688 0 477 135881772 2 1718
135899773 0 478 135899857 2 1719
144043212 0 501 144043298 2 1795
144202576 0 503 144202659 2 1813
168359312 2 2081 168359344 1 2745
168545221 2 2092 168545249 1 2747
168647359 0 622 168647445 2 2095
168681384 2 2098 168681419 1 2748
169199670 2 2142 169199702 1 2752
169245481 2 2151 169245513 1 2753
169542916 2 2182 169542944 1 2756
177068651 2 2210 177068685 1 2835
177318591 2 2230 177318623 1 2836
177376078 1 2837 177376126 2 2235
177468784 2 2247 177468816 1 2838
177686346 2 2271 177686378 1 2840
177823112 0 644 177823198 2 2283
179138853 0 650 179138971 1 2855
180707536 0 655 180707655 1 2871
185146997 2 2299 185147027 1 2918
185436577 2 2317 185436611 1 2920
185462517 0 674 185462602 2 2319
185498622 2 2322 185498655 1 2921
185629767 2 2332 185629799 1 2922
185723574 2 2340 185723679 0 676
185758050 2 2343 185758081 1 2923
185893373 2 2365 185893407 1 2925
185989696 0 678 185989780 2 2380
188834379 0 686 188834496 1 2955
193635697 2 2426 193635726 1 3005
193849954 2 2438 193849987 1 3007
193867648 0 703 193867732 2 2441
194281001 2 2486 194281032 1 3011
194313362 2 2489 194313393 1 3012
201950890 0 730 201950975 2 2524
201973329 2 2527 201973361 1 3106
202274028 2 2550 202274065 1 3111
202384084 2 2558 202384116 1 3113
202544679 2 2580 202544712 1 3115
202574188 2 2586 202574220 1 3116
202691361 2 2604 202691396 1 3117
202728921 2 2609 202728955 1 3118
209210863 0 756 209210982 1 3194
210119130 2 2629 210119173 1 3206
210345540 1 3209 210345611 2 2641
210661853 0 762 210661938 2 2674
210866987 2 2694 210867021 1 3215
211036504 2 2710 211036536 1 3217
211246781 0 763 211246898 1 3221
217125895 0 782 217126011 1 3303
218834097 2 2761 218834127 1 3321
218867617 2 2764 218867640 1 3323
218904352 2 2765 218904384 1 3324
218916007 0 792 218916092 2 2766
219197322 0 795 219197407 2 2791
227095131 0 819 227095219 2 2870
227180166 2 2876 227180198 1 3437
227356175 2 2893 227356207 1 3439
227545038 2 2913 227545072 1 3442
227755829 2 2936 227755861 1 3445
227814189 2 2941 227814221 1 3446
227832160 2 2944 227832191 1 3447
229914330 0 827 229914449 1 3476
235407159 2 2971 235407190 1 3550
235521195 2 2980 235521227 1 3551
235730541 2 2999 235730576 1 3554
235752543 0 850 235752628 2 3004 235752662 1 3555
235859494 2 3011 235859530 1 3556
235887363 2 3016 235887398 1 3557
236078938 2 3035 236078969 1 3560
236294371 2 3056 236294400 1 3563
236312747 2 3057 236312780 1 3564
239384818 0 865 239384936 1 3604
243845341 2 3085 243845371 1 3665
244010862 2 3096 244010893 1 3668
244331169 0 880 244331257 2 3126
244517973 0 881 244518056 2 3147
250276116 0 898 250276236 1 3755
251641339 2 3155 251641373 1 3775
251785667 2 3159 251785698 1 3777
251957050 2 3164 251957084 1 3780
252056075 1 3782 252056129 2 3172
252106028 2 3175 252106062 1 3783
252468672 0 900 252468789 1 3788
252473605 0 901 252473690 2 3197 252473724 1 3789
252749416 2 3230 252749446 1 3792
252801680 2 3240 252801768 1 3793
252956264 2 3247 252956291 1 3795
259423981 0 918 259424101 1 3886
260760897 2 3295 260760931 1 3904
263092520 0 931 263092638 1 3936
267487037 0 941 267487153 1 3994
268717736 2 3356 268717770 1 4009
268790092 1 4010 268790232 2 3361
268904504 2 3368 268904535 1 4012
269313811 2 3407 269313843 1 4018
269419212 2 3420 269419246 1 4021
276366415 0 972 276366534 1 4114
277143232 2 3470 277143264 1 4126
277696086 2 3505 277696120 1 4135
285235285 2 3534 285235318 1 4240
285347658 2 3544 285347689 1 4241
285408154 2 3547 285408187 1 4242
285630335 0 1002 285630420 2 3561
285646765 2 3563 285646799 1 4245
285673172 0 1003 285673256 2 3567
286049925 0 1004 286050009 2 3615
286078193 0 1005 286078280 2 3620
286139840 2 3628 286139873 1 4250
291100195 0 1022 291100314 1 4318
293660116 2 3660 293660146 1 4357
293860572 2 3672 293860607 1 4360
293872002 0 1026 293872086 2 3675
294283268 2 3710 294283300 1 4363
294299256 2 3711 294299288 1 4364
294361595 2 3724 294361626 1 4365
294481159 2 3738 294481193 1 4366
296440538 0 1035 296440658 1 4395
297723708 0 1038 297723826 1 4412
311174408 0 1090 311174492 2 3938
319050583 0 1121 319050669 2 3995
327447944 0 1148 327448029 2 4106
360322621 2 4185 360322654 1 4488
360478666 2 4194 360478700 1 4490
360736663 2 4214 360736694 1 4493
368675146 0 1297 368675230 2 4238
369049028 2 4270 369049061 1 4579
370060261 0 1299 370060378 1 4589
375435698 0 1318 375435817 1 4645
377092233 2 4329 377092264 1 4662
377455955 2 4362 377455987 1 4665
377684676 2 4386 377684709 1 4667
381114323 0 1344 381114425 1 4702
385796540 0 1357 385796626 2 4455
386026898 2 4474 386026931 1 4753
386059562 0 1359 386059646 2 4477
390705476 0 1371 390705599 1 4818
393386385 2 4491 393386418 1 4856
393719504 2 4504 393719539 1 4860
393729854 0 1381 393729939 2 4505
393927840 0 1382 393927926 2 4517
394118369 2 4536 394118402 1 4865
394190473 2 4542 394190509 1 4866
394371438 2 4558 394371469 1 4869
394513054 2 4568 394513088 1 4871
395129572 0 1385 395129688 1 4880
397138497 0 1392 397138613 1 4908
402107173 2 4607 402107205 1 4974
402229612 2 4617 402229642 1 4976
402246806 2 4618 402246838 1 4977
402374634 2 4627 402374675 1 4979
402492552 2 4641 402492603 1 4981
402698825 2 4665 402698860 1 4984
403065869 2 4700 403065908 1 4990
404025825 0 1414 404025944 1 5003
410195983 2 4702 410196015 1 5086
410241633 2 4704 410241662 1 5088
410511524 2 4721 410511554 1 5092
410713419 0 1435 410713504 2 4738
410785988 2 4746 410786019 1 5097
410878615 2 4755 410878651 1 5098
410989661 2 4768 410989695 1 5100
418347931 2 4794 418347965 1 5196
418624008 2 4802 418624039 1 5201
418798939 2 4811 418798972 1 5203
418835925 2 4813 418835949 1 5204
419269762 0 1470 419269846 2 4851
419654226 2 4890 419654257 1 5215
422968117 0 1482 422968235 1 5260
426998304 0 1493 426998425 1 5316
427088885 2 4914 427088918 1 5318
427494308 2 4941 427494337 1 5323
427690237 2 4966 427690270 1 5326
427738972 2 4970 427739007 1 5327
435197351 2 4997 435197380 1 5429
435374149 2 5008 435374181 1 5431
435719383 0 1523 435719464 2 5037 435719497 1 5436
435738507 2 5039 435738539 1 5437
436224325 2 5089 436224357 1 5443
443385377 2 5106 443385410 1 5539
443765409 2 5124 443765442 1 5545
443885553 2 5132 443885586 1 5547
444149734 2 5164 444149764 1 5549
444224938 2 5175 444224970 1 5550
444265215 0 1557 444265296 2 5176
444463921 2 5200 444463955 1 5554
452043743 2 5230 452043777 1 5658
452117882 2 5236 452117916 1 5659
452311921 2 5252 452311955 1 5660
452391798 2 5255 452391831 1 5661
452657735 2 5281 452657769 1 5665
452848859 2 5301 452848894 1 5666
452851084 2 5302 452851133 1 5667
452853808 2 5303 452853840 1 5668
453003087 2 5323 453003118 1 5670
453993183 0 1592 453993301 1 5684
456045646 0 1601 456045762 1 5712
460429978 2 5345 460430009 1 5770
460624839 2 5359 460624871 1 5773
460668460 2 5363 460668573 1 5774
460720990 2 5371 460721020 1 5775
460845946 2 5379 460845981 1 5776
460976190 2 5399 460976225 1 5778
461015363 2 5403 461015397 1 5779
461054467 2 5405 461054509 1 5780
461127872 2 5413 461127903 1 5781
461261995 2 5423 461262026 1 5783
461295848 2 5424 461295882 1 5784
468207607 0 1647 468207727 1 5878
468528960 2 5434 468528994 1 5880
468816078 2 5454 468816110 1 5885
469080623 0 1650 469080650 2 5475
469258081 2 5482 469258115 1 5891
469373058 2 5500 469373091 1 5892
469422882 2 5505 469422920 1 5893
474513843 0 1667 474513960 1 5964
474516776 0 1668 474516895 1 5965
475253960 0 1671 475254078 1 5973
477294632 2 5570 477294668 1 5999
477457273 2 5582 477457305 1 6003
477484833 0 1681 477484917 2 5584
477558130 0 1682 477558213 2 5592
477801532 2 5617 477801562 1 6008
477959431 1 6010 477959538 2 5634
485446831 2 5657 485446863 1 6114
485543473 2 5664 485543506 1 6115
485764331 2 5680 485764363 1 6119
485899556 2 5687 485899589 1 6121
486042112 2 5710 486042141 1 6123
486198726 2 5726 486198760 1 6125
494048134 0 1734 494048217 2 5778
494099184 0 1735 494099268 2 5782
494533333 0 1738 494533419 2 5813
502146866 0 1766 502146950 2 5844
551770831 2 5891 551770865 1 6234
552631738 0 1947 552631823 2 5950
560491274 2 5992 560491310 1 6323
560534097 2 5993 560534128 1 6324
560724756 0 1966 560724841 2 6007
560895429 2 6021 560895460 1 6328
561215519 2 6052 561215546 1 6331
568795670 2 6084 568795699 1 6409
568903224 2 6093 568903255 1 6410
568946316 2 6098 568946348 1 6411
569066811 2 6108 569066841 1 6412
569236269 2 6125 569236302 1 6414
569305731 2 6133 569305764 1 6415
569379547 2 6142 569379580 1 6416
569590952 0 1985 569591036 2 6146
577133170 2 6158 577133203 1 6513
577203281 2 6165 577203310 1 6514
577308035 2 6171 577308069 1 6515
577332785 2 6172 577332817 1 6516
577666855 2 6197 577666890 1 6521
577721323 2 6206 577721355 1 6522
577774877 2 6217 577774913 1 6523
577892314 2 6231 577892349 1 6524
578373428 0 2021 578373545 1 6531
579311551 0 2025 579311668 1 6543
585260127 2 6254 585260161 1 6623
585591893 2 6277 585591927 1 6628
585649043 2 6282 585649077 1 6629
585784760 2 6291 585784800 1 6631
585846944 2 6295 585846978 1 6632
585874018 2 6298 585874052 1 6633
585959770 2 6306 585959802 1 6634
586098880 2 6323 586098912 1 6635
586434844 2 6350 586434877 1 6641
593898706 0 2073 593898791 2 6377
594138111 2 6397 594138144 1 6746
594245611 2 6408 594245645 1 6748
594267442 2 6409 594267476 1 6749
594373696 2 6425 594373728 1 6751
594452120 0 2074 594452205 2 6431
594505848 0 2075 594505871 2 6437
594754974 0 2076 594755060 2 6461
594986351 0 2077 594986470 1 6757
596761854 0 2085 596761974 1 6781
601812492 2 6467 601812527 1 6853
601900239 1 6854 601900364 2 6468
602134069 2 6480 602134100 1 6858
602512882 2 6506 602512901 1 6863
602598331 2 6514 602598366 1 6865
602986528 2 6566 602986563 1 6869
609983259 0 2124 609983313 1 6967
610481840 2 6597 610481871 1 6972
610636352 2 6609 610636382 1 6975
610654231 2 6611 610654266 1 6976
611042948 2 6653 611042980 1 6980
611225607 0 2128 611225724 1 6983
618708286 1 7083 618708412 2 6686
618798804 2 6691 618798835 1 7085
618979952 2 6705 618979984 1 7088
618996442 0 2162 618996529 2 6706
619217204 2 6727 619217237 1 7089
619341967 2 6744 619341998 1 7090
619388934 2 6749 619388965 1 7091
626437973 0 2185 626438093 1 7191
627097269 0 2190 627097354 2 6805
627348896 2 6824 627348925 1 7201
627489290 2 6831 627489321 1 7203
627799693 2 6857 627799724 1 7208
627905467 2 6871 627905498 1 7210
628000494 2 6882 628000525 1 7211
628012240 2 6883 628012274 1 7212
635603211 2 6909 635603243 1 7315
635657590 0 2219 635657677 2 6913
635729878 2 6920 635729915 1 7317
636005580 1 7320 636005697 2 6947
636012222 2 6948 636012256 1 7321
636091669 2 6957 636091700 1 7322
636099952 0 2221 636100034 2 6958
636141917 2 6964 636141947 1 7323
636414585 2 6992 636414615 1 7327
643758326 2 7010 643758359 1 7429
643980956 2 7029 643980987 1 7432
644142547 2 7042 644142580 1 7434
644210786 2 7047 644210820 1 7435
644421427 2 7064 644421459 1 7437
644446936 2 7067 644446973 1 7438
644523514 2 7073 644523546 1 7439
644552735 2 7076 644552767 1 7440
644607729 2 7084 644607758 1 7441
644696117 2 7090 644696151 1 7442
650460018 0 2264 650460135 1 7522
652086650 2 7104 652086682 1 7541
652113714 2 7105 652113746 1 7542
652181438 2 7109 652181469 1 7543
652258556 2 7113 652258590 1 7544
652465290 2 7126 652465364 1 7547
652620831 2 7139 652620863 1 7550
652782975 2 7165 652783007 1 7553
652920336 2 7184 652920454 1 7555
653001317 2 7193 653001348 1 7556
653099092 2 7202 653099164 1 7558
656197397 0 2292 656197515 1 7598
660508878 2 7232 660508912 1 7657
660599421 2 7237 660599451 1 7658
660711342 2 7245 660711374 1 7660
660987447 2 7268 660987477 1 7664
661056829 2 7280 661056860 1 7665
661096260 2 7285 661096294 1 7666
661204733 2 7297 661204766 1 7667
666955005 0 2320 666955124 1 7750
667242842 0 2321 667242962 1 7754
668750871 2 7328 668750904 1 7774
668836731 2 7337 668836762 1 7775
668897530 2 7339 668897561 1 7776
669086541 2 7355 669086574 1 7779
669139363 2 7360 669139396 1 7780
669341941 2 7382 669341974 1 7783
669816508 2 7421 669816544 1 7787
670115434 1 7791 670115485 0 2330
677162689 0 2351 677162773 2 7437
733493065 0 2552 733493181 1 7882
735250293 2 7600 735250328 1 7900
738880192 0 2562 738880308 1 7937
744103228 2 7669 744103261 1 7991
744314220 2 7691 744314255 1 7993
745496720 0 2579 745496838 1 8005
750132755 0 2599 750132874 1 8053
750209325 0 2600 750209443 1 8054
752304357 2 7754 752304388 1 8075
752362232 2 7759 752362267 1 8076
752542305 2 7772 752542340 1 8078
752665922 2 7790 752665954 1 8079
752778456 0 2607 752778540 2 7803
757465151 0 2621 757465268 1 8129
758682450 0 2624 758682568 1 8141
760166733 2 7816 760166768 1 8158
760717615 2 7852 760717649 1 8166
760843090 2 7866 760843124 1 8168
760927641 2 7874 760927673 1 8169
760977708 0 2635 760977790 2 7878
761053410 2 7883 761053442 1 8171
761185391 2 7899 761185418 1 8173
763656157 0 2638 763656275 1 8208
764274815 0 2640 764274936 1 8218
768625927 2 7909 768625960 1 8279
768711153 2 7913 768711186 1 8280
769114136 2 7941 769114170 1 8285
769122337 2 7942 769122368 1 8286
769236698 2 7951 769236731 1 8287
769330592 2 7960 769330624 1 8289
769644845 2 7997 769644874 1 8292
769692517 2 8001 769692553 1 8293
776769935 0 2686 776770053 1 8389
777165956 0 2688 777166039 2 8028
777437543 2 8046 777437576 1 8398
777603540 2 8058 777603571 1 8400
777650252 2 8064 777650287 1 8401
777800758 2 8076 777800791 1 8402
777897759 2 8087 777897793 1 8403
780842877 0 2696 780843024 1 8447
785681731 2 8138 785681764 1 8513
785710570 0 2713 785710654 2 8140
785746550 2 8146 785746583 1 8514
785875361 2 8156 785875394 1 8515
785964518 2 8163 785964549 1 8516
786136941 2 8185 786136973 1 8518
786146496 0 2715 786146580 2 8186
786205749 0 2716 786205833 2 8192
786262159 2 8198 786262263 1 8520
790281887 0 2733 790282004 1 8574
794373081 2 8278 794373111 1 8630
794456632 2 8289 794456670 1 8631
794500332 2 8297 794500400 0 2747
799849262 0 2767 799849378 1 8705
802157309 2 8327 802157340 1 8736
802196479 2 8330 802196517 1 8737
802250401 2 8336 802250431 1 8738
802362280 2 8345 802362315 1 8740
802471613 2 8357 802471648 1 8742
802595376 2 8376 802595416 1 8743
803001236 0 2774 803001320 2 8430
803035028 2 8434 803035060 1 8750
810542713 2 8462 810542746 1 8854
810783489 2 8488 810783526 1 8857
810786971 2 8489 810787001 1 8858
810881167 2 8496 810881201 1 8859
811038522 2 8508 811038552 1 8862
811102071 2 8519 811102103 1 8863
811290507 2 8533 811290541 1 8864
811310041 2 8534 811310072 1 8865
811323273 2 8535 811323310 1 8866
818771054 1 8961 818771111 2 8560
819046371 2 8574 819046401 1 8965
819054621 2 8575 819054658 1 8966
819182694 2 8586 819182727 1 8968
819448459 2 8606 819448493 1 8972
819495309 2 8609 819495343 1 8973
819564702 2 8618 819564733 1 8974
819792797 0 2837 819792880 2 8646
824215292 0 2848 824215411 1 9039
826977452 2 8657 826977486 1 9076
827023685 2 8659 827023719 1 9078
827553070 2 8688 827553161 1 9087
827693832 2 8700 827693865 1 9089
827999454 2 8729 827999488 1 9093
828012252 2 8730 828012286 1 9094
828100867 2 8737 828100901 1 9096
832101168 0 2866 832101284 1 9152
835515351 2 8751 835515376 1 9196
835948901 2 8780 835948936 1 9202
836211197 2 8812 836211234 1 9207
836434274 2 8835 836434305 1 9209
843779801 2 8850 843779939 1 9316
844210580 2 8873 844210613 1 9322
844571048 2 8911 844571082 1 9326
852211379 2 8942 852211412 1 9429
852733420 2 8989 852733454 1 9435
852933568 2 9016 852933600 1 9438
853028747 2 9032 853028782 1 9439
853085855 1 9440 853085958 2 9036
853132325 1 9441 853132465 2 9039
860641161 2 9069 860641194 1 9548
860967583 2 9101 860967621 1 9552
861034890 2 9111 861034972 1 9553
861235470 2 9129 861235503 1 9556
861269478 2 9131 861269513 1 9557
861301860 0 2957 861301896 2 9133
868915389 0 2988 868915474 2 9161
877276719 0 3017 877276801 2 9289
877569273 0 3018 877569357 2 9306
923497745 0 3180 923497863 1 9628
927518816 2 9362 927518848 1 9669
927619079 2 9370 927619110 1 9670
927648230 0 3194 927648372 2 9373
927839265 2 9395 927839295 1 9672
927863567 2 9398 927863598 1 9673
935651029 2 9425 935651060 1 9753
935854873 2 9436 935854908 1 9754
935918299 2 9439 935918334 1 9756
936019978 2 9449 936020013 1 9757
944015564 2 9510 944015598 1 9839
944220075 2 9525 944220108 1 9841
944630004 2 9569 944630038 1 9844
944638157 2 9571 944638191 1 9845
948591716 0 3282 948591832 1 9886
952419549 2 9610 952419600 1 9931
952523611 0 3300 952523696 2 9614
952613607 0 3301 952613693 2 9620
952794183 2 9641 952794214 1 9936
960495765 2 9680 960495799 1 10041
960773511 2 9691 960773544 1 10045
960963159 2 9707 960963191 1 10049
961234583 2 9736 961234618 1 10051
961352335 2 9742 961352369 1 10052
961411496 2 9747 961411526 1 10054
961466319 2 9751 961466352 1 10055
961540075 2 9755 961540111 1 10056
968618549 2 9761 968618581 1 10151
968745238 2 9767 968745272 1 10152
968909084 0 3364 968909168 2 9778
969592926 2 9838 969592957 1 10163
969692631 2 9852 969692665 1 10164
969754114 2 9859 969754148 1 10165
969812241 2 9865 969812275 1 10166
977301186 0 3394 977301270 2 9894
977389856 0 3395 977389971 1 10269
977633142 2 9910 977633176 1 10272
977799942 2 9923 977799977 1 10273
977815626 0 3397 977815711 2 9926
977837073 2 9927 977837106 1 10274
977841206 2 9928 977841234 1 10275
977955291 2 9943 977955326 1 10276
978010681 1 10277 978010754 2 9947
978070386 0 3398 978070470 2 9952
979028699 0 3401 979028815 1 10291
985400454 0 3424 985400541 2 9970
985506055 2 9973 985506086 1 10379
985878170 2 9993 985878205 1 10384
985948452 2 10000 985948482 1 10385
986260809 0 3428 986260891 2 10035
986812669 0 3430 986812787 1 10398
993963177 2 10086 993963211 1 10496
994103876 2 10100 994103909 1 10497
994166539 2 10106 994166575 1 10498
994179815 2 10107 994179847 1 10499
994220573 2 10113 994220608 1 10500
994273459 2 10118 994273491 1 10501
994476702 2 10141 994476736 1 10504
994502204 2 10144 994502236 1 10505
997690214 0 3465 997690331 1 10548
1002508954 2 10215 1002508987 1 10615
1002744514 2 10234 1002744549 1 10618
1002863054 2 10247 1002863085 1 10619
1002952004 2 10252 1002952036 1 10621
1002986090 2 10256 1002986126 1 10622
1010415021 2 10286 1010415056 1 10723
1010620571 2 10295 1010620606 1 10727
1010765848 2 10309 1010765882 1 10729
1010943893 2 10327 1010943926 1 10731
1010983526 2 10331 1010983559 1 10732
1011046042 2 10333 1011046074 1 10734
1011103094 2 10340 1011103129 1 10735
1011184854 2 10352 1011184888 1 10736
1018103626 0 3525 1018103745 1 10832
1018755816 2 10390 1018755846 1 10843
1018885105 2 10397 1018885136 1 10845
1019279489 2 10433 1019279520 1 10850
1019424717 2 10449 1019424750 1 10852
1019455005 0 3530 1019455089 2 10452
1019549106 0 3532 1019549188 2 10461
1019798341 2 10483 1019798369 1 10855
1019874463 2 10488 1019874494 1 10856
1019882245 0 3534 1019882331 2 10490
1027441432 2 10524 1027441543 1 10963
1027570224 2 10537 1027570258 1 10965
1027670264 0 3556 1027670354 2 10540
1027751023 2 10546 1027751054 1 10966
1027849334 2 10557 1027849369 1 10967
1027908332 0 3557 1027908417 2 10564
1031221391 0 3569 1031221509 1 11013
1035477555 2 10600 1035477584 1 11074
1035699198 2 10611 1035699234 1 11077
1036126099 0 3586 1036126187 2 10651
1036216374 2 10664 1036216404 1 11082
1036416532 2 10685 1036416567 1 11085
1044097276 2 10720 1044097307 1 11192
1044216151 2 10726 1044216182 1 11194
1044424103 2 10748 1044424132 1 11197
1044513924 2 10759 1044513958 1 11198
1044573634 2 10767 1044573672 1 11199
1044632875 2 10776 1044632910 1 11201
1044704553 2 10782 1044704588 1 11202
1052545190 0 3630 1052545276 2 10847
1110823842 2 11050 1110823872 1 11331
1110865277 0 3801 1110865361 2 11054
1110939102 0 3802 1110939187 2 11060
1118842383 2 11075 1118842418 1 11413
1119061917 2 11088 1119061949 1 11416
1119228820 2 11100 1119228845 1 11417
1119340262 0 3830 1119340347 2 11108
1119496028 0 3831 1119496112 2 11129
1123345683 0 3847 1123345801 1 11459
1127453145 2 11178 1127453178 1 11503
1128034780 2 11233 1128034814 1 11508
1135437871 2 11243 1135437907 1 11603
1135596155 2 11251 1135596186 1 11605
1135755044 1 11608 1135755075 2 11260
1135852506 2 11266 1135852538 1 11610
1135949668 2 11277 1135949698 1 11611
1136338639 2 11317 1136338672 1 11616
1136363728 2 11321 1136363841 0 3885
1136413258 2 11327 1136413290 1 11617
1138743549 0 3892 1138743665 1 11650
1143908786 2 11358 1143908820 1 11722
1143996626 2 11363 1143996659 1 11723
1144386299 2 11393 1144386333 1 11726
1144472908 2 11398 1144472939 1 11728
1144596831 2 11407 1144596914 1 11730
1144610597 2 11408 1144610628 1 11731
1144631514 0 3911 1144631599 2 11410
1144744587 2 11424 1144744619 1 11732
1144760478 2 11428 1144760510 1 11733
1144832918 2 11433 1144832944 1 11734
1146204006 0 3918 1146204122 1 11752
1151969230 2 11441 1151969266 1 11831
1152252903 2 11455 1152252937 1 11835
1152655767 2 11476 1152655800 1 11839
1152768064 2 11486 1152768095 1 11841
1152986680 2 11508 1152986711 1 11843
1153029020 2 11511 1153029051 1 11845
1153137732 2 11522 1153137763 1 11847
1157524878 0 3961 1157524997 1 11905
1160405790 2 11539 1160405825 1 11946
1160598153 2 11549 1160598184 1 11948
1160715883 0 3972 1160716002 1 11949
1160776760 0 3973 1160776878 1 11950
1160958402 2 11576 1160958436 1 11952
1161221192 2 11593 1161221198 1 11956
1161617319 1 11961 1161617436 2 11628
1166813926 0 3989 1166814044 1 12036
1168944989 2 11639 1168945023 1 12064
1169043079 2 11646 1169043111 1 12066
1169162366 2 11657 1169162396 1 12067
1169235086 0 3997 1169235172 2 11665
1169265678 0 3998 1169265761 2 11668
1169284603 2 11671 1169284639 1 12070
1169488841 2 11688 1169488874 1 12072
1169537504 2 11693 1169537538 1 12073
1169616857 2 11700 1169616891 1 12074
1169825886 2 11721 1169825921 1 12077
1169844493 2 11723 1169844524 1 12078
1176923618 2 11736 1176923652 1 12172
1177243612 0 4029 1177243731 1 12176
1177340814 2 11756 1177340848 1 12177
1177623741 2 11776 1177623876 1 12182
1177693976 0 4031 1177694061 2 11780
1177710566 2 11781 1177710592 1 12183
1177767133 0 4033 1177767201 2 11786
1178152142 2 11819 1178152175 1 12189
1179770095 0 4038 1179770211 1 12212
1182114547 0 4046 1182114563 1 12243
1185572462 2 11843 1185572494 1 12288
1185584744 2 11844 1185584778 1 12289
1185830058 1 12292 1185830062 2 11864
1185938626 2 11871 1185938660 1 12294
1186163159 2 11899 1186163190 1 12297
1186278467 2 11915 1186278498 1 12299
1186567404 2 11933 1186567439 1 12302
1190788541 0 4071 1190788661 1 12365
1194052774 2 11964 1194052808 1 12412
1194360805 2 11990 1194360841 1 12417
1194436029 0 4079 1194436116 2 11997
1194701391 2 12024 1194701424 1 12420
1194788775 2 12030 1194788808 1 12421
1201973486 2 12040 1201973520 1 12520
1202009015 2 12042 1202009064 0 4107
1202432966 2 12059 1202433000 1 12526
1202847976 2 12097 1202848006 1 12529
1202856559 2 12099 1202856593 1 12530
1203146185 2 12132 1203146217 1 12534
1203162131 2 12135 1203162163 1 12535
1205192334 0 4120 1205192454 1 12564
1206565663 0 4128 1206565779 1 12580
1207361630 0 4131 1207361747 1 12592
1210559234 2 12156 1210559264 1 12634
1210650844 2 12163 1210650877 1 12635
1211065911 2 12189 1211065942 1 12639
1211340877 2 12212 1211340909 1 12642
1211401243 0 4153 1211401327 2 12220
1211425093 2 12223 1211425127 1 12643
1218443081 2 12245 1218443115 1 12740
1218760831 2 12251 1218760866 1 12745
1218909570 2 12257 1218909699 1 12747
1218959652 0 4174 1218959771 1 12748
1219355057 2 12288 1219355090 1 12751
1219551803 2 12307 1219551838 1 12754
1219833477 0 4178 1219833563 2 12339
1227513308 2 12381 1227513340 1 12864
1227631876 2 12386 1227631907 1 12865
1227718502 0 4203 1227718589 2 12399
1227748876 2 12400 1227748911 1 12867
1227766709 2 12402 1227766741 1 12868
1227842592 2 12415 1227842624 1 12869
1227918912 2 12423 1227918944 1 12870
1228066586 2 12444 1228066618 1 12873
1228137322 0 4205 1228137407 2 12450
1236051210 0 4235 1236051295 2 12514
1236196900 2 12529 1236196933 1 12982
1236279337 2 12537 1236279369 1 12983
1236350213 2 12549 1236350244 1 12985
1252646304 0 4286 1252646389 2 12709
1252788572 0 4288 1252788658 2 12726
1298545864 0 4455 1298545980 1 13039
1300891518 0 4467 1300891635 1 13064
1302287777 2 12742 1302287808 1 13078
1302536550 2 12760 1302536583 1 13081
1302723216 2 12774 1302723248 1 13083
1303101149 2 12812 1303101181 1 13086
1307017306 0 4485 1307017425 1 13127
1309682510 0 4499 1309682627 1 13154
1310387732 2 12821 1310387767 1 13162
1311163541 0 4510 1311163625 2 12866
1311420227 2 12893 1311420259 1 13171
1311436230 2 12895 1311436261 1 13172
1311507451 2 12899 1311507484 1 13173
1315482079 0 4529 1315482197 1 13214
1318979335 2 12924 1318979365 1 13251
1319310629 2 12946 1319310659 1 13253
1319389550 2 12955 1319389583 1 13254
1319555035 2 12977 1319555069 1 13256
1319870403 2 12987 1319870435 1 13259
1319959319 2 12988 1319959352 1 13260
1327421406 2 13003 1327421436 1 13337
1327525702 2 13009 1327525736 1 13338
1327571949 0 4579 1327572034 2 13012
1327604760 2 13014 1327604794 1 13339
1327779526 2 13029 1327779560 1 13341
1327804636 0 4583 1327804722 2 13031
1328048824 2 13050 1328048854 1 13344
1328102086 0 4586 1328102171 2 13054
1328131552 2 13058 1328131618 1 13345
1328255763 2 13073 1328255794 1 13346
1335713659 2 13096 1335713689 1 13447
1335747004 0 4612 1335747090 2 13098
1335837939 2 13105 1335837970 1 13448
1336135946 2 13133 1336135979 1 13453
1336210728 2 13141 1336210759 1 13454
1336258335 2 13147 1336258369 1 13455
1336394496 1 13457 1336394573 0 4614
1344196327 2 13216 1344196358 1 13568
1344235457 2 13217 1344235489 1 13569
1344305972 2 13224 1344306001 1 13570
1344668721 2 13262 1344668755 1 13576
1344707402 2 13267 1344707438 1 13577
1344847703 2 13278 1344847737 1 13579
1344979308 2 13284 1344979341 1 13581
1352110032 2 13292 1352110065 1 13679
1352298870 2 13299 1352298902 1 13682
1352471688 2 13310 1352471718 1 13684
1352586459 2 13323 1352586494 1 13686
1352627027 2 13326 1352627060 1 13687
1352658734 0 4656 1352658818 2 13331
1352686337 2 13334 1352686370 1 13688
1352751131 0 4657 1352751214 2 13342
1352830307 2 13349 1352830342 1 13690
1352964485 2 13371 1352964517 1 13692
1353199369 0 4658 1353199487 1 13695
1353203600 2 13404 1353203630 1 13696
1360684798 2 13431 1360684828 1 13799
1360708845 2 13432 1360708875 1 13801
1360825637 2 13447 1360825668 1 13803
1361065503 2 13464 1361065537 1 13806
1361196362 2 13476 1361196393 1 13808
1367394224 0 4697 1367394341 1 13896
1368625205 2 13516 1368625240 1 13910
1369109905 2 13532 1369109939 1 13918
1369131390 2 13534 1369131420 1 13919
1369647721 2 13584 1369647869 0 4705
1369689837 2 13588 1369689870 1 13925
1374120018 0 4718 1374120134 1 13988
1377325718 2 13629 1377325750 1 14029
1377449488 2 13641 1377449524 1 14032
1377575602 2 13647 1377575633 1 14034
1377812791 2 13674 1377812820 1 14036
1377889898 2 13683 1377889971 1 14037
1378001724 2 13693 1378001754 1 14039
1378211546 0 4738 1378211631 2 13722
1381813345 0 4754 1381813462 1 14089
1383001485 0 4757 1383001600 1 14105
1385581396 2 13737 1385581429 1 14141
1385908294 2 13755 1385908330 1 14145
1386294935 2 13794 1386294970 1 14150
1386312081 2 13798 1386312115 1 14151
1386625896 2 13835 1386625927 1 14155
1387067634 0 4771 1387067754 1 14162
1394301662 2 13871 1394301692 1 14260
1394420075 2 13882 1394420108 1 14262
1394999255 2 13932 1394999289 1 14271
1402238611 2 13947 1402238645 1 14373
1402392938 2 13955 1402392971 1 14374
1402500011 2 13963 1402500043 1 14376
1402670911 2 13972 1402670941 1 14380
1402730837 2 13977 1402730872 1 14381
1402821033 2 13982 1402821066 1 14382
1402972015 2 14005 1402972047 1 14385
1403336127 2 14043 1403336163 1 14391
1404399089 0 4820 1404399090 1 14405
1408214492 0 4833 1408214611 1 14456
1409928722 0 4844 1409928841 1 14477
1410492681 2 14052 1410492715 1 14483
1410606190 2 14057 1410606223 1 14485
1410795164 2 14070 1410795196 1 14488
1410863929 2 14075 1410863960 1 14490
1411216230 2 14104 1411216262 1 14496
1411281853 2 14110 1411281888 1 14497
1411345478 0 4846 1411345563 2 14119
1411520039 2 14132 1411520070 1 14500
1411590217 0 4850 1411590301 2 14140
1411694393 0 4851 1411694459 2 14146
1414004396 0 4858 1414004514 1 14532
1419185153 2 14171 1419185181 1 14605
1419239653 2 14178 1419239687 1 14606
1419324138 2 14186 1419324170 1 14607
1419507900 2 14201 1419507935 1 14610
1419601538 2 14211 1419601572 1 14611
1419680197 2 14220 1419680227 1 14613
1419750409 2 14229 1419750440 1 14614
1419807881 2 14232 1419807916 1 14615
1427374450 0 4892 1427374538 2 14264
1427516467 0 4893 1427516551 2 14275
1428103514 0 4895 1428103599 2 14323
1428119588 2 14324 1428119715 0 4896
1436195375 0 4931 1436195458 2 14395
1436373731 0 4932 1436373823 2 14418
1494172192 2 14502 1494172225 1 14824
1494291947 2 14510 1494291978 1 14825
1494515130 1 14828 1494515193 2 14534
1502247882 2 14577 1502247914 1 14908
1502483411 0 5153 1502483494 2 14591
1502775345 2 14612 1502775376 1 14913
1502893269 0 5158 1502893354 2 14624
1502975322 2 14633 1502975357 1 14914
1503229563 0 5159 1503229646 2 14645
1511101750 2 14697 1511101781 1 14998
1511255045 2 14708 1511255078 1 14999
1511343368 2 14715 1511343403 1 15000
1511361739 2 14718 1511361770 1 15001
1511516391 2 14725 1511516422 1 15002
1511524330 0 5192 1511524413 2 14726
1511544122 2 14728 1511544153 1 15003
1516290029 1 15065 1516290136 0 5205
1518197522 0 5216 1518197643 1 15089
1519313613 2 14767 1519313646 1 15104
1519510279 2 14788 1519510313 1 15107
1519731622 2 14817 1519731653 1 15111
1519971521 2 14842 1519971557 1 15115
1520790040 0 5224 1520790157 1 15124
1527371190 2 14857 1527371261 1 15217
1527750409 2 14879 1527750443 1 15223
1527858506 0 5244 1527858624 1 15224
1528331315 2 14933 1528331349 1 15231
1535861501 2 14963 1535861533 1 15335
1535920792 2 14970 1535920851 1 15336
1536135415 0 5271 1536135498 2 14986
1536555326 2 15044 1536555358 1 15344
1536558127 2 15045 1536558163 1 15345
1541323555 0 5289 1541323671 1 15411
1544009501 2 15067 1544009533 1 15447
1544129864 2 15074 1544129902 1 15449
1544358846 2 15093 1544358878 1 15452
1544404462 2 15094 1544404494 1 15453
1544520690 2 15106 1544520724 1 15455
1544653511 2 15120 1544653545 1 15457
1544768265 2 15131 1544768297 1 15459
1544800501 2 15133 1544800536 1 15460
1544898785 0 5300 1544898870 2 15140
1544960859 2 15141 1544960893 1 15462
1550633670 0 5327 1550633788 1 15535
1552198635 2 15153 1552198668 1 15555
1552704281 2 15179 1552704317 1 15565
1552804124 2 15188 1552804156 1 15566
1552821386 2 15190 1552821422 1 15567
1553014395 2 15212 1553014428 1 15570
1553133860 2 15227 1553133890 1 15571
1553335288 2 15248 1553335320 1 15573
1554458302 0 5335 1554458418 1 15591
1560588571 2 15268 1560588603 1 15675
1560757389 2 15275 1560757421 1 15677
1561089587 2 15300 1561089618 1 15683
1561444831 2 15337 1561444862 1 15686
1561733299 2 15346 1561733334 1 15690
1568474357 0 5380 1568474475 1 15785
1569226163 2 15379 1569226193 1 15795
1569341585 2 15389 1569341619 1 15797
1569874794 2 15443 1569874826 1 15803
1570613320 0 5389 1570613435 1 15814
1577185906 2 15463 1577185941 1 15904
1577475251 2 15477 1577475283 1 15909
1577811547 0 5412 1577811632 2 15504
1577815615 2 15505 1577815646 1 15912
1577854731 2 15510 1577854765 1 15913
1578380713 2 15555 1578380744 1 15920
1581145083 0 5428 1581145200 1 15956
1585569467 0 5446 1585569585 1 16017
1585800927 2 15583 1585800958 1 16018
1585866407 2 15591 1585866438 1 16019
1586328696 0 5450 1586328778 2 15624
1586603459 2 15652 1586603493 1 16029
1587042422 0 5452 1587042538 1 16036
1592255585 0 5473 1592255702 1 16106
1594113204 0 5481 1594113291 2 15678
1594360564 2 15689 1594360594 1 16132
1594471519 2 15697 1594471549 1 16135
1594948653 2 15747 1594948685 1 16142
1595027914 2 15755 1595027947 1 16144
1596877185 0 5492 1596877302 1 16168
1602559268 1 16243 1602559269 2 15787
1602563687 2 15788 1602563719 1 16244
1602622320 2 15791 1602622352 1 16245
1602768318 2 15809 1602768349 1 16247
1602965828 2 15835 1602965863 1 16250
1603182855 2 15850 1603182886 1 16254
1603281000 0 5514 1603281088 2 15860
1610646519 2 15874 1610646632 1 16356
1610864086 2 15882 1610864114 1 16360
1611081698 2 15900 1611081723 1 16364
1611143780 2 15905 1611143812 1 16365
1611627493 0 5539 1611627576 2 15954
1619974428 0 5570 1619974512 2 16063
1628117487 0 5592 1628117572 2 16148
1677242998 2 16153 1677243031 1 16469
1677593398 2 16172 1677593430 1 16473
1677864413 0 5768 1677864499 2 16193
1677943243 2 16199 1677943277 1 16475
1678016460 0 5769 1678016544 2 16203
1685980179 2 16243 1685980201 1 16558
1686051991 2 16248 1686052024 1 16559
1686092418 0 5794 1686092503 2 16252
1686285809 2 16274 1686285841 1 16561
1694020825 1 16641 1694020908 2 16306
1694110255 2 16309 1694110288 1 16642
1694311601 2 16329 1694311635 1 16644
1694459156 2 16335 1694459192 1 16646
1694569618 2 16348 1694569650 1 16647
1694716418 2 16363 1694716456 1 16648
1702259641 1 16730 1702259777 2 16388
1702340227 2 16391 1702340253 1 16732
1702474892 2 16399 1702474920 1 16734
1702542255 2 16404 1702542291 1 16735
1702568644 2 16407 1702568675 1 16736
1702713737 0 5854 1702713823 2 16421
1702937818 2 16446 1702937851 1 16740
1702999388 2 16455 1702999422 1 16741
1703043767 2 16461 1703043801 1 16742
1703101540 0 5856 1703101627 2 16466
1703197815 2 16472 1703197850 1 16744
1710831084 2 16494 1710831114 1 16846
1710932285 2 16503 1710932317 1 16847
1710970969 2 16508 1710971002 1 16848
1711412307 0 5890 1711412391 2 16551
1711535656 0 5892 1711535742 2 16565
1711547670 2 16567 1711547701 1 16856
1711598629 2 16572 1711598660 1 16857
1711602100 0 5893 1711602195 2 16573
1711674133 0 5894 1711674219 2 16579
1711689960 2 16582 1711689991 1 16858
1713746884 0 5899 1713747006 1 16885
1718138909 0 5911 1718139043 1 16947
1718980021 2 16591 1718980054 1 16959
1719075378 0 5914 1719075462 2 16601
1719096077 2 16603 1719096110 1 16961
1719206507 2 16616 1719206541 1 16962
1719420461 2 16626 1719420495 1 16965
1719698609 2 16651 1719698664 1 16969
1719851408 2 16664 1719851442 1 16971
1720058015 2 16681 1720058049 1 16972
1720183515 2 16689 1720183549 1 16974
1723635264 0 5935 1723635383 1 17020
1727456420 2 16700 1727456450 1 17069
1727563711 0 5956 1727563794 2 16709
1727631220 2 16715 1727631255 1 17072
1727836758 2 16730 1727836788 1 17075
1732019184 0 5967 1732019304 1 17134
1735545095 2 16788 1735545130 1 17181
1735917017 2 16810 1735917048 1 17187
1736418731 2 16859 1736418766 1 17192
1736576310 2 16877 1736576380 1 17194
1736620352 2 16880 1736620385 1 17195
1736741518 2 16892 1736741547 1 17197
1739610127 0 5992 1739610245 1 17238
1744196637 2 16911 1744196669 1 17302
1744450987 2 16928 1744451018 1 17303
1744735058 2 16957 1744735064 1 17308
1744911334 2 16978 1744911365 1 17311
1745028748 2 16989 1745028823 0 6011
1745033629 2 16990 1745033662 1 17313
1746965457 0 6015 1746965574 1 17341
1751441257 0 6028 1751441376 1 17404
1751879947 2 16995 1751879980 1 17409
1753208783 0 6034 1753208872 2 17082
1753266806 2 17089 1753266838 1 17429
1755631233 0 6037 1755631352 1 17464
1760737556 2 17113 1760737583 1 17534
1760934860 2 17125 1760934891 1 17537
1761184060 2 17141 1761184090 1 17540
1761192539 0 6053 1761192656 1 17541
1761204917 2 17143 1761204952 1 17542
1761673534 2 17186 1761673567 1 17548
1768551782 2 17192 1768551815 1 17644
1768568929 2 17193 1768569041 1 17645
1769539998 2 17238 1769540117 1 17657
1769596784 2 17243 1769596816 1 17659
1769669773 2 17255 1769669805 1 17660
1769729459 2 17261 1769729490 1 17661
1770120238 0 6082 1770120322 2 17317
1772836976 0 6089 1772837095 1 17705
1773310780 0 6091 1773310898 1 17711
1777154899 2 17323 1777154932 1 17757
1777541410 2 17334 1777541442 1 17763
1777646614 2 17343 1777646645 1 17765
1777724118 2 17347 1777724150 1 17766
1777768676 2 17350 1777768708 1 17767
1777805842 0 6116 1777805927 2 17352
1777884526 2 17356 1777884542 1 17768
1778253913 0 6118 1778253997 2 17396
1778279887 2 17400 1778279918 1 17773
1778294135 2 17401 1778294169 1 17774
1785408318 2 17421 1785408352 1 17872
1785696744 2 17431 1785696774 1 17876
1785827915 2 17437 1785827946 1 17878
1786150423 2 17454 1786150456 1 17884
1786429180 2 17473 1786429210 1 17889
1786838216 2 17512 1786838250 1 17892
1788382458 0 6146 1788382577 1 17915
1789341550 0 6150 1789341666 1 17929
1793723694 2 17515 1793723728 1 17992
1793971917 2 17520 1793971952 1 17996
1794447508 2 17547 1794447544 1 18003
1794488281 0 6158 1794488364 2 17549
1794580290 2 17558 1794580321 1 18006
1794796991 2 17579 1794797026 1 18007
1794905102 0 6161 1794905188 2 17589
1795030935 2 17600 1795030966 1 18009
1795108777 2 17604 1795108812 1 18011
1796110627 0 6165 1796110741 1 18025
1802314878 2 17615 1802314901 1 18108
1802707173 2 17637 1802707203 1 18113
1802984609 1 18116 1802984655 2 17659
1803015225 0 6195 1803015311 2 17663
1803047146 2 17668 1803047179 1 18117
1803255182 2 17687 1803255219 1 18119
1803421426 2 17701 1803421457 1 18122
1803427891 2 17703 1803427922 1 18123
1811090729 0 6225 1811090815 2 17747
1811556756 0 6227 1811556841 2 17791
1819262864 0 6254 1819262948 2 17833
1860595844 2 17865 1860595950 1 18144
1869573411 2 17925 1869573443 1 18235
1869632442 2 17930 1869632476 1 18236
1869812138 2 17949 1869812171 1 18238
1877711487 2 17998 1877711522 1 18319
1877790597 2 18003 1877790627 1 18320
1878032028 2 18033 1878032060 1 18323
1878260377 2 18050 1878260410 1 18325
1882312344 0 6468 1882312461 1 18368
1885073416 0 6476 1885073533 1 18396
1885941248 2 18079 1885941279 1 18404
1885980936 2 18085 1885980970 1 18405
1886153582 2 18099 1886153617 1 18407
1886325065 2 18114 1886325100 1 18409
1886430864 2 18126 1886430897 1 18410
1891118805 0 6500 1891118924 1 18470
1894207445 2 18148 1894207474 1 18513
1894432105 2 18171 1894432139 1 18516
1894461646 2 18173 1894461678 1 18517
1894628861 2 18180 1894628894 1 18520
1894811607 2 18196 1894811642 1 18523
1894974424 2 18213 1894974459 1 18525
1895063229 2 18226 1895063260 1 18527
1899237449 0 6528 1899237568 1 18581
1902297958 0 6545 1902298044 2 18242
1902655237 2 18256 1902655271 1 18625
1902719955 0 6547 1902720040 2 18260
1902879700 2 18273 1902879735 1 18628
1903405647 2 18329 1903405681 1 18636
1910966040 1 18741 1910966157 2 18362
1911046708 0 6573 1911046855 2 18364
1911297430 2 18387 1911297464 1 18745
1911313072 2 18388 1911313107 1 18746
1911565001 2 18420 1911565032 1 18749
1911584005 2 18422 1911584037 1 18750
1911865838 2 18447 1911865868 1 18752
1914029426 0 6579 1914029544 1 18784
1918542419 0 6589 1918542537 1 18849
1919254184 2 18465 1919254215 1 18860
1919477932 2 18482 1919477963 1 18863
1919582093 2 18490 1919582124 1 18865
1919911990 2 18532 1919912020 1 18868
1920035193 1 18870 1920035290 2 18542
1920151431 0 6593 1920151515 2 18551
1920186381 2 18554 1920186416 1 18872
1924409526 1 18931 1924409614 0 6607
1927083838 0 6617 1927083958 1 18967
1927419006 2 18562 1927419063 1 18972
1927547259 2 18573 1927547295 1 18974
1927673212 2 18582 1927673247 1 18976
1927721722 2 18586 1927721754 1 18977
1928076751 2 18609 1928076785 1 18980
1928195367 2 18617 1928195402 1 18982
1928320018 2 18633 1928320054 1 18983
1935627918 2 18648 1935627951 1 19086
1935747526 0 6647 1935747613 2 18649
1936264583 2 18691 1936264618 1 19093
1936388565 2 18703 1936388597 1 19094
1936499150 2 18717 1936499277 1 19096
1943964519 2 18774 1943964553 1 19205
1944132907 0 6669 1944132992 2 18788
1944550501 0 6671 1944550584 2 18823
1944885649 2 18849 1944885686 1 19214
1944896960 2 18851 1944896991 1 19215
1947075943 0 6681 1947076059 1 19245
1948483579 0 6689 1948483690 1 19262
1952474620 2 18889 1952474654 1 19315
1952558932 2 18892 1952558963 1 19316
1952601419 2 18895 1952601450 1 19317
1952634118 0 6707 1952634203 2 18897
1952698098 2 18901 1952698130 1 19318
1952779465 2 18905 1952779499 1 19319
1952872984 2 18916 1952873015 1 19320
1953230933 2 18959 1953230965 1 19325
1953249687 2 18962 1953249721 1 19326
1953437153 2 18983 1953437187 1 19329
1953527648 2 18993 1953527678 1 19330
1960801072 2 19003 1960801105 1 19427
1961013933 2 19018 1961013966 1 19430
1961017384 0 6742 1961017468 2 19019
1961087407 2 19024 1961087438 1 19431
1961406318 2 19049 1961406353 1 19435
1961540832 2 19062 1961540863 1 19437
1961562111 0 6744 1961562229 1 19438
1961841397 2 19080 1961841430 1 19441
1968221598 1 19528 1968221653 0 6769
1968826512 2 19081 1968826546 1 19534
1969170656 0 6773 1969170742 2 19094
1969363070 2 19110 1969363100 1 19542
1969441109 2 19118 1969441143 1 19544
1969974703 2 19185 1969974738 1 19552
1970020164 2 19190 1970020196 1 19553
1970069169 2 19197 1970069204 1 19554
1977360784 2 19210 1977360818 1 19657
1977558331 2 19216 1977558361 1 19660
1977620928 2 19222 1977620964 1 19661
1977745834 2 19231 1977745866 1 19662
1977855042 2 19240 1977855076 1 19664
1977869248 2 19241 1977869279 1 19665
1978327799 2 19283 1978327832 1 19671
1978441906 2 19292 1978441940 1 19672
1978477049 2 19295 1978477085 1 19673
1980581875 0 6799 1980581992 1 19703
1982148134 0 6810 1982148259 1 19722
1985988850 2 19322 1985988883 1 19774
1986329940 2 19353 1986329974 1 19780
1986590228 2 19392 1986590261 1 19781
1986655778 2 19395 1986655810 1 19782
1986700040 2 19398 1986700071 1 19784
1986919590 2 19419 1986919624 1 19787
1994611765 0 6844 1994611846 2 19471
1994753379 0 6846 1994753464 2 19486
2002855701 0 6866 2002855785 2 19565
2002870708 0 6867 2002870794 2 19568
2049999596 0 7046 2049999712 1 19870
2052359726 2 19580 2052359762 1 19895
2052848646 2 19606 2052848679 1 19899
2053007736 2 19624 2053007768 1 19901
2056955610 0 7064 2056955731 1 19942
2061006227 2 19662 2061006261 1 19983
2061148072 2 19673 2061148107 1 19985
2061309300 2 19686 2061309334 1 19987
2061639709 2 19714 2061639741 1 19990
2069122359 2 19729 2069122391 1 20067
2069774135 2 19775 2069774167 1 20074
2069866447 2 19784 2069866478 1 20075
2070065245 2 19805 2070065278 1 20077
2074855645 0 7122 2074855763 1 20126
2077540036 2 19823 2077540069 1 20160
2077892746 2 19854 2077892780 1 20165
2085340869 0 7154 2085340987 1 20269
2085730934 2 19910 2085730964 1 20275
2085792053 2 19912 2085792086 1 20276
2086028600 2 19934 2086028631 1 20280
2086229733 2 19943 2086229764 1 20283
2086333531 2 19950 2086333565 1 20285
2086836070 2 19997 2086836104 1 20290
2086860189 2 20000 2086860222 1 20291
2094140310 0 7178 2094140393 2 20018
2094598519 2 20057 2094598550 1 20400
2094882460 2 20086 2094882492 1 20403
2095053684 2 20100 2095053723 1 20405
2102694037 0 7202 2102694121 2 20139
2102719934 0 7203 2102720012 2 20143
2102917323 2 20158 2102917356 1 20516
2103028142 0 7204 2103028228 2 20168
2103081595 2 20177 2103081626 1 20518
2103200184 2 20191 2103200218 1 20520
2103332775 2 20213 2103332809 1 20521
2103499421 2 20231 2103499450 1 20523
2103524096 0 7209 2103524179 2 20232
2110776236 2 20241 2110776272 1 20626
2110869141 2 20244 2110869171 1 20627
2111189298 2 20273 2111189334 1 20630
2111707268 2 20316 2111707300 1 20638
2111864103 2 20331 2111864136 1 20641
2112143315 0 7233 2112143435 1 20645
2119143335 0 7254 2119143420 2 20339
2119449376 0 7255 2119449461 2 20355
2119858373 2 20404 2119858404 1 20751
2119978419 2 20420 2119978452 1 20753
2120209784 2 20442 2120209817 1 20757
2127480164 2 20460 2127480194 1 20860
2127605741 2 20466 2127605772 1 20862
2128124616 2 20504 2128124648 1 20869
2128168773 2 20509 2128168808 1 20870
2135829498 2 20545 2135829533 1 20976
2136335113 0 7302 2136335199 2 20573
2136516890 2 20597 2136516922 1 20987
2136655383 2 20616 2136655409 1 20989
2136698834 0 7305 2136698919 2 20625
2136928083 2 20650 2136928114 1 20991
2144177498 2 20661 2144177533 1 21092
2144371414 2 20673 2144371448 1 21095
2144430583 2 20681 2144430728 1 21096
2144633637 2 20703 2144633671 1 21099
2144644375 0 7330 2144644456 2 20704
2144911442 0 7332 2144911526 2 20728
2145140653 2 20746 2145140734 1 21104
2145336666 0 7334 2145336780 1 21107
2153026113 2 20799 2153026147 1 21211
2153047916 2 20800 2153047951 1 21212
2153084274 0 7365 2153084358 2 20803 2153084392 1 21213
2153464552 2 20847 2153464584 1 21216
2153584373 2 20855 2153584406 1 21217
2153619596 2 20856 2153619630 1 21218
2160824118 2 20864 2160824148 1 21321
2160938790 0 7385 2160938875 2 20870
2160947281 2 20871 2160947314 1 21323
2161160368 2 20887 2161160402 1 21326
2161429224 2 20914 2161429255 1 21328
2161439134 2 20916 2161439166 1 21329
2161509393 2 20922 2161509423 1 21330
2161585124 2 20931 2161585160 1 21331
2161742982 2 20947 2161743012 1 21334
2161779076 0 7386 2161779159 2 20950
2165182760 0 7401 2165182877 1 21380
2166047957 0 7405 2166048083 1 21392
2169288777 2 20982 2169288811 1 21439
2169656820 2 21010 2169656855 1 21443
2169886174 0 7412 2169886253 2 21030
2170127351 2 21060 2170127385 1 21449
2170159640 2 21063 2170159676 1 21450
2170181455 2 21067 2170181480 1 21451
2170239204 0 7413 2170239250 2 21071
2176673964 0 7435 2176674078 1 21541
2177408133 2 21086 2177408168 1 21551
2177495419 2 21092 2177495449 1 21553
2177706722 2 21109 2177706753 1 21554
2186811056 0 7469 2186811140 2 21280
2235939116 2 21298 2235939147 1 21581
2239749553 0 7668 2239749670 1 21620
2244124095 2 21321 2244124131 1 21665
2244539526 2 21344 2244539560 1 21669
2244572546 2 21347 2244572583 1 21670
2244605492 2 21349 2244605528 1 21671
2244764237 2 21361 2244764269 1 21672
2244850711 2 21368 2244850738 1 21673
2252585160 2 21416 2252585192 1 21753
2252676114 2 21424 2252676145 1 21754
2252930395 2 21455 2252930426 1 21757
2253367936 2 21488 2253367967 1 21760
2253445213 2 21489 2253445242 1 21761
2258970920 0 7721 2258971036 1 21818
2260904788 0 7731 2260904906 1 21839
2261217915 2 21518 2261217996 0 7733
2261470931 2 21544 2261470965 1 21844
2261572085 2 21554 2261572089 0 7734
2261654486 1 21846 2261654534 2 21562
2261818060 2 21575 2261818095 1 21848
2268882840 2 21578 2268882873 1 21946
2269384358 1 21952 2269384367 2 21597
2269642450 2 21620 2269642484 1 21955
2269654935 0 7754 2269655019 2 21622
2270070837 2 21661 2270070870 1 21962
2270084743 2 21664 2270084777 1 21963
2271683534 0 7757 2271683652 1 21983
2274895462 1 22029 2274895555 0 7771
2276382257 0 7780 2276382376 1 22048
2277735044 2 21702 2277735076 1 22064
2277868219 2 21713 2277868252 1 22067
2277977832 2 21724 2277977867 1 22068
2278091030 2 21727 2278091064 1 22069
2278100315 2 21728 2278100346 1 22070
2278166296 2 21734 2278166324 1 22071
2278322662 2 21752 2278322748 0 7789
2278340481 2 21753 2278340515 1 22073
2278355687 2 21756 2278355722 1 22074
2285964646 2 21802 2285964681 1 22179
2286301684 2 21823 2286301716 1 22184
2286352650 2 21829 2286352684 1 22185
2286375523 0 7814 2286375608 2 21832
2286790864 2 21875 2286790902 1 22191
2286794626 2 21876 2286794658 1 22192
2286921571 2 21889 2286921603 1 22194
2289701071 0 7830 2289701188 1 22229
2293832402 2 21895 2293832437 1 22284
2294514532 0 7846 2294514618 2 21923
2294676358 0 7847 2294676443 2 21938
2294784643 1 22299 2294784735 2 21945
2294843734 2 21951 2294843768 1 22300
2294992380 2 21971 2294992415 1 22302
2295092844 2 21984 2295092880 1 22304
2297002141 0 7855 2297002260 1 22328
2302715446 2 22023 2302715476 1 22411
2302867540 2 22040 2302867572 1 22412
2302923523 2 22046 2302923558 1 22414
2303071729 2 22058 2303071759 1 22417
2303179803 0 7869 2303179888 2 22068
2303201639 2 22069 2303201670 1 22419
2303240564 2 22074 2303240598 1 22420
2303570431 2 22110 2303570462 1 22422
2303606519 2 22111 2303606551 1 22423
2304732643 0 7873 2304732760 1 22440
2310791746 2 22122 2310791777 1 22527
2310860467 2 22127 2310860588 1 22529
2311107816 2 22142 2311107849 1 22532
2311184503 2 22152 2311184536 1 22533
2311347981 2 22161 2311348014 1 22536
2319028346 2 22220 2319028352 1 22640
2319157373 2 22226 2319157407 1 22642
2319348683 0 7917 2319348771 2 22232
2319436626 2 22238 2319436661 1 22646
2319529154 2 22246 2319529188 1 22647
2320161881 2 22310 2320161914 1 22654
2320303368 2 22318 2320303402 1 22655
2327553927 0 7942 2327554046 1 22758
2327564187 2 22326 2327564221 1 22759
2327600629 2 22327 2327600661 1 22760
2327890533 2 22341 2327890567 1 22762
2328018602 2 22349 2328018633 1 22764
2328357280 2 22378 2328357314 1 22768
2328398594 2 22385 2328398629 1 22769
2328500900 2 22395 2328500934 1 22770
2328553901 2 22398 2328553933 1 22771
2336116407 2 22429 2336116442 1 22870
2336125859 0 7982 2336125946 2 22431
2336153445 0 7983 2336153532 2 22433
2336199647 2 22440 2336199678 1 22871
2336293437 2 22450 2336293473 1 22872
2336514914 2 22464 2336514947 1 22874
2336605302 2 22472 2336605333 1 22875
2336688284 0 7987 2336688404 1 22877
2343848383 2 22513 2343848417 1 22976
2344435085 2 22535 2344435121 1 22982
2344678633 2 22553 2344678668 1 22985
2344883198 0 8018 2344883283 2 22570
2344932021 2 22578 2344932055 1 22989
2345114329 2 22600 2345114361 1 22991
2352660887 2 22637 2352660920 1 23092
2352730093 2 22644 2352730125 1 23093
2352867981 2 22653 2352868012 1 23095
2353007155 0 8050 2353007274 1 23096
2353015642 2 22660 2353015675 1 23097
2353037101 2 22662 2353037136 1 23098
2353287295 2 22691 2353287324 1 23101
2353413746 2 22709 2353413777 1 23103
2353623008 2 22724 2353623044 1 23107
2359288927 0 8082 2359289045 1 23179
2360861969 2 22734 2360862004 1 23200
2361005226 2 22741 2361005256 1 23201
2361123149 0 8089 2361123238 2 22749
2361688081 2 22801 2361688115 1 23211
2427945678 2 23034 2427945734 1 23318
2436063911 2 23072 2436063943 1 23402
2436211848 2 23081 2436211880 1 23403
2436473129 0 8327 2436473213 2 23098
2436721655 2 23137 2436721690 1 23409
2444516778 2 23167 2444516810 1 23489
2444581494 2 23172 2444581528 1 23490
2444668639 2 23180 2444668672 1 23491
2444773145 2 23188 2444773176 1 23492
2444838046 0 8352 2444838133 2 23195
2444851480 2 23197 2444851513 1 23493
2444919149 0 8353 2444919232 2 23206
2452366160 2 23227 2452366194 1 23590
2452466584 2 23230 2452466618 1 23591
2453470848 2 23295 2453470881 1 23606
2453583635 2 23304 2453583667 1 23607
2453587842 2 23305 2453587875 1 23608
2459926673 0 8395 2459926792 1 23696
2461051606 0 8399 2461051690 2 23334
2461113100 2 23338 2461113131 1 23711
2461198830 1 23713 2461198967 2 23343
2461250027 0 8400 2461250112 2 23349
2461314484 2 23356 2461314515 1 23714
2461697091 0 8403 2461697176 2 23386
2461811855 2 23399 2461811887 1 23721
2469686244 2 23449 2469686271 1 23830
2469698101 2 23452 2469698130 1 23831
2469832676 2 23466 2469832709 1 23834
2469946051 2 23477 2469946082 1 23836
2470259844 2 23512 2470259875 1 23839
2470538294 0 8426 2470538412 1 23843
2477802384 2 23541 2477802415 1 23945
2477835078 2 23546 2477835111 1 23946
2477922783 0 8449 2477922902 1 23947
2478393057 2 23598 2478393091 1 23952
2478443946 2 23603 2478443981 1 23953
2478466173 2 23604 2478466205 1 23954
2478592052 2 23613 2478592086 1 23955
2486031143 2 23628 2486031175 1 24064
2486073751 2 23630 2486073782 1 24065
2486219160 0 8467 2486219248 2 23642
2486256284 2 23646 2486256315 1 24067
2486796158 2 23704 2486796191 1 24073
2486873754 2 23717 2486873785 1 24074
2494491180 2 23757 2494491214 1 24178
2494718927 0 8498 2494719067 2 23774
2494730645 2 23775 2494730676 1 24182
2494826716 2 23782 2494826747 1 24183
2495072024 2 23811 2495072058 1 24186
2495143491 0 8500 2495143575 2 23819
2495216857 0 8501 2495216941 2 23825
2500484117 0 8518 2500484234 1 24261
2501280353 1 24271 2501280412 0 8522
2502262781 2 23835 2502262814 1 24286
2502883709 0 8524 2502883793 2 23873
2502886053 2 23874 2502886085 1 24293
2502908969 2 23876 2502909000 1 24294
2502914852 2 23877 2502914884 1 24295
2503119547 2 23896 2503119575 1 24297
2503121851 2 23897 2503121883 1 24298
2503193170 2 23904 2503193202 1 24299
2503267815 2 23915 2503267847 1 24300
2503370809 2 23923 2503370840 1 24301
2503460220 0 8529 2503460306 2 23932
2509312539 0 8553 2509312658 1 24378
2510979617 2 23965 2510979647 1 24401
2511257540 2 23984 2511257572 1 24405
2511440725 2 24002 2511440756 1 24409
2511683372 2 24025 2511683404 1 24413
2511824348 2 24039 2511824379 1 24415
2515826449 0 8573 2515826568 1 24470
2519104696 2 24062 2519104730 1 24516
2519248411 2 24066 2519248444 1 24519
2519436881 2 24079 2519436914 1 24522
2519525050 2 24086 2519525080 1 24523
2519868575 2 24112 2519868608 1 24528
2519963394 2 24122 2519963426 1 24530
2520002525 0 8582 2520002615 2 24129
2520069936 2 24137 2520069970 1 24532
2520079815 0 8583 2520079900 2 24138
2520183829 2 24148 2520183860 1 24533
2523906348 0 8590 2523906468 1 24586
2527610705 0 8602 2527610824 1 24638
2527944555 2 24195 2527944590 1 24643
2528095809 2 24211 2528095844 1 24645
2528210800 2 24220 2528210835 1 24647
2528302150 2 24229 2528302182 1 24648
2536096899 2 24282 2536096930 1 24750
2536172369 2 24286 2536172402 1 24754
2536319918 2 24296 2536319950 1 24755
2536356715 2 24299 2536356748 1 24757
2536431533 2 24308 2536431564 1 24758
2536502435 2 24315 2536502465 1 24759
2536898812 2 24364 2536898844 1 24764
2544449849 2 24401 2544449883 1 24873
2544976056 2 24453 2544976088 1 24879
2545131905 2 24466 2545131942 1 24881
2545320398 2 24483 2545320428 1 24885
2550740559 0 8671 2550740674 1 24962
2552534087 0 8678 2552534175 2 24495
2561052227 0 8712 2561052313 2 24624
2561300643 0 8713 2561300727 2 24643
2561556275 0 8714 2561556356 2 24660
2610959294 0 8874 2610959411 1 25011
2611189118 2 24736 2611189152 1 25012
2613909740 0 8883 2613909858 1 25041
2615101048 0 8888 2615101164 1 25053
2619349110 2 24763 2619349146 1 25096
2620059185 2 24821 2620059218 1 25104
2626168404 0 8922 2626168530 1 25167
2627828651 2 24857 2627828683 1 25184
2628015843 2 24872 2628015851 1 25186
2628140338 2 24884 2628140366 1 25187
2628175493 2 24889 2628175527 1 25188
2628280804 2 24901 2628280835 1 25189
2634697735 0 8953 2634697852 1 25255
2635869413 2 24926 2635869448 1 25270
2636068056 0 8958 2636068139 2 24938 2636068174 1 25273
2636085542 2 24939 2636085574 1 25274
2636186576 0 8959 2636186662 2 24952
2636196559 2 24953 2636196590 1 25275
2636273691 2 24960 2636273725 1 25276
2636540925 2 24988 2636540959 1 25280
2636564745 2 24990 2636564778 1 25281
2643280855 0 8987 2643280972 1 25371
2644465497 2 25030 2644465526 1 25387
2644778162 2 25049 2644778196 1 25391
2644877450 2 25059 2644877484 1 25393
2645200476 2 25089 2645200512 1 25397
2645376568 2 25106 2645376602 1 25399
2652408433 2 25111 2652408467 1 25499
2652581459 2 25113 2652581493 1 25502
2652992855 2 25144 2652992891 1 25508
2653036384 2 25150 2653036417 1 25509
2653078307 0 9013 2653078392 2 25152
2653103530 2 25156 2653103560 1 25510
2653163954 2 25163 2653163985 1 25511
2653584148 2 25206 2653584183 1 25515
2653610484 2 25209 2653610519 1 25516
2653773707 2 25217 2653773739 1 25519
2653923466 0 9014 2653923585 1 25521
2659011222 0 9031 2659011335 1 25592
2660996675 2 25228 2660996710 1 25619
2661178344 2 25243 2661178376 1 25623
2661244266 2 25248 2661244300 1 25624
2661368241 2 25255 2661368280 1 25626
2661550502 2 25277 2661550534 1 25627
2661642982 2 25290 2661643015 1 25628
2661729513 2 25299 2661729546 1 25630
2661914310 2 25314 2661914342 1 25632
2661976997 0 9039 2661977081 2 25318
2662736578 0 9041 2662736696 1 25645
2663593971 0 9043 2663594091 1 25656
2665336480 0 9046 2665336598 1 25681
2669198588 2 25326 2669198623 1 25738
2669283666 2 25328 2669283696 1 25739
2669362194 2 25331 2669362228 1 25740
2669941898 2 25372 2669941930 1 25746
2670151999 2 25396 2670152037 1 25749
2670406928 2 25421 2670406959 1 25753
2677515948 2 25433 2677515979 1 25855
2677871145 2 25448 2677871176 1 25859
2677995851 2 25455 2677995885 1 25861
2678028685 2 25457 2678028717 1 25862
2678083923 2 25468 2678083954 1 25863
2678300827 2 25489 2678300861 1 25866
2678549346 2 25512 2678549378 1 25870
2678648071 2 25525 2678648104 1 25872
2679489809 0 9080 2679489927 1 25883
2685972399 2 25541 2685972431 1 25972
2686196158 2 25551 2686196188 1 25976
2686367849 2 25561 2686367880 1 25978
2686385219 2 25563 2686385251 1 25979
2686427711 2 25566 2686427816 1 25980
2686631472 2 25587 2686631508 1 25983
2686697790 2 25595 2686697827 1 25984
2686715139 2 25597 2686715182 1 25985
2686783446 2 25604 2686783478 1 25986
2686939871 2 25624 2686939904 1 25988
2694545158 0 9121 2694545244 2 25668
2694570586 2 25672 2694570613 1 26097
2694845210 2 25689 2694845241 1 26100
2695313134 0 9124 2695313252 1 26107
2700277373 0 9143 2700277491 1 26175
2702683394 2 25753 2702683428 1 26206
2702834496 2 25769 2702834531 1 26208
2702868956 0 9154 2702869040 2 25772 2702869073 1 26209
2703019832 2 25787 2703019865 1 26210
2703482590 2 25826 2703482624 1 26218
2703647345 2 25842 2703647381 1 26219
2703787969 2 25855 2703788000 1 26220
2705069304 0 9165 2705069425 1 26238
2705855086 0 9168 2705855205 1 26247
2710618301 2 25856 2710618334 1 26312
2711108938 2 25875 2711108973 1 26319
2711204124 2 25883 2711204159 1 26321
2711521351 0 9188 2711521437 2 25899
2711619243 2 25910 2711619276 1 26327
2711708036 2 25920 2711708070 1 26328
2711914790 2 25943 2711914822 1 26329
2716825746 0 9204 2716825859 1 26398
2719348623 2 25965 2719348656 1 26433
2719441512 0 9213 2719441594 2 25971
2719810462 2 25998 2719810499 1 26440
2720142696 1 26442 2720142758 2 26035
2720280181 2 26048 2720280216 1 26445
2720377695 2 26056 2720377728 1 26446
2720395375 2 26058 2720395410 1 26447
2721714674 0 9219 2721714794 1 26466
2724644701 1 26509 2724644807 0 9228
2726751643 0 9230 2726751760 1 26539
2727929719 2 26088 2727929750 1 26556
2728135432 2 26114 2728135462 1 26558
2728309421 2 26126 2728309458 1 26560
2728432326 2 26136 2728432357 1 26561
2728463778 2 26138 2728463808 1 26563
2728613245 2 26156 2728613275 1 26565
2728636583 2 26159 2728636615 1 26566
2733535098 0 9248 2733535213 1 26635
2736248001 2 26193 2736248037 1 26673
2736332058 2 26200 2736332093 1 26674
2736498248 2 26218 2736498281 1 26677
2736788633 2 26253 2736788667 1 26682
2736860918 0 9257 2736861002 2 26263
2736995161 0 9258 2736995245 2 26275 2736995279 1 26684
2737098636 2 26283 2737098667 1 26685
2745121187 0 9275 2745121221 2 26364
2794627123 2 26421 2794627154 1 26693
2795172466 2 26427 2795172498 1 26699
2802544810 2 26440 2802544850 1 26775
2803087533 0 9469 2803087617 2 26475
2803100115 2 26476 2803100150 1 26781
2807974989 0 9483 2807975109 1 26831
2811186870 0 9498 2811186957 2 26533
2811210612 2 26535 2811210646 1 26865
2811500354 2 26555 2811500386 1 26868
2811759924 2 26592 2811760018 0 9500
2811774520 2 26593 2811774551 1 26871
2820037284 2 26669 2820037320 1 26957
2820095082 2 26674 2820095115 1 26958
2827207613 0 9547 2827207728 1 27056
2827799227 2 26695 2827799259 1 27065
2828050789 2 26713 2828050820 1 27069
2828154633 2 26719 2828154667 1 27070
2828508636 2 26759 2828508670 1 27074
2828576827 2 26765 2828576863 1 27075
2828846392 2 26780 2828846429 1 27079
2836139104 2 26800 2836139133 1 27180
2836198814 2 26805 2836198848 1 27182
2836277613 2 26813 2836277646 1 27184
2836685381 2 26847 2836685415 1 27188
2836743899 1 27190 2836744000 2 26857
2836926220 2 26879 2836926254 1 27193
2837031688 2 26893 2837031719 1 27194
2837106477 2 26900 2837106511 1 27196
2843974956 2 26907 2843975030 1 27292
2844441419 2 26916 2844441454 1 27300
2844664205 2 26935 2844664238 1 27302
2844769588 0 9593 2844769674 2 26942 2844769706 1 27304
2844834554 0 9594 2844834639 2 26945
2845017281 2 26958 2845017314 1 27307
2845073288 2 26966 2845073322 1 27308
2845157236 2 26976 2845157267 1 27309
2852829995 0 9619 2852830080 2 27020
2852845316 2 27022 2852845349 1 27416
2852922834 2 27027 2852922865 1 27417
2853148758 2 27043 2853148792 1 27419
2853286801 2 27061 2853286835 1 27422
2853582817 2 27097 2853582846 1 27427
2853642941 2 27106 2853642974 1 27428
2857358614 0 9635 2857358731 1 27479
2861072193 2 27134 2861072224 1 27528
2861175418 2 27142 2861175449 1 27529
2861330088 2 27149 2861330119 1 27531
2861606883 2 27173 2861606918 1 27537
2861773601 2 27188 2861773633 1 27539
2869326284 0 9673 2869326369 2 27232
2869600257 2 27247 2869600290 1 27648
2869672569 2 27252 2869672602 1 27649
2869780707 2 27261 2869780739 1 27651
2869842585 0 9674 2869842671 2 27268
2869936965 1 27653 2869936977 2 27277
2870115934 2 27293 2870115969 1 27656
2870164653 0 9675 2870164738 2 27300
2870338628 0 9678 2870338709 2 27315
2877755007 1 27760 2877755040 2 27340
2877897930 2 27345 2877897965 1 27762
2877983079 2 27351 2877983113 1 27763
2878045180 0 9703 2878045265 2 27354
2878192939 2 27370 2878192970 1 27766
2878408434 2 27395 2878408468 1 27769
2878419623 2 27396 2878419658 1 27770
2878570177 2 27411 2878570209 1 27771
2878575602 2 27412 2878575634 1 27772
2879708200 0 9709 2879708318 1 27787
2886136064 2 27445 2886136094 1 27872
2886174716 2 27449 2886174746 1 27873
2886677518 2 27485 2886677552 1 27880
2894090790 2 27531 2894090825 1 27983
2894390194 2 27538 2894390224 1 27988
2894688785 2 27557 2894688819 1 27992
2894709452 2 27558 2894709487 1 27993
2894997907 0 9764 2894997990 2 27578
2895394538 0 9766 2895394630 2 27612
2902943755 2 27644 2902943786 1 28103
2902990011 2 27649 2902990039 1 28105
2903246363 2 27669 2903246394 1 28106
2903339887 2 27677 2903339920 1 28108
2903631459 2 27708 2903631494 1 28112
2903733884 0 9796 2903733968 2 27718
2903741887 2 27719 2903741917 1 28115
2911122389 2 27741 2911122474 1 28212
2911524066 0 9831 2911524150 2 27760
2911797452 2 27780 2911797483 1 28221
2912047983 2 27795 2912048015 1 28225
2919437095 2 27810 2919437129 1 28325
2919514323 2 27815 2919514355 1 28326
2919566684 2 27819 2919566718 1 28327
2919869612 0 9859 2919869698 2 27835
2919886223 2 27836 2919886256 1 28332
2920084467 2 27851 2920084566 1 28334
2920298327 2 27872 2920298363 1 28338
2920355625 2 27876 2920355661 1 28339
2920411313 2 27882 2920411344 1 28340
2920528801 2 27890 2920528835 1 28342
2921187930 0 9866 2921188047 1 28349
2983334043 0 10074 2983334160 1 28421
2986059131 2 28137 2986059161 1 28450
2986465189 2 28167 2986465222 1 28453
2986581070 2 28179 2986581108 1 28454
2994239606 2 28191 2994239640 1 28534
2994605138 2 28209 2994605169 1 28536
2994860860 2 28231 2994860892 1 28540
2995027291 2 28246 2995027325 1 28542
2995103050 2 28253 2995103081 1 28543
2995204412 2 28264 2995204447 1 28544
2996844957 0 10114 2996845077 1 28561
3002833401 2 28291 3002833437 1 28622
3003155775 2 28314 3003155808 1 28626
3003279359 2 28325 3003279388 1 28627
3003526720 2 28354 3003526751 1 28630
3011209209 2 28384 3011209240 1 28720
3011340935 2 28388 3011340966 1 28722
3011396899 2 28394 3011397016 0 10170
3011427510 2 28397 3011427546 1 28723
3011609082 2 28410 3011609118 1 28725
3011701253 2 28416 3011701285 1 28726
3011791195 2 28425 3011791228 1 28728
3011969237 0 10174 3011969323 2 28451
3012010352 2 28453 3012010386 1 28731
3012124457 2 28458 3012124488 1 28732
3013975563 0 10180 3013975681 1 28756
3019440417 0 10193 3019440503 2 28469
3019590478 2 28481 3019590509 1 28837
3019650180 0 10194 3019650264 2 28485
3019860369 2 28497 3019860401 1 28840
3019872647 0 10195 3019872762 1 28841
3019882183 0 10196 3019882270 2 28498
3019935780 2 28505 3019935811 1 28842
3020040383 2 28519 3020040415 1 28843
3020096938 0 10197 3020097059 1 28844
3020339586 2 28549 3020339618 1 28846
3021591303 0 10200 3021591423 1 28866
3026682569 0 10222 3026682689 1 28934
3027614061 2 28571 3027614094 1 28944
3027848873 2 28584 3027848905 1 28948
3027914645 2 28588 3027914679 1 28949
3028007848 2 28595 3028007878 1 28950
3028120705 2 28603 3028120740 1 28952
3028529823 2 28641 3028529855 1 28957
3028616313 2 28653 3028616345 1 28958
3028668369 2 28659 3028668398 1 28959
3036120988 2 28687 3036121022 1 29063
3036446339 2 28707 3036446374 1 29067
3036740873 2 28733 3036740908 1 29069
3036971083 0 10259 3036971167 2 28757
3036977034 2 28759 3036977066 1 29072
3036985875 2 28761 3036985909 1 29073
3044441460 2 28787 3044441494 1 29178
3044986855 2 28827 3044986886 1 29184
3045100696 2 28842 3045100727 1 29185
3045105366 2 28843 3045105401 1 29186
3045221022 2 28855 3045221057 1 29187
3045344928 2 28870 3045344960 1 29189
3045450505 2 28878 3045450545 1 29190
3052992525 2 28908 3052992559 1 29291
3053446274 2 28943 3053446307 1 29298
3053560357 2 28955 3053560381 1 29300
3053686945 2 28963 3053686979 1 29301
3053790682 2 28977 3053790716 1 29304
3053905053 2 28981 3053905088 1 29305
3060431284 0 10332 3060431402 1 29399
3061033485 2 28991 3061033515 1 29406
3061352700 2 29009 3061352733 1 29411
3061417338 1 29413 3061417486 2 29012
3061525581 2 29027 3061525612 1 29415
3061531574 0 10334 3061531664 2 29028
3061763964 2 29043 3061763995 1 29418
3061788200 2 29046 3061788231 1 29419
3062048787 2 29071 3062048818 1 29422
3062130931 2 29074 3062130963 1 29424
3062220478 0 10338 3062220595 1 29425
3066486633 0 10353 3066486751 1 29482
3068121543 0 10362 3068121658 1 29503
3069694692 2 29109 3069694725 1 29522
3069721719 2 29112 3069721750 1 29523
3069915050 2 29128 3069915115 1 29527
3070020902 2 29133 3070020933 1 29529
3070107620 2 29141 3070107655 1 29530
3070228681 2 29156 3070228716 1 29531
3070506823 2 29179 3070506856 1 29535
3070528223 2 29180 3070528257 1 29536
3077571883 2 29186 3077571916 1 29633
3077708076 2 29188 3077708111 1 29635
3077971045 2 29205 3077971081 1 29640
3078067737 2 29211 3078067769 1 29641
3078126471 2 29214 3078126502 1 29642
3078286513 2 29227 3078286543 1 29644
3078297171 2 29229 3078297204 1 29645
3078444639 2 29243 3078444669 1 29647
3078632073 2 29259 3078632104 1 29650
3078695840 0 10394 3078695960 1 29651
3086196648 2 29297 3086196683 1 29751
3086406278 0 10425 3086406368 2 29315
3086496646 0 10426 3086496728 2 29323
3086722020 0 10427 3086722151 2 29341
3087078995 2 29391 3087079027 1 29762
3087115731 2 29394 3087115763 1 29763
3088119074 0 10432 3088119192 1 29778
3088947754 0 10437 3088947875 1 29787
3090852682 0 10441 3090852800 1 29812
3092409937 0 10443 3092410059 1 29836
3094459464 2 29411 3094459495 1 29861
3095249480 2 29482 3095249514 1 29871
3102485135 2 29506 3102485169 1 29973
3102755965 2 29511 3102756000 1 29976
3102765951 2 29512 3102765989 1 29977
3102967327 2 29524 3102967360 1 29980
3102984619 2 29526 3102984652 1 29981
3103023144 0 10482 3103023230 2 29529
3103129086 2 29539 3103129118 1 29982
3103209629 2 29543 3103209663 1 29984
3103253289 0 10483 3103253374 2 29548
3103434132 2 29566 3103434166 1 29985
3103483899 2 29573 3103483931 1 29986
3103652656 2 29597 3103652687 1 29988
3103712931 2 29603 3103712963 1 29989
3103845102 2 29614 3103845135 1 29991
3111216197 2 29630 3111216230 1 30095
3111342335 2 29640 3111342367 1 30097
3111625415 2 29663 3111625487 1 30099
3111706685 2 29669 3111706720 1 30100
3111817448 2 29677 3111817480 1 30102
3111827242 2 29678 3111827278 1 30103
3111932281 2 29692 3111932311 1 30104
3111969147 2 29694 3111969180 1 30105
3112098655 2 29708 3112098685 1 30107
3112204145 2 29717 3112204175 1 30109
3177956446 2 29871 3177956479 1 30206
3178259944 0 10707 3178260028 2 29895
3178637767 2 29928 3178637798 1 30212
3178765290 0 10710 3178765377 2 29936
3181559529 0 10719 3181559644 1 30243
3186678127 2 30002 3186678159 1 30295
3186771380 0 10738 3186771462 2 30014
3194553936 2 30040 3194553970 1 30379
3194785920 2 30056 3194785955 1 30382
3194971482 2 30066 3194971514 1 30383
3195230749 2 30093 3195230782 1 30385
3195390936 2 30105 3195390969 1 30388
3195819789 0 10774 3195819905 1 30395
3203407851 0 10799 3203407969 1 30499
3203474279 0 10800 3203474366 2 30186
3203705935 2 30213 3203705967 1 30503
3203821941 2 30224 3203821972 1 30505
3211221840 2 30242 3211221869 1 30601
3211401304 2 30258 3211401339 1 30604
3211875936 2 30304 3211875970 1 30611
3211887624 0 10839 3211887709 2 30305
3211956988 2 30313 3211957018 1 30612
3219227820 2 30336 3219227855 1 30709
3219840112 2 30364 3219840145 1 30716
3219915957 2 30368 3219915989 1 30717
3219927180 2 30370 3219927215 1 30718
3219992482 2 30374 3219992517 1 30719
3220172598 2 30397 3220172630 1 30722
3220254976 2 30408 3220255012 1 30723
3220397752 2 30427 3220397784 1 30725
3220465174 2 30430 3220465207 1 30727
3220632525 2 30439 3220632555 1 30729
3222458374 0 10876 3222458467 1 30754
3227464363 0 10894 3227464480 1 30824
3227940839 2 30453 3227940870 1 30828
3228000969 2 30459 3228001002 1 30829
3228210788 2 30473 3228210821 1 30832
3228313372 2 30478 3228313402 1 30834
3228379869 2 30486 3228379903 1 30835
3228773388 2 30520 3228773419 1 30840
3228779421 2 30521 3228779454 1 30841
3228877879 2 30529 3228877912 1 30842
3236443421 2 30561 3236443455 1 30946
3236468113 2 30563 3236468144 1 30947
3236543979 0 10923 3236544063 2 30570
3236666498 2 30584 3236666529 1 30950
3236800504 2 30599 3236800536 1 30952
3237115929 2 30640 3237115960 1 30957
3237174985 2 30648 3237175019 1 30958
3240339259 0 10935 3240339373 1 31002
3244470670 2 30668 3244470705 1 31055
3245021119 2 30708 3245021152 1 31064
3245199791 2 30728 3245199825 1 31067
3245285005 2 30738 3245285040 1 31068
3252753344 2 30766 3252753379 1 31170
3252897199 2 30770 3252897230 1 31173
3252977173 2 30774 3252977205 1 31174
3253070641 2 30783 3253070670 1 31176
3253299970 0 10981 3253300055 2 30796 3253300090 1 31179
3253448515 0 10982 3253448600 2 30814
3253454525 2 30816 3253454557 1 31181
3253599537 0 10983 3253599621 2 30827
3253801287 2 30846 3253801321 1 31184
3261556095 2 30884 3261556128 1 31294
3261577013 2 30886 3261577045 1 31295
3262042235 2 30943 3262042268 1 31299
3269714054 2 30981 3269714088 1 31408
3269937045 2 30995 3269937080 1 31409
3270124788 2 31014 3270124820 1 31412
3270324435 0 11032 3270324520 2 31043
3270507663 0 11033 3270507752 2 31062
3270553675 1 31418 3270553711 2 31065
3270591612 0 11034 3270591697 2 31069
3278057748 2 31093 3278057782 1 31523
3278143598 2 31104 3278143630 1 31524
3278427927 2 31129 3278427962 1 31528
3278673622 0 11057 3278673706 2 31155
3278711348 2 31159 3278711376 1 31532
3283302968 0 11073 3283303086 1 31594
3286175251 2 31187 3286175284 1 31634
3286339463 0 11085 3286339560 2 31199
3286354613 2 31200 3286354647 1 31636
3286425897 2 31205 3286425932 1 31637
3286504302 2 31207 3286504333 1 31638
3286738796 0 11089 3286738881 2 31226
3286904568 2 31250 3286904602 1 31643
3286929570 0 11090 3286929654 2 31254
3294549495 2 31306 3294549524 1 31747
3294610066 2 31308 3294610099 1 31748
3294684405 2 31314 3294684437 1 31749
3294717800 2 31319 3294717835 1 31750
3294974215 1 31753 3294974282 2 31336
3294983821 2 31338 3294983847 1 31754
3295129186 0 11119 3295129270 2 31347
3295252178 0 11120 3295252262 2 31364
3303164690 0 11147 3303164776 2 31433
3303507762 0 11148 3303507845 2 31462
3303556963 0 11149 3303557044 2 31468
3303696258 0 11150 3303696345 2 31486
3303849780 0 11151 3303849865 2 31500
3361401064 0 11332 3361401149 2 31571
3361750663 2 31594 3361750699 1 31875
3361805498 2 31599 3361805532 1 31876
3365021151 0 11346 3365021273 1 31909
3369562526 2 31619 3369562651 0 11355
3369684999 2 31628 3369685031 1 31957
3369941269 2 31648 3369941306 1 31960
3370141647 2 31665 3370141680 1 31962
3370242079 2 31681 3370242110 1 31963
3376889213 0 11381 3376889331 1 32032
3377965165 0 11389 3377965249 2 31716
3378037775 0 11390 3378037862 2 31718
3378076293 2 31723 3378076324 1 32044
3378642552 2 31775 3378642585 1 32050
3379911800 0 11393 3379911922 1 32063
3386297297 2 31794 3386297328 1 32146
3386398683 2 31805 3386398718 1 32147
3386417341 0 11412 3386417424 2 31807
3386599324 2 31821 3386599350 1 32149
3386610137 2 31823 3386610170 1 32150
3386823838 2 31848 3386823870 1 32153
3386914599 0 11414 3386914683 2 31861
3386961112 2 31865 3386961145 1 32154
3390746369 0 11428 3390746484 1 32206
3393129120 0 11441 3393129239 1 32237
3394524102 2 31898 3394524134 1 32256
3394629536 2 31908 3394629569 1 32257
3394748956 0 11446 3394749041 2 31919 3394749075 1 32259
3394933584 2 31934 3394933614 1 32261
3394949385 2 31935 3394949417 1 32262
3395138377 2 31949 3395138409 1 32265
3395372753 1 32269 3395372897 2 31970
3401879730 0 11465 3401879847 1 32360
3402986352 2 32000 3402986383 1 32374
3403075892 2 32006 3403075923 1 32375
3403151767 2 32012 3403151799 1 32376
3403159513 2 32013 3403159545 1 32377
3403180540 2 32015 3403180574 1 32378
3403237158 2 32017 3403237192 1 32379
3403327495 2 32025 3403327525 1 32380
3403481919 2 32044 3403481949 1 32383
3409540107 0 11492 3409540225 1 32465
3411428392 2 32110 3411428423 1 32491
3411467014 2 32111 3411467046 1 32492
3411503792 2 32114 3411503826 1 32493
3411761921 0 11498 3411762006 2 32133
3417628287 1 32579 3417628352 0 11510
3420120283 0 11517 3420120373 2 32230
3420482931 2 32264 3420482963 1 32617
3420501516 2 32267 3420501550 1 32618
3427601077 0 11540 3427601192 1 32718
3427737495 0 11541 3427737617 1 32720
3427889195 2 32289 3427889225 1 32722
3428438375 2 32321 3428438409 1 32728
3428529741 2 32330 3428529773 1 32730
3428719081 0 11545 3428719163 2 32352
3428746406 2 32357 3428746440 1 32733
3429023820 2 32373 3429023851 1 32737
3432961601 0 11556 3432961722 1 32793
3436782862 2 32416 3436782894 1 32846
3436811281 2 32418 3436811316 1 32847
3436862867 2 32427 3436862901 1 32848
3437164428 0 11566 3437164526 2 32459
3437282259 2 32473 3437282292 1 32854
3444642910 2 32487 3444642943 1 32953
3444938344 2 32510 3444938374 1 32957
3445164922 2 32529 3445164955 1 32961
3445286031 2 32545 3445286069 1 32963
3445429570 2 32558 3445429602 1 32965
3453251874 0 11618 3453251962 2 32609
3453259922 2 32611 3453259955 1 33075
3453280745 0 11619 3453280827 2 32615
3453351627 0 11620 3453351713 2 32621
3453471435 2 32642 3453471466 1 33078
3453569522 2 32653 3453569556 1 33079
3453705487 0 11621 3453705591 1 33081
3453851954 2 32688 3453851986 1 33083
3459429321 0 11634 3459429437 1 33162
3461174106 2 32705 3461174141 1 33186
3461698392 2 32739 3461698424 1 33194
3461831783 2 32753 3461831814 1 33196
3462028424 1 33199 3462028564 2 32777
3462247240 2 32792 3462247275 1 33202
3466859528 0 11662 3466859644 1 33264
3468438471 0 11666 3468438595 1 33286
3469751040 2 32813 3469751074 1 33303
3470026227 2 32841 3470026259 1 33308
3470107845 0 11674 3470107930 2 32848
3470570691 0 11676 3470570778 2 32897
3470622164 2 32901 3470622198 1 33314
3476272610 0 11696 3476272725 1 33392
3477556898 0 11700 3477557016 1 33410
3477778657 2 32910 3477778693 1 33413
3478246934 2 32928 3478246967 1 33420
3478328473 2 32937 3478328509 1 33421
3478504992 2 32956 3478505022 1 33424
3478742336 2 32981 3478742368 1 33426
3486178467 0 11725 3486178557 2 33008
3494814487 0 11758 3494814570 2 33141
3494952457 0 11759 3494952541 2 33152
3494998671 0 11761 3494998753 2 33155
3544562256 2 33268 3544562290 1 33555
3544660751 2 33273 3544660784 1 33556
3553181644 2 33324 3553181675 1 33644
3559299282 0 11977 3559299400 1 33707
3561388155 2 33398 3561388185 1 33729
3561485932 2 33404 3561485965 1 33730
3561655601 2 33415 3561655634 1 33732
3561762342 2 33426 3561762375 1 33733
3561834462 2 33435 3561834490 1 33734
3562051880 2 33461 3562051914 1 33735
3567563761 0 12007 3567563879 1 33792
3568884551 0 12013 3568884667 1 33805
3569344927 2 33469 3569344961 1 33811
3569565347 2 33477 3569565380 1 33813
3570581900 2 33551 3570581932 1 33823
3578368825 0 12035 3578368908 2 33588
3578488225 0 12038 3578488341 1 33934
3578570249 2 33603 3578570282 1 33935
3578657038 0 12040 3578657156 1 33936
3578774977 0 12041 3578775062 2 33629
3579019528 2 33649 3579019561 1 33940
3586073428 0 12066 3586073542 1 34037
3586082420 2 33653 3586082449 1 34038
3586281504 0 12068 3586281593 2 33657
3586605295 2 33684 3586605330 1 34042
3586664223 2 33691 3586664256 1 34043
3586877501 2 33702 3586877538 1 34045
3586996620 2 33716 3586996652 1 34048
3587110030 2 33727 3587110062 1 34050
3587311260 2 33738 3587311291 1 34053
3590084940 1 34090 3590084960 0 12082
3594842981 2 33765 3594843016 1 34155
3594897447 0 12098 3594897530 2 33771
3595172858 2 33794 3595172890 1 34159
3595439888 2 33823 3595439922 1 34163
3595504416 2 33832 3595504448 1 34164
3595660081 0 12100 3595660165 2 33843 3595660199 1 34167
3603006212 2 33857 3603006243 1 34263
3603028595 1 34264 3603028636 2 33859
3603765896 2 33930 3603765931 1 34273
3603769536 2 33931 3603769571 1 34274
3603973201 2 33955 3603973231 1 34276
3611254486 2 33966 3611254521 1 34378
3611350228 2 33971 3611350259 1 34380
3611445816 2 33978 3611445852 1 34381
3611505001 0 12159 3611505119 1 34382
3611721313 2 33997 3611721345 1 34385
3612005227 2 34030 3612005260 1 34390
3612122143 2 34043 3612122176 1 34392
3612211701 2 34049 3612211732 1 34393
3619810036 2 34084 3619810070 1 34497
3620024916 2 34107 3620024946 1 34500
3620027673 2 34108 3620027708 1 34501
3620171083 0 12186 3620171167 2 34121
3620326568 2 34131 3620326603 1 34505
3620491240 2 34146 3620491275 1 34507
3622933303 0 12194 3622933421 1 34540
3627779202 2 34169 3627779234 1 34607
3628388042 2 34206 3628388073 1 34615
3628396495 2 34208 3628396528 1 34616
3628493029 1 34618 3628493159 2 34219
3628795492 2 34249 3628795527 1 34621
3628882047 0 12214 3628882133 2 34257
3631698068 1 34662 3631698209 0 12223
3633073041 1 34681 3633073081 0 12230
3636490194 2 34296 3636490225 1 34729
3636542549 2 34302 3636542582 1 34730
3636640638 2 34308 3636640672 1 34732
3636709788 2 34317 3636709818 1 34733
3636957102 2 34342 3636957136 1 34734
3637024282 2 34347 3637024314 1 34736
3637490478 0 12238 3637490596 1 34744
3644618627 2 34387 3644618662 1 34842
3644744849 0 12264 3644744934 2 34395
3644763542 2 34396 3644763572 1 34844
3644875161 0 12265 3644875246 2 34403
3645129593 2 34429 3645129629 1 34846
3645181266 2 34435 3645181298 1 34847
3645599960 2 34475 3645599992 1 34854
3645638638 0 12268 3645638723 2 34477
3645643958 0 12269 3645644045 2 34478
3652994598 1 34956 3652994721 2 34489
3653131698 2 34505 3653131733 1 34957
3653297065 2 34517 3653297099 1 34960
3653788621 2 34571 3653788655 1 34967
3653921536 2 34579 3653921568 1 34969
3654044211 2 34588 3654044244 1 34971
3661367752 0 12327 3661367838 2 34608
3661610069 2 34621 3661610103 1 35070
3661613638 2 34622 3661613673 1 35071
3661856194 2 34644 3661856228 1 35074
3661894587 2 34649 3661894621 1 35075
3661999250 2 34666 3661999282 1 35076
3662041492 2 34671 3662041525 1 35077
3662234578 2 34685 3662234609 1 35079
3668042709 0 12349 3668042829 1 35161
3669671180 2 34715 3669671208 1 35183
3669801130 2 34723 3669801164 1 35184
3669855824 2 34728 3669855856 1 35185
3670314154 2 34761 3670314186 1 35190
3670437807 2 34772 3670437837 1 35193
3670595611 0 12361 3670595695 2 34790
3670666756 2 34795 3670666790 1 35196
3670694772 2 34799 3670694804 1 35197
3673587209 0 12367 3673587325 1 35238
3686821625 0 12413 3686821710 2 34944
3736415972 0 12581 3736416091 1 35301
3736702037 2 35016 3736702066 1 35304
3744831608 2 35059 3744831641 1 35388
3744935340 2 35064 3744935371 1 35389
3745260253 2 35091 3745260283 1 35393
3750802754 0 12622 3750802874 1 35449
3753308658 2 35158 3753308689 1 35476
3753519755 2 35176 3753519788 1 35478
3759416011 0 12650 3759416130 1 35545
3761300578 2 35217 3761300611 1 35573
3761601776 2 35235 3761601808 1 35578
3761775464 2 35245 3761775494 1 35580
3762007368 2 35271 3762007402 1 35582
3762244807 2 35294 3762244839 1 35586
3762708803 0 12655 3762708921 1 35594
3769811064 2 35331 3769811095 1 35695
3770085501 2 35355 3770085531 1 35697
3770147963 2 35358 3770147996 1 35698
3770382897 2 35381 3770382932 1 35702
3770415789 2 35386 3770415823 1 35703
3770600317 2 35409 3770600351 1 35705
3778335018 2 35442 3778335050 1 35812
3778458827 2 35454 3778458859 1 35814
3778799486 2 35486 3778799520 1 35819
3779029669 0 12699 3779029755 2 35500
3786307433 2 35518 3786307466 1 35923
3786575074 2 35533 3786575106 1 35928
3786709910 2 35543 3786709944 1 35930
3786852229 0 12724 3786852314 2 35559 3786852349 1 35932
3786915529 2 35570 3786915564 1 35933
3787129839 2 35601 3787129873 1 35936
3787207010 0 12726 3787207093 2 35612
3787399569 2 35632 3787399602 1 35939
3793602488 0 12753 3793602606 1 36022
3794746561 1 36037 3794746647 2 35650
3794770909 2 35651 3794770941 1 36038
3794881902 2 35655 3794881934 1 36039
3794952025 2 35659 3794952056 1 36041
3795066311 2 35666 3795066338 1 36043
3795070990 0 12755 3795071077 2 35667
3795180970 2 35674 3795181003 1 36045
3795224445 2 35677 3795224479 1 36046
3795346327 2 35691 3795346361 1 36048
3795623944 2 35722 3795623975 1 36050
3795637695 2 35725 3795637731 1 36051
3795654470 2 35728 3795654504 1 36052
3797214289 0 12762 3797214409 1 36074
3803167597 2 35756 3803167629 1 36155
3803278113 2 35765 3803278149 1 36157
3803606487 2 35798 3803606522 1 36162
3803677475 2 35804 3803677506 1 36163
3803689600 0 12783 3803689683 2 35805
3803729775 2 35811 3803729810 1 36164
3803892663 2 35833 3803892697 1 36166
3803941304 2 35842 3803941340 1 36167
3804009594 0 12784 3804009680 2 35851
3804302286 0 12785 3804302402 1 36170
3811383106 2 35867 3811383136 1 36273
3811390319 1 36274 3811390340 2 35868
3811699697 2 35895 3811699731 1 36278
3812002178 0 12801 3812002267 2 35921
3812171279 0 12803 3812171364 2 35938
3812338795 2 35945 3812338825 1 36285
3812361388 2 35946 3812361419 1 36286
3816662350 0 12816 3816662471 1 36347
3819789981 0 12828 3819790064 2 35964
3819998563 2 35979 3819998598 1 36391
3820156704 2 35993 3820156739 1 36395
3820279696 2 36001 3820279726 1 36396
3820387329 0 12829 3820387412 2 36014
3820660223 2 36050 3820660255 1 36400
3820704259 2 36052 3820704294 1 36401
3820906851 0 12832 3820906967 1 36403
3826143701 0 12847 3826143820 1 36478
3826627218 0 12849 3826627333 1 36485
3827942462 2 36067 3827942481 1 36503
3828194192 2 36086 3828194226 1 36507
3828306736 2 36094 3828306768 1 36509
3828655555 2 36119 3828655588 1 36512
3828739284 2 36131 3828739324 1 36514
3828956505 2 36158 3828956537 1 36517
3836685960 2 36203 3836685992 1 36625
3836976312 2 36228 3836976344 1 36629
3837067610 2 36239 3837067643 1 36631
3837270549 2 36261 3837270580 1 36634
3837324272 0 12878 3837324355 2 36264
3841083510 0 12892 3841083631 1 36687
3844822830 2 36287 3844822862 1 36740
3845086485 2 36305 3845086519 1 36743
3845090370 0 12901 3845090455 2 36306
3845129870 2 36307 3845129903 1 36744
3845188266 0 12902 3845188388 1 36745
3845527485 2 36359 3845527519 1 36749
3845676643 2 36374 3845676674 1 36751
3853025630 2 36389 3853025663 1 36854
3853079536 2 36394 3853079567 1 36855
3853752256 2 36450 3853752289 1 36865
3853804551 2 36456 3853804583 1 36866
3853868284 2 36465 3853868316 1 36867
3853872892 0 12926 3853872976 2 36466
3870127972 0 12982 3870128058 2 36650
3919809507 2 36692 3919809542 1 36996
3919846237 2 36694 3919846270 1 36997
3920071102 1 36999 3920071152 2 36715
3920165059 2 36720 3920165092 1 37000
3928361701 2 36762 3928361733 1 37085
3928426364 0 13155 3928426460 2 36771
3928454635 2 36774 3928454671 1 37086
3928551885 2 36783 3928551918 1 37087
3936376752 2 36832 3936376782 1 37167
3936515281 2 36843 3936515309 1 37169
3936683250 2 36855 3936683280 1 37171
3936795946 2 36866 3936795976 1 37172
3937054723 0 13187 3937054807 2 36893
3941995305 0 13209 3941995424 1 37228
3944709782 2 36918 3944709820 1 37267
3944854630 2 36928 3944854661 1 37269
3945105075 2 36948 3945105107 1 37271
3945187315 2 36952 3945187346 1 37272
3945241969 2 36960 3945242001 1 37273
3945258951 0 13219 3945259035 2 36962
3945292287 2 36966 3945292320 1 37274
3945383243 2 36975 3945383275 1 37275
3945438645 2 36979 3945438678 1 37276
3945502686 2 36985 3945502720 1 37277
3945691771 2 37006 3945691803 1 37279
3953517470 2 37044 3953517502 1 37385
3953540923 2 37046 3953540955 1 37386
3953674443 2 37055 3953674475 1 37388
3953694329 2 37057 3953694361 1 37389
3953895507 2 37084 3953895541 1 37392
3954031326 1 37394 3954031358 2 37100
3954125264 2 37108 3954125297 1 37396
3956573306 0 13257 3956573424 1 37429
3957630796 0 13262 3957630911 1 37444
3958214588 0 13264 3958214704 1 37451
3961767735 2 37150 3961767765 1 37498
3961782227 2 37152 3961782261 1 37499
3961869879 2 37161 3961869911 1 37500
3969766980 2 37221 3969767011 1 37614
3969891571 2 37234 3969891602 1 37616
3969953806 2 37240 3969953839 1 37617
3970280578 0 13299 3970280665 2 37281
3970549290 2 37303 3970549325 1 37625
3973279174 0 13305 3973279292 1 37664
3974776160 0 13309 3974776280 1 37684
3978179390 2 37345 3978179480 1 37731
3978218263 0 13323 3978218345 2 37347
3978286643 0 13324 3978286727 2 37351
3978570286 2 37379 3978570317 1 37736
3978827375 0 13326 3978827461 2 37408
3978947360 2 37417 3978947390 1 37742
3979090548 2 37426 3979090581 1 37744
3985464587 0 13348 3985464714 1 37832
3985775464 0 13350 3985775584 1 37834
3986421066 2 37442 3986421096 1 37844
3986684503 2 37459 3986684536 1 37847
3986687271 2 37460 3986687305 1 37848
3986940471 2 37487 3986940499 1 37852
3987097674 2 37504 3987097708 1 37854
3987356356 2 37540 3987356389 1 37857
3989568097 0 13356 3989568216 1 37890
3992055532 0 13367 3992055650 1 37924
3994790255 2 37567 3994790286 1 37961
3994858268 2 37574 3994858298 1 37962
3995322128 2 37608 3995322159 1 37968
3995482317 2 37625 3995482351 1 37969
3995560594 2 37633 3995560625 1 37970
3995719058 2 37642 3995719093 1 37973
4003370402 2 37671 4003370440 1 38080
4003741514 2 37703 4003741547 1 38086
4003816335 2 37716 4003816367 1 38087
4003953497 2 37734 4003953528 1 38089
4004151086 0 13403 4004151171 2 37749
4004156728 0 13404 4004156814 2 37751 4004156848 1 38092
4011150785 2 37755 4011150819 1 38191
4011343259 0 13423 4011343378 1 38194
4011621672 2 37783 4011621702 1 38198
4012004983 2 37813 4012005015 1 38202
4012141792 2 37829 4012141824 1 38204
4012339579 2 37842 4012339611 1 38206
4017082282 0 13435 4017082400 1 38276
4017412547 0 13436 4017412663 1 38281
4019366756 2 37851 4019366876 0 13442
4019430700 0 13443 4019430818 1 38309
4019907467 0 13446 4019907553 2 37868
4020017900 2 37877 4020017932 1 38315
4020178496 2 37889 4020178528 1 38317
4020799496 2 37973 4020799526 1 38326
4027657882 0 13471 4027658000 1 38422
4027826111 0 13472 4027826228 1 38425
4028158005 0 13475 4028158089 2 37995
4028309130 2 38006 4028309166 1 38429
4028465770 2 38019 4028465803 1 38431
4028670260 2 38034 4028670294 1 38434
4028921447 2 38058 4028921480 1 38438
4030054338 0 13484 4030054464 1 38453
4036469510 2 38082 4036469538 1 38543
4036515236 1 38544 4036515279 2 38086
4036863629 2 38115 4036863662 1 38549
4036971208 2 38128 4036971242 1 38551
4037285422 2 38168 4037285453 1 38556
4044695634 2 38187 4044695670 1 38659
4045084844 0 13526 4045084928 2 38208
4045175889 2 38216 4045175924 1 38665
4045339704 0 13527 4045339727 2 38230
4053358588 0 13553 4053358671 2 38295
4103101576 2 38401 4103101606 1 38683
4103215750 2 38408 4103215783 1 38684
4103777047 2 38418 4103777079 1 38690
4108438549 0 13732 4108438664 1 38738
4111388713 2 38430 4111388746 1 38768
4111629726 0 13740 4111629812 2 38441
4111647739 1 38771 4111647875 2 38444
4111672634 0 13741 4111672721 2 38446
4111783464 2 38456 4111783497 1 38773
4111959110 2 38469 4111959144 1 38774
4111978371 2 38472 4111978405 1 38775
4112164113 2 38491 4112164149 1 38777
4112256664 2 38499 4112256692 1 38778
4112344338 1 38779 4112344399 2 38507
4119917879 2 38531 4119917917 1 38856
4119988741 2 38538 4119988774 1 38857
4120055049 2 38543 4120055082 1 38858
4120370304 2 38573 4120370339 1 38861
4120442050 2 38583 4120442082 1 38862
4120513616 2 38590 4120513740 1 38863
4120710730 0 13774 4120710815 2 38593
4126190500 0 13796 4126190511 1 38919
4126209512 0 13797 4126209629 1 38920
4127766392 2 38596 4127766425 1 38937
4127834888 2 38598 4127834920 1 38938
4128472900 2 38628 4128472932 1 38945
4128476543 2 38629 4128476577 1 38946
4128635186 2 38647 4128635216 1 38947
4128644863 0 13804 4128644980 1 38948
4128654868 2 38650 4128654901 1 38949
4128822323 2 38667 4128822354 1 38951
4136570804 2 38698 4136570837 1 39057
4136757726 2 38712 4136757758 1 39059
4136970174 2 38727 4136970206 1 39063
4137398295 0 13835 4137398378 2 38776
4137478572 0 13836 4137478658 2 38780
4144901952 1 39172 4144902093 2 38804
4144928677 2 38807 4144928707 1 39174
4145435943 2 38855 4145435978 1 39179
4145586543 2 38874 4145586576 1 39181
4145696003 2 38885 4145696037 1 39183
4147147193 0 13863 4147147312 1 39204
4151694734 0 13881 4151694851 1 39266
4153334094 2 38920 4153334129 1 39287
4153682997 2 38950 4153683030 1 39291
4153914210 2 38980 4153914245 1 39294
4153929007 2 38981 4153929039 1 39295
4154152808 2 39007 4154152840 1 39298
4161217755 2 39012 4161217789 1 39396
4161329016 0 13915 4161329102 2 39017
4161663853 2 39035 4161663887 1 39401
4161853774 0 13917 4161853857 2 39048
4162286068 2 39100 4162286108 1 39410
4169614669 2 39125 4169614703 1 39510
4169852003 2 39141 4169852037 1 39511
4169951772 2 39148 4169951804 1 39513
4170225739 2 39168 4170225769 1 39517
4170522278 0 13954 4170522362 2 39204
4170715926 0 13955 4170716009 2 39234
4173139663 0 13964 4173139782 1 39555
4178051753 2 39255 4178051783 1 39622
4178075648 2 39257 4178075680 1 39623
4178124053 2 39259 4178124082 1 39624
4178141366 2 39260 4178141430 1 39625
4178260287 2 39269 4178260321 1 39627
4178396090 2 39277 4178396124 1 39628
4178616703 2 39293 4178616738 1 39632
4178655886 2 39302 4178655918 1 39633
4178864850 2 39324 4178864882 1 39635
4178901905 2 39331 4178901937 1 39636
4178906892 2 39332 4178906926 1 39637
4179019468 2 39339 4179019500 1 39638
4179181401 2 39348 4179181432 1 39641
4182568486 0 13994 4182568602 1 39687
4185047133 0 14001 4185047249 1 39721
4186444329 2 39360 4186444361 1 39738
4186449254 2 39361 4186449287 1 39739
4186546586 2 39367 4186546620 1 39740
4186793100 2 39390 4186793133 1 39743
4186863534 2 39393 4186863565 1 39745
4186875903 2 39395 4186875938 1 39746
4186928483 2 39400 4186928517 1 39747
4187059043 2 39415 4187059078 1 39748
4187154582 2 39422 4187154615 1 39750
4187251104 2 39429 4187251137 1 39751
4187405637 2 39444 4187405667 1 39753
4187437105 2 39446 4187437138 1 39754
4194660343 0 14030 4194660429 2 39456
4194916055 2 39470 4194916089 1 39858
4195089702 2 39486 4195089733 1 39861
4195183591 2 39492 4195183622 1 39862
4195407275 2 39509 4195407309 1 39866
4195434992 2 39512 4195435027 1 39867
4195511706 2 39524 4195511736 1 39868
4195593137 0 14033 4195593222 2 39530
4195612814 0 14034 4195612898 2 39534
4195806843 2 39552 4195806971 1 39870
4198272259 0 14043 4198272379 1 39905
4203003029 0 14059 4203003141 2 39562
4203215119 0 14061 4203215206 2 39571
4203374051 2 39581 4203374091 1 39974
4203395800 2 39583 4203395835 1 39975
4203447974 2 39586 4203448008 1 39976
4203559660 2 39600 4203559694 1 39978
4203689125 2 39618 4203689152 1 39980
4211414616 0 14098 4211414736 1 40081
4211655609 0 14099 4211655727 1 40084
4211685653 2 39684 4211685684 1 40085
4211886656 0 14100 4211886739 2 39703
4212301106 2 39753 4212301140 1 40091
4212472741 2 39772 4212472776 1 40094
4212745075 0 14104 4212745191 1 40098
4217345561 0 14125 4217345680 1 40157
4219762487 2 39795 4219762522 1 40190
4219949251 2 39804 4219949281 1 40193
4220386399 2 39836 4220386431 1 40198
4220415285 2 39840 4220415320 1 40199
4220478152 2 39848 4220478187 1 40200
4220555397 2 39854 4220555429 1 40201
4220656055 2 39865 4220656088 1 40202
4220666007 2 39866 4220666041 1 40203
4220772491 2 39879 4220772521 1 40205
4220864999 2 39886 4220865030 1 40206
4228225446 2 39908 4228225482 1 40313
4228393618 2 39919 4228393649 1 40314
4228536750 2 39926 4228536790 1 40315
4228559934 2 39929 4228559965 1 40316
4228987264 2 39989 4228987297 1 40322
4229074921 2 40000 4229074948 1 40323
4231351151 0 14169 4231351269 1 40352
4236523719 0 14191 4236523800 2 40019
4237105439 0 14192 4237105524 2 40071
4293329527 0 14384 4293329646 1 40396
4294784462 2 40113 4294784496 1 40411
4294932774 2 40118 4294932809 1 40413
