51604833 0 197 51604950 1 28
51724837 2 96 51724870 1 29
56797683 0 213 56797801 1 82
59596960 2 115 59596994 1 109
59952484 2 130 59952519 1 113
60089807 2 139 60089946 1 114
60184021 2 147 60184050 1 115
60212232 2 151 60212267 1 116
60448212 0 223 60448294 2 165
60517317 2 174 60517351 1 118
68386101 0 249 68386185 2 222
68521685 0 250 68521770 2 232
68760770 2 247 68760800 1 202
68847616 2 255 68847648 1 204
76975664 2 319 76975694 1 288
77060536 0 272 77060622 2 330
77162589 2 340 77162624 1 290
77345816 2 364 77345848 1 292
84947929 2 381 84947961 1 399
84961728 2 382 84961874 1 400
85213218 2 401 85213254 1 403
85235446 2 403 85235480 1 404
85380516 2 414 85380549 1 406
85475832 2 419 85475865 1 407
85543064 0 291 85543151 2 425
85550689 0 292 85550772 2 427
85883289 2 470 85883322 1 413
93384461 2 495 93384494 1 519
93724880 2 520 93724911 1 524
93967481 2 553 93967512 1 527
94132425 2 571 94132462 1 530
94306538 0 315 94306625 2 587
94485504 0 317 94485623 1 535
101536949 2 596 101536980 1 628
101987322 2 631 101987352 1 636
102095031 2 641 102095148 1 637
102280279 2 660 102280311 1 640
109869134 0 377 109869191 2 690
110152713 2 708 110152752 1 745
110539120 2 740 110539154 1 752
110793306 0 381 110793390 2 778
110923270 2 791 110923301 1 755
110968190 2 796 110968217 1 756
112331762 0 383 112331880 1 777
115066952 0 396 115067073 1 811
118572802 2 832 118572834 1 860
118923252 0 408 118923337 2 865
119185907 2 892 119185939 1 867
119339476 0 410 119339561 2 904
124385096 0 425 124385211 1 940
126493457 2 915 126493485 1 970
126649973 0 432 126650061 2 919
126948838 2 943 126948871 1 975
126963053 2 946 126963136 1 976
127041473 2 949 127041504 1 978
127506109 0 435 127506193 2 1000
127638161 2 1010 127638196 1 985
131089262 0 441 131089297 1 1036
135521246 2 1080 135521276 1 1094
135599016 2 1086 135599050 1 1095
135824457 2 1103 135824490 1 1098
135905511 2 1109 135905542 1 1099
135908537 0 459 135908626 2 1110
139631486 0 477 139631603 1 1146
143237352 2 1129 143237383 1 1195
143570837 2 1147 143570868 1 1199
143975886 2 1197 143975917 1 1203
144073476 0 492 144073560 2 1210
144111659 2 1217 144111694 1 1205
144282832 2 1233 144282870 1 1207
150845078 0 520 150845196 1 1294
151743067 2 1248 151743097 1 1310
151786231 0 521 151786314 2 1251
151836676 2 1256 151836707 1 1311
152092617 0 524 152092701 2 1276
152303026 2 1295 152303058 1 1315
152429736 2 1311 152429767 1 1317
152618683 0 527 152618769 2 1331
159956311 2 1343 159956345 1 1422
160132187 2 1356 160132220 1 1425
160200922 0 546 160201006 2 1364
160337829 2 1375 160337862 1 1426
160546145 2 1395 160546177 1 1429
160668817 2 1408 160668850 1 1431
160706881 2 1414 160706912 1 1432
163771268 0 566 163771388 1 1468
168031935 2 1438 168031968 1 1527
168264027 2 1446 168264056 1 1530
168728521 2 1485 168728551 1 1535
168911658 0 587 168911742 2 1507
168962942 2 1512 168962974 1 1537
169070937 0 588 169071056 1 1539
169263635 2 1543 169263669 1 1542
176220941 2 1545 176220974 1 1631
176760976 2 1568 176761010 1 1638
177109119 2 1597 177109153 1 1641
177320723 2 1619 177320756 1 1643
177487325 2 1636 177487452 1 1645
182350760 1 1708 182350866 0 650
243304281 2 1796 243304315 1 1762
243560352 2 1815 243560385 1 1765
251878595 2 1873 251878629 1 1851
251916955 0 862 251917041 2 1877
251954693 0 863 251954777 2 1881
252157553 2 1897 252157587 1 1854
252328459 2 1920 252328493 1 1856
253084431 0 868 253084548 1 1863
260030613 2 1957 260030643 1 1935
260140559 2 1967 260140651 0 898
260235314 2 1975 260235346 1 1937
260369982 2 1981 260370016 1 1938
260857624 0 900 260857710 2 2017
261139753 0 901 261139871 1 1946
268160607 1 2035 268160688 2 2026
268245647 2 2028 268245679 1 2036
268431809 0 929 268431891 2 2045
268572830 2 2056 268572860 1 2040
268600212 0 931 268600297 2 2058
268971686 0 932 268971804 1 2046
269038683 2 2106 269038717 1 2047
276711772 2 2145 276711806 1 2147
276785188 2 2151 276785223 1 2148
276981871 2 2163 276981902 1 2151
277159204 2 2174 277159239 1 2153
277173323 2 2176 277173358 1 2154
277679236 0 970 277679322 2 2227
281891872 0 982 281891990 1 2218
285132685 2 2254 285132716 1 2259
285269171 2 2266 285269206 1 2261
285428635 2 2274 285428669 1 2263
285529469 2 2282 285529501 1 2264
285621334 0 998 285621334 2 2298
285800167 2 2318 285800199 1 2267
285890036 2 2325 285890067 1 2268
289824773 0 1010 289824890 1 2324
291661748 0 1016 291661873 1 2350
293479297 2 2352 293479326 1 2376
293647086 2 2357 293647119 1 2378
293710880 2 2363 293710916 1 2379
294034403 2 2398 294034436 1 2382
294188878 2 2413 294188909 1 2385
294246096 2 2421 294246130 1 2386
299465246 0 1040 299465342 1 2457
301030469 0 1045 301030587 1 2480
301489423 2 2438 301489458 1 2487
301985819 2 2471 301985849 1 2493
302242739 2 2492 302242769 1 2497
302475073 2 2517 302475108 1 2501
302615124 2 2527 302615155 1 2503
304870107 0 1058 304870225 1 2534
307572942 0 1067 307573062 1 2571
310014105 0 1076 310014192 2 2542
310282113 2 2555 310282148 1 2606
310457863 2 2572 310457898 1 2609
310510280 2 2581 310510312 1 2610
310624544 2 2591 310624577 1 2612
310824170 2 2619 310824200 1 2614
310882304 2 2631 310882336 1 2615
313454295 0 1086 313454413 1 2651
313706272 0 1087 313706390 1 2654
318079300 2 2637 318079433 1 2715
318573124 0 1105 318573209 2 2663
318618414 2 2667 318618450 1 2721
318807707 2 2681 318807739 1 2724
318913046 2 2695 318913082 1 2726
318980284 2 2704 318980313 1 2727
319084711 2 2714 319084746 1 2728
319098874 2 2717 319098908 1 2729
319122179 0 1107 319122262 2 2721
319285978 2 2731 319286013 1 2731
324272185 0 1127 324272302 1 2799
326425932 0 1135 326426018 2 2739
326768543 2 2752 326768574 1 2832
327287140 2 2800 327287176 1 2840
327323625 2 2805 327323658 1 2841
327380665 0 1138 327380749 2 2811
327654269 0 1139 327654354 2 2850
334687315 2 2858 334687348 1 2939
334963488 2 2863 334963524 1 2943
335195589 2 2881 335195620 1 2945
335217380 0 1165 335217464 2 2883 335217498 1 2946
335334300 2 2890 335334331 1 2948
335448053 0 1167 335448139 2 2900
335784789 2 2930 335784819 1 2953
335824697 2 2934 335824731 1 2954
337340388 0 1173 337340504 1 2976
339235857 0 1181 339235976 1 3002
340017746 0 1182 340017864 1 3012
341229021 0 1187 341229139 1 3028
343307491 2 2957 343307524 1 3056
343498595 2 2973 343498626 1 3059
343568738 2 2979 343568772 1 3060
343682744 2 2986 343682779 1 3062
343693458 0 1196 343693546 2 2987
343910191 2 3002 343910225 1 3065
344050113 2 3020 344050149 1 3066
344056318 2 3022 344056403 1 3067
344126952 2 3033 344126982 1 3068
344253883 2 3046 344253915 1 3070
351576205 2 3064 351576239 1 3171
351954994 2 3079 351955028 1 3176
352114108 2 3092 352114143 1 3178
352155733 2 3097 352155767 1 3179
352212807 2 3101 352212838 1 3180
360167357 2 3161 360167388 1 3286
360171249 2 3162 360171282 1 3287
360194787 0 1258 360194872 2 3165
360228407 2 3169 360228438 1 3288
360316675 2 3180 360316709 1 3289
360434519 2 3191 360434549 1 3290
360568717 2 3208 360568748 1 3291
360635722 2 3217 360635756 1 3292
360830804 2 3241 360830837 1 3294
360881902 2 3244 360881933 1 3296
361043614 0 1259 361043731 1 3299
368503660 2 3281 368503691 1 3398
368846457 0 1293 368846541 2 3309 368846575 1 3401
369188088 2 3350 369188122 1 3406
427020862 2 3519 427020893 1 3446
432330709 0 1524 432330829 1 3501
435094868 2 3548 435094898 1 3530
435408751 2 3575 435408783 1 3533
435461225 2 3583 435461256 1 3534
435568724 2 3596 435568757 1 3535
435662413 2 3609 435662442 1 3536
441169048 0 1562 441169164 1 3590
443412805 2 3625 443412840 1 3613
443429707 2 3628 443429740 1 3614
443950938 2 3677 443950971 1 3620
452064565 2 3732 452064596 1 3702
452216412 2 3748 452216444 1 3704
452251699 0 1605 452251782 2 3753
452485002 2 3778 452485037 1 3707
459992550 2 3801 459992578 1 3791
460241561 0 1634 460241645 2 3821
460376811 2 3831 460376843 1 3795
460473931 2 3840 460473967 1 3797
460515812 2 3844 460515852 1 3798
460627287 2 3862 460627321 1 3800
460643639 0 1636 460643724 2 3865
461020530 0 1639 461020648 1 3805
464619722 0 1653 464619760 1 3850
464933381 0 1657 464933473 1 3854
468029415 2 3878 468029488 1 3893
468366942 2 3890 468366972 1 3898
468453437 2 3894 468453469 1 3899
468600681 2 3905 468600713 1 3901
468637049 0 1676 468637135 2 3910
468947300 2 3934 468947340 1 3905
469016956 2 3940 469016989 1 3907
469020360 2 3941 469020392 1 3908
469129625 2 3953 469129660 1 3909
469267698 2 3962 469267731 1 3910
470674756 0 1684 470674873 1 3931
476493933 2 3976 476493966 1 4006
476809395 2 3992 476809428 1 4011
476876920 1 4012 476876973 0 1711
477017920 2 4010 477017951 1 4013
477243513 2 4030 477243545 1 4018
477716443 2 4086 477716480 1 4023
481461993 0 1730 481462111 1 4074
485252095 2 4111 485252126 1 4127
485649032 2 4140 485649063 1 4132
485904728 2 4168 485904758 1 4135
493477928 0 1764 493478011 2 4199
493797771 2 4228 493797801 1 4245
493822055 0 1767 493822139 2 4230 493822173 1 4246
493917025 2 4241 493917059 1 4247
494280643 2 4275 494280677 1 4251
498647868 0 1787 498647985 1 4310
501438598 2 4284 501438628 1 4349
501700574 2 4296 501700604 1 4353
502004448 2 4315 502004483 1 4355
502066664 2 4324 502066696 1 4356
502229115 2 4342 502229149 1 4358
502571537 0 1801 502571623 2 4376
507429373 0 1818 507429491 1 4430
509404231 0 1829 509404347 1 4456
510436369 1 4469 510436423 2 4430
510469771 2 4438 510469804 1 4471
510576880 2 4449 510576914 1 4473
510725952 2 4470 510725985 1 4475
510961877 2 4507 510961909 1 4477
514173047 0 1841 514173166 1 4523
518478119 2 4538 518478150 1 4581
518680637 2 4553 518680668 1 4584
518889795 2 4566 518889826 1 4587
518965500 2 4572 518965533 1 4588
518973653 2 4573 518973687 1 4589
519044073 2 4579 519044105 1 4590
519126055 2 4591 519126188 1 4591
519358786 2 4607 519358819 1 4595
519997043 0 1856 519997162 1 4603
526409766 2 4609 526409899 1 4693
526546373 1 4694 526546519 2 4618
527000904 2 4638 527000935 1 4701
527437602 2 4682 527437634 1 4706
534786478 2 4716 534786510 1 4807
535011493 2 4725 535011586 0 1907
535227930 2 4738 535227960 1 4813
535354466 0 1910 535354548 2 4743
535440422 2 4751 535440454 1 4816
535515270 2 4759 535515301 1 4817
535818506 2 4783 535818537 1 4821
535965237 2 4797 535965268 1 4823
537482730 0 1920 537482846 1 4842
540399743 0 1932 540399861 1 4882
543452791 2 4819 543452824 1 4922
543676171 2 4834 543676203 1 4925
543915479 2 4851 543915512 1 4929
544030938 2 4859 544030968 1 4931
544324243 0 1948 544324291 1 4933
551802450 2 4916 551802485 1 5040
551810226 0 1964 551810311 2 4917
551854631 2 4921 551854664 1 5041
551911062 0 1965 551911146 2 4924
551969161 2 4930 551969193 1 5042
552066191 2 4936 552066225 1 5043
552145690 2 4942 552145723 1 5044
552188440 0 1966 552188525 2 4945
552202358 2 4946 552202390 1 5045
552251410 2 4951 552251442 1 5046
552627573 1 5050 552627707 2 4982
560354089 0 1991 560354171 2 5031
560808688 0 1993 560808773 2 5084
560857042 0 1994 560857124 2 5087
569146270 0 2024 569146352 2 5186
617993961 0 2165 617994081 1 5160
618935640 0 2168 618935723 2 5242
620081863 0 2171 620081980 1 5182
626949836 2 5272 626949867 1 5252
627137242 2 5296 627137272 1 5254
627415971 2 5325 627416005 1 5257
635270065 0 2227 635270150 2 5358 635270182 1 5338
635464955 2 5373 635464987 1 5340
635636228 2 5389 635636261 1 5342
640567507 0 2242 640567625 1 5393
643526130 2 5448 643526162 1 5433
643590903 2 5451 643590935 1 5434
644006731 2 5483 644006764 1 5439
644114036 2 5500 644114071 1 5441
651749220 2 5533 651749253 1 5548
651858409 2 5541 651858446 1 5550
651907983 2 5546 651908012 1 5551
652162959 2 5568 652162993 1 5554
652304367 2 5584 652304396 1 5555
652478557 2 5601 652478589 1 5559
652550873 2 5608 652550908 1 5560
652599227 2 5614 652599258 1 5561
652891808 0 2274 652891929 1 5563
654192141 0 2277 654192258 1 5583
655170922 0 2285 655171034 1 5594
659922273 0 2309 659922359 2 5625
660153263 2 5636 660153296 1 5658
660163335 0 2310 660163405 2 5637
660353785 2 5651 660353817 1 5660
660550548 2 5669 660550580 1 5664
660748338 2 5690 660748371 1 5666
660857336 2 5703 660857370 1 5668
661045580 2 5720 661045611 1 5671
668177809 2 5729 668177839 1 5768
668439072 2 5741 668439103 1 5771
668509806 2 5748 668509837 1 5772
668570479 2 5754 668570501 1 5773
668864356 2 5775 668864425 1 5777
676472905 2 5816 676472939 1 5879
676683402 2 5824 676683435 1 5882
676769373 2 5828 676769405 1 5884
677219699 0 2371 677219785 2 5863
677369404 2 5882 677369439 1 5892
677456542 2 5892 677456574 1 5894
677707216 2 5913 677707247 1 5895
679896418 0 2384 679896540 1 5923
683312072 0 2391 683312188 1 5972
684269187 1 5984 684269319 0 2395
684957458 2 5921 684957489 1 5994
685231260 2 5942 685231292 1 5998
685286626 2 5945 685286658 1 5999
685428411 0 2397 685428497 2 5954
685494851 2 5961 685494882 1 6002
689448208 0 2410 689448328 1 6052
693270775 2 6016 693270809 1 6106
693375290 2 6019 693375324 1 6108
693803117 2 6042 693803151 1 6115
693915557 2 6054 693915699 1 6117
699631995 1 6197 699632001 0 2437
701841127 0 2445 701841212 2 6142
701869294 2 6147 701869326 1 6225
701886354 2 6150 701886388 1 6228
701931186 2 6156 701931221 1 6229
702594708 2 6209 702594739 1 6235
703792188 0 2451 703792305 1 6254
710046164 2 6231 710046193 1 6341
710178340 2 6239 710178373 1 6343
710318976 2 6250 710319007 1 6345
710383610 2 6252 710383645 1 6346
710992656 2 6315 710992689 1 6352
716573475 0 2490 716573594 1 6430
718359430 2 6334 718359472 1 6457
718604311 2 6352 718604340 1 6460
718810846 2 6371 718810877 1 6461
718844055 2 6376 718844086 1 6462
718882976 2 6382 718883010 1 6463
718994238 2 6395 718994269 1 6465
719206441 1 6468 719206510 2 6414
719350768 2 6420 719350801 1 6470
725983708 0 2508 725983825 1 6565
726851325 2 6446 726851356 1 6577
726929650 0 2514 726929734 2 6452
727313230 0 2516 727313344 1 6581
727504772 2 6512 727504806 1 6583
733484595 0 2541 733484714 1 6663
735127588 2 6559 735127618 1 6686
735168126 0 2546 735168211 2 6562
735307432 2 6572 735307466 1 6687
735558898 2 6591 735558932 1 6691
735571839 2 6592 735571903 0 2547
735654951 2 6601 735654985 1 6692
735751857 2 6615 735751889 1 6693
735880838 2 6629 735880869 1 6695
735941581 2 6635 735941615 1 6696
738784359 0 2559 738784476 1 6735
743144115 2 6651 743144148 1 6798
743191802 2 6654 743191836 1 6799
743398243 2 6662 743398273 1 6800
743526889 2 6666 743526923 1 6802
743846493 2 6687 743846526 1 6806
743945601 0 2575 743945686 2 6697
743965714 2 6701 743965743 1 6808
744349222 2 6749 744349254 1 6813
745579068 0 2582 745579184 1 6829
746314553 0 2585 746314669 1 6838
809471799 0 2799 809471917 1 6918
810008954 2 6935 810008984 1 6924
810182430 2 6946 810182527 1 6926
810766330 2 7000 810766363 1 6931
814054453 0 2812 814054571 1 6964
818511375 2 7029 818511409 1 7011
819109669 2 7079 819109704 1 7017
826167943 0 2851 826168063 1 7090
826822355 0 2853 826822440 2 7111
826873610 2 7117 826873641 1 7097
826941271 2 7123 826941301 1 7098
827100527 2 7132 827100562 1 7099
827139920 2 7136 827139951 1 7100
827264987 2 7150 827265022 1 7101
827421783 2 7166 827421815 1 7102
827487054 2 7175 827487087 1 7104
829324750 1 7125 829324844 0 2862
831511242 0 2868 831511360 1 7156
831942249 0 2870 831942308 1 7160
835337881 2 7207 835337913 1 7209
835520214 2 7223 835520248 1 7211
835639352 2 7236 835639384 1 7213
835811263 2 7250 835811298 1 7217
835893900 2 7258 835893932 1 7218
835984839 1 7219 835984879 2 7267
836017851 2 7270 836017882 1 7220
843242430 2 7275 843242458 1 7316
843485643 2 7290 843485673 1 7319
843594953 2 7299 843594985 1 7321
843817713 2 7312 843817745 1 7324
843831093 2 7314 843831124 1 7325
843882971 2 7323 843883006 1 7326
843952036 2 7331 843952070 1 7327
844065706 1 7329 844065764 2 7344
844199204 2 7364 844199235 1 7330
844301828 2 7373 844301860 1 7332
844318842 1 7333 844318948 2 7375
844410693 2 7381 844410726 1 7334
848928268 1 7394 848928343 0 2932
852286728 2 7431 852286760 1 7441
857174761 0 2952 857174878 1 7511
860244625 2 7495 860244659 1 7554
860342729 2 7504 860342760 1 7555
860377194 2 7508 860377226 1 7556
860562462 2 7520 860562493 1 7558
860647453 2 7528 860647486 1 7560
868523105 2 7591 868523141 1 7668
868594709 2 7595 868594740 1 7669
868707766 2 7604 868707806 1 7671
868767949 2 7606 868767984 1 7672
869040284 2 7626 869040313 1 7675
869344015 0 2989 869344101 2 7652
873473741 0 3001 873473860 1 7736
876882031 2 7677 876882065 1 7783
877002890 2 7685 877002925 1 7785
877730583 2 7756 877730617 1 7792
881899647 1 7851 881899750 0 3031
883372872 0 3038 883372991 1 7868
885737767 2 7832 885737801 1 7899
885770432 2 7836 885770464 1 7900
893273206 2 7875 893273236 1 8007
893677313 2 7905 893677349 1 8011 893677432 0 3071
893786604 2 7914 893786639 1 8012
893861998 2 7918 893862028 1 8013
894351702 2 7964 894351733 1 8020
896507434 0 3080 896507551 1 8051
898605511 0 3090 898605572 1 8077
902003752 2 7999 902003787 1 8121
902142942 2 8010 902142976 1 8122
902183083 2 8012 902183112 1 8124
902344521 1 8126 902344596 2 8023
902484041 2 8036 902484076 1 8128
902518028 2 8039 902518062 1 8129
902657483 0 3108 902657568 2 8044
907286508 0 3124 907286626 1 8193
909862220 2 8061 909862254 1 8225
910364443 2 8091 910364470 1 8229
910428446 2 8098 910428481 1 8231
910526321 0 3144 910526405 2 8109
910734098 2 8130 910734130 1 8235
910836238 2 8139 910836269 1 8237
910972535 2 8152 910972570 1 8238
919112158 2 8221 919112190 1 8352
919140219 2 8222 919140250 1 8353
919302410 2 8234 919302443 1 8355
919308779 2 8235 919308810 1 8356
926622441 0 3191 926622525 2 8251
926702927 2 8256 926702958 1 8458
926771086 2 8261 926771120 1 8460
927120329 2 8296 927120362 1 8464
927186604 2 8303 927186640 1 8465
927194734 2 8305 927194768 1 8466
927357164 2 8322 927357196 1 8467
927528741 2 8344 927528777 1 8471
935316456 0 3218 935316540 2 8396
952206203 0 3281 952206291 2 8625
994258106 2 8680 994258140 1 8607
995399340 0 3408 995399459 1 8620
1001652413 2 8691 1001652444 1 8684
1001718544 2 8696 1001718577 1 8685
1001912880 2 8707 1001912912 1 8687
1010116419 2 8781 1010116453 1 8772
1010598153 2 8815 1010598189 1 8776
1010693304 0 3458 1010693424 1 8777
1010744816 0 3459 1010744902 2 8829
1010760898 2 8833 1010760972 1 8778
1018253804 2 8859 1018253836 1 8870
1018642400 2 8883 1018642427 1 8875
1018750909 2 8892 1018750941 1 8876
1018968177 2 8910 1018968209 1 8880
1019076746 0 3486 1019076829 2 8922
1019210467 2 8939 1019210498 1 8883
1026354131 2 8957 1026354165 1 8982
1026803503 2 8970 1026803538 1 8986
1026875951 2 8971 1026875984 1 8987
1026981024 2 8979 1026981054 1 8989
1027052234 2 8986 1027052266 1 8990
1027163920 0 3518 1027164004 2 8999
1027388233 2 9025 1027388271 1 8994
1027519608 2 9038 1027519641 1 8996
1027739385 2 9063 1027739418 1 8999
1035061195 2 9075 1035061228 1 9103
1035393855 2 9086 1035393887 1 9108
1035536916 0 3537 1035537000 2 9099
1035634720 2 9104 1035634751 1 9111
1035638311 0 3539 1035638429 1 9112
1035741789 2 9119 1035741821 1 9113
1035835227 0 3540 1035835311 2 9131
1035878644 2 9136 1035878676 1 9114
1043162672 1 9215 1043162722 0 3563
1043458576 2 9168 1043458602 1 9219
1043564978 2 9173 1043565009 1 9221
1043697496 2 9180 1043697527 1 9222
1043788325 2 9184 1043788353 1 9223
1043841398 2 9191 1043841432 1 9224
1044031664 2 9211 1044031693 1 9226
1044090071 2 9218 1044090102 1 9227
1044246806 0 3569 1044246891 2 9238
1044249556 2 9239 1044249588 1 9229
1044336480 2 9247 1044336514 1 9231
1051377185 0 3602 1051377302 1 9323
1051555441 2 9258 1051555474 1 9325
1051681052 2 9260 1051681088 1 9327
1051762755 0 3607 1051762774 2 9266
1052309305 2 9305 1052309339 1 9335
1052352308 2 9313 1052352342 1 9336
1052628216 2 9339 1052628248 1 9338
1060066989 0 3629 1060067070 2 9363 1060067104 1 9444
1060136925 2 9369 1060136957 1 9445
1060502978 2 9399 1060503012 1 9450
1060585317 2 9405 1060585349 1 9451
1060839008 2 9449 1060839040 1 9454
1060914448 2 9460 1060914477 1 9455
1061128933 0 3633 1061128991 2 9482
1068154774 2 9486 1068154808 1 9553
1068374163 2 9490 1068374199 1 9556
1068888401 2 9527 1068888435 1 9562
1068956094 2 9534 1068956127 1 9563
1069048344 2 9539 1069048379 1 9564
1069188259 2 9550 1069188293 1 9566
1069355469 2 9562 1069355503 1 9569
1069389126 0 3666 1069389211 2 9567
1076832669 2 9588 1076832699 1 9675
1076899620 0 3687 1076899707 2 9594
1077105019 2 9615 1077105050 1 9677
1077244978 2 9625 1077245012 1 9679
1077384940 2 9646 1077384976 1 9681
1077635766 2 9678 1077635799 1 9684
1085248737 2 9720 1085248767 1 9791
1085288708 2 9723 1085288847 1 9792
1085455528 2 9735 1085455562 1 9793
1085489174 2 9738 1085489207 1 9795
1085519092 2 9743 1085519124 1 9796
1085565551 2 9747 1085565581 1 9797
1085875432 2 9773 1085875464 1 9801
1085985555 2 9784 1085985589 1 9803
1088433931 0 3719 1088434051 1 9836
1092890461 1 9896 1092890581 0 3741
1093388588 0 3744 1093388679 2 9801
1093678309 2 9820 1093678344 1 9905
1093871871 2 9833 1093871902 1 9907
1093915381 2 9837 1093915416 1 9908
1093970967 2 9847 1093970997 1 9909
1094274192 2 9888 1094274224 1 9913
1094357485 2 9899 1094357519 1 9915
1094368191 0 3748 1094368276 2 9900
1094469544 2 9907 1094469574 1 9916
1101643607 2 9927 1101643640 1 10011
1101947866 2 9948 1101947900 1 10015
1102004662 0 3780 1102004746 2 9952
1102136938 2 9965 1102136972 1 10018
1102455552 2 9997 1102455585 1 10023
1102495522 2 10002 1102495557 1 10024
1102583300 2 10015 1102583332 1 10025
1102635870 2 10021 1102635902 1 10026
1102686549 2 10026 1102686582 1 10027
1102770609 0 3782 1102770728 1 10028
1103400728 0 3783 1103400846 1 10036
1109095507 0 3805 1109095621 1 10114
1109874991 2 10038 1109875025 1 10124
1110315436 2 10061 1110315469 1 10131
1110656968 2 10094 1110656998 1 10136
1110712168 2 10101 1110712201 1 10137
1110754409 2 10105 1110754440 1 10138
1110800392 2 10110 1110800425 1 10139
1110972183 0 3809 1110972268 2 10127
1111042333 0 3810 1111042420 2 10134
1111701704 0 3815 1111701820 1 10150
1116909607 0 3842 1116909724 1 10217
1118420318 2 10151 1118420349 1 10236
1118556380 2 10161 1118556407 1 10238
1118598999 2 10163 1118599032 1 10239
1118711062 2 10170 1118711094 1 10240
1118826014 2 10179 1118826049 1 10241
1118853504 2 10182 1118853536 1 10243
1118991043 0 3850 1118991127 2 10200
1119252223 2 10231 1119252254 1 10247
1119347440 2 10242 1119347470 1 10248
1119355168 0 3852 1119355253 2 10243
1119464590 2 10249 1119464625 1 10250
1127092918 0 3879 1127093003 2 10287
1176637914 0 4073 1176637999 2 10348
1177170224 2 10359 1177170260 1 10286
1185269396 2 10387 1185269429 1 10370
1185560650 2 10410 1185560681 1 10373
1185649583 2 10422 1185649615 1 10374
1193226701 2 10455 1193226735 1 10452
1193418953 2 10461 1193418985 1 10454
1193552763 2 10473 1193552796 1 10455
1193723008 2 10486 1193723042 1 10457
1193762143 0 4135 1193762228 2 10491
1193962423 2 10504 1193962541 0 4136
1195328295 0 4141 1195328413 1 10473
1202086966 2 10567 1202087001 1 10544
1202271221 2 10580 1202271251 1 10546
1202479754 2 10598 1202479834 1 10548
1202512896 0 4167 1202512981 2 10601
1202590701 2 10606 1202590735 1 10549
1202620727 2 10608 1202620759 1 10550
1210108275 1 10634 1210108333 2 10636
1210223162 2 10645 1210223195 1 10636
1210235265 0 4197 1210235349 2 10646
1210245837 2 10647 1210245870 1 10637
1210452974 2 10661 1210453005 1 10640
1210520256 2 10668 1210520287 1 10641
1210958720 2 10711 1210958755 1 10646
1211001785 2 10716 1211001817 1 10647
1211592317 0 4204 1211592434 1 10654
1218460053 2 10733 1218460084 1 10752
1218723782 2 10750 1218723813 1 10758
1218901841 0 4220 1218901924 2 10766
1219352260 2 10807 1219352300 1 10765
1226967762 2 10840 1226967797 1 10872
1227229471 2 10861 1227229502 1 10877
1227300647 0 4243 1227300731 2 10867
1227561559 2 10890 1227561590 1 10880
1227572880 0 4244 1227572964 2 10893
1229441278 0 4246 1229441393 1 10906
1234720134 2 10922 1234720169 1 10979
1234864142 2 10924 1234864176 1 10982
1235167905 2 10933 1235167937 1 10987
1235258242 2 10938 1235258272 1 10988
1235381872 2 10950 1235381904 1 10990
1235444160 2 10957 1235444192 1 10991
1235649886 2 10975 1235649918 1 10992
1235674609 2 10978 1235674647 1 10993
1236022183 2 11009 1236022215 1 10998
1236034904 2 11010 1236034940 1 10999
1236046475 0 4265 1236046560 2 11013
1243268575 2 11025 1243268609 1 11095
1243866782 2 11055 1243866815 1 11104
1243938491 0 4287 1243938580 2 11061
1244248453 2 11108 1244248485 1 11108
1244473510 0 4290 1244473597 2 11128
1251809193 2 11146 1251809225 1 11210
1252070990 2 11166 1252071021 1 11214
1252371649 2 11193 1252371681 1 11218
1252523180 2 11208 1252523216 1 11219
1252543389 0 4314 1252543473 2 11211
1252662289 2 11226 1252662321 1 11221
1252737848 2 11235 1252737881 1 11222
1260013823 2 11249 1260013864 1 11318
1260223803 0 4342 1260223887 2 11259
1260239799 2 11260 1260239834 1 11322
1260294953 2 11266 1260294988 1 11323
1260358005 0 4343 1260358089 2 11270
1260478506 2 11280 1260478538 1 11325
1260580923 0 4344 1260581042 1 11326
1260715666 2 11300 1260715699 1 11328
1261032940 2 11335 1261032966 1 11331
1268395058 2 11355 1268395090 1 11424
1268717122 2 11379 1268717152 1 11428
1268761582 2 11382 1268761613 1 11429
1268854827 2 11389 1268854859 1 11430
1268899190 2 11391 1268899224 1 11431
1268999777 2 11397 1268999809 1 11433
1269063338 2 11400 1269063369 1 11434
1269189852 2 11414 1269189885 1 11435
1269237947 2 11417 1269237978 1 11437
1270518740 0 4380 1270518860 1 11456
1276432574 2 11434 1276432607 1 11533
1277101607 2 11467 1277101640 1 11544
1277261889 2 11482 1277261924 1 11546
1277401142 2 11493 1277401171 1 11548
1277727883 0 4407 1277727967 2 11523
1277738687 2 11525 1277738718 1 11550
1285123365 2 11545 1285123398 1 11649
1285204211 2 11551 1285204244 1 11650
1285269954 2 11553 1285269985 1 11651
1285561548 2 11575 1285561581 1 11656
1285924226 2 11614 1285924257 1 11660
1286052047 2 11625 1286052083 1 11662
1293063457 2 11631 1293063491 1 11753
1293474851 2 11644 1293474888 1 11760
1293524578 2 11647 1293524614 1 11761
1293887482 2 11669 1293887515 1 11766
1293927223 0 4462 1293927271 2 11673 1293927341 1 11767
1294037168 2 11684 1294037200 1 11768
1294087785 0 4463 1294087921 1 11769
1294152973 0 4464 1294153058 2 11703
1294249103 2 11715 1294249135 1 11771
1298574192 0 4478 1298574312 1 11829
1301844592 0 4485 1301844678 2 11748
1301847316 2 11749 1301847350 1 11873
1302043738 2 11763 1302043770 1 11876
1302063615 0 4486 1302063699 2 11765
1302269237 2 11780 1302269272 1 11879
1302351556 2 11794 1302351592 1 11880
1302496444 2 11811 1302496477 1 11883
1302668403 0 4488 1302668487 2 11825
1310726181 0 4517 1310726266 2 11891
1310925512 0 4519 1310925596 2 11909
1319168195 0 4542 1319168279 2 11998
1326746996 0 4577 1326747083 2 12035
1368119070 2 12050 1368119104 1 12000
1368604034 2 12069 1368604064 1 12006
1368953592 2 12083 1368953625 1 12010
1376866674 0 4769 1376866757 2 12105
1376888873 2 12107 1376888907 1 12092
1377089362 2 12126 1377089394 1 12094
1377475200 2 12168 1377475233 1 12097
1382837375 0 4788 1382837495 1 12153
1385059932 2 12177 1385060061 1 12176
1385554980 0 4798 1385555065 2 12216
1385692307 2 12233 1385692338 1 12182
1385812520 0 4801 1385812605 2 12241
1385876266 2 12248 1385876298 1 12183
1385904942 2 12251 1385904976 1 12184
1392434298 0 4826 1392434415 1 12252
1393528766 0 4830 1393528852 2 12281 1393528885 1 12263
1393746918 2 12298 1393746948 1 12265
1393941075 2 12315 1393941110 1 12267
1394101493 2 12333 1394101524 1 12269
1400982627 0 4857 1400982744 1 12348
1401950077 2 12366 1401950111 1 12361
1402016390 2 12374 1402016420 1 12362
1402100646 2 12380 1402100680 1 12363
1402211641 2 12389 1402211672 1 12365
1402309665 2 12396 1402309698 1 12366
1402452262 2 12411 1402452358 1 12369
1402535783 2 12421 1402535863 1 12370
1402603582 2 12431 1402603617 1 12371
1402787715 2 12442 1402787745 1 12374
1404369148 0 4868 1404369263 1 12395
1410023927 2 12455 1410023961 1 12473
1410033655 2 12456 1410033676 1 12474
1410050206 2 12457 1410050241 1 12475
1410274162 2 12467 1410274196 1 12479
1410407366 2 12481 1410407399 1 12481
1410511808 2 12492 1410511837 1 12482
1410589207 0 4881 1410589289 2 12502
1410906153 2 12536 1410906187 1 12489
1410968986 2 12547 1410969019 1 12490
1411070438 2 12560 1411070471 1 12491
1411133833 2 12565 1411133864 1 12492
1418184270 2 12570 1418184346 1 12591
1418337623 2 12576 1418337656 1 12593
1418883099 0 4901 1418883185 2 12616
1418914423 2 12617 1418914454 1 12602
1419093370 2 12630 1419093404 1 12605
1419208547 2 12637 1419208580 1 12607
1419339083 2 12645 1419339117 1 12609
1421151152 0 4909 1421151271 1 12632
1424021268 0 4917 1424021386 1 12674
1427023443 2 12686 1427023474 1 12711
1427648520 2 12749 1427648552 1 12721
1427727914 2 12758 1427727948 1 12722
1435361862 2 12784 1435361896 1 12830
1435720701 2 12817 1435720735 1 12834
1435828520 1 12836 1435828573 2 12827
1435939826 2 12839 1435939857 1 12837
1444022504 2 12922 1444022535 1 12949
1444203614 2 12944 1444203649 1 12951
1444246879 2 12951 1444246913 1 12953
1444343102 2 12963 1444343135 1 12954
1444508139 0 4978 1444508225 2 12980
1445122560 0 4980 1445122679 1 12967
1452195428 2 13024 1452195459 1 13064
1452280567 2 13035 1452280611 0 5002
1460057297 2 13094 1460057332 1 13173
1460477328 2 13129 1460477358 1 13178
1460609742 0 5027 1460609829 2 13141
1460913208 2 13176 1460913240 1 13185
1461003957 1 13187 1461004056 2 13188
1461049232 2 13193 1461049267 1 13188
1468761622 2 13244 1468761656 1 13294
1468998459 0 5044 1468998542 2 13264
1469348989 2 13294 1469349021 1 13302
1469364586 0 5048 1469364676 2 13295
1472979617 0 5057 1472979735 1 13352
1476556054 0 5071 1476556169 1 13400
1476912480 2 13323 1476912510 1 13404
1476958727 2 13326 1476958760 1 13405
1477021804 2 13330 1477021836 1 13406
1477464840 2 13374 1477464873 1 13412
1477610115 2 13393 1477610151 1 13415
1477618049 2 13395 1477618081 1 13416
1485322871 2 13439 1485322902 1 13519
1485496026 2 13450 1485496063 1 13522
1485556192 2 13458 1485556227 1 13523
1485712248 2 13480 1485712278 1 13525
1485827006 0 5099 1485827090 2 13496
1485926352 2 13503 1485926387 1 13528
1485994913 0 5101 1485994996 2 13508
1493089380 1 13623 1493089474 2 13516
1493475986 0 5127 1493476070 2 13531
1493521350 2 13536 1493521381 1 13628
1493650906 2 13547 1493650938 1 13629
1493791322 2 13558 1493791353 1 13631
1493810518 2 13560 1493810550 1 13632
1493887995 2 13561 1493888028 1 13633
1494009189 0 5128 1494009273 2 13574
1494101932 2 13580 1494101964 1 13635
1494171825 2 13591 1494171857 1 13637
1502683461 0 5161 1502683545 2 13704
1502753693 0 5162 1502753779 2 13710
1559601745 0 5349 1559601861 1 13744
1559852251 2 13762 1559852285 1 13747
1560384159 2 13785 1560384193 1 13752
1560419657 2 13787 1560419692 1 13753
1560569482 2 13801 1560569513 1 13755
1560766521 0 5355 1560766641 1 13756
1568682486 2 13851 1568682518 1 13837
1569035958 2 13875 1569035993 1 13840
1569224584 2 13888 1569224614 1 13842
1569298538 2 13901 1569298568 1 13843
1573054307 0 5389 1573054426 1 13882
1576274836 0 5406 1576274954 1 13915
1576686252 2 13922 1576686260 1 13919
1576796541 2 13927 1576796574 1 13921
1577350352 2 13978 1577350383 1 13926
1584843944 2 14007 1584843978 1 14019
1585037377 2 14016 1585037412 1 14021
1585213746 2 14027 1585213781 1 14022
1585645447 2 14060 1585645482 1 14028
1585815158 2 14081 1585815192 1 14031
1585868629 0 5442 1585868718 2 14087
1585921723 2 14093 1585921806 0 5443
1585929527 2 14094 1585929561 1 14032
1593372450 2 14118 1593372485 1 14136
1593440276 2 14121 1593440307 1 14137
1593527647 0 5464 1593527752 2 14127 1593527765 1 14138
1593757038 2 14142 1593757073 1 14141
1593772075 0 5465 1593772157 2 14144
1593826063 0 5466 1593826146 2 14149 1593826181 1 14143
1594079436 2 14178 1594079467 1 14145
1594111489 2 14183 1594111519 1 14146
1594459520 2 14217 1594459555 1 14151
1594474570 2 14219 1594474602 1 14152
1601752795 2 14237 1601752829 1 14254
1601910194 2 14249 1601910223 1 14256
1602249006 2 14272 1602249038 1 14259
1602329426 2 14280 1602329462 1 14260
1602399853 2 14284 1602399885 1 14261
1602783307 2 14322 1602783341 1 14266
1602810780 0 5492 1602810865 2 14324
1610560037 2 14371 1610560066 1 14378
1610609290 2 14376 1610609324 1 14379
1610819170 2 14406 1610819204 1 14382
1611017489 2 14421 1611017520 1 14384
1611748149 0 5515 1611748267 1 14395
1618693965 2 14458 1618693999 1 14494
1618860123 2 14471 1618860154 1 14496
1619096538 2 14495 1619096568 1 14500
1619355786 2 14524 1619355819 1 14502
1619412217 2 14528 1619412251 1 14503
1626836527 2 14546 1626836558 1 14603
1627110235 2 14570 1627110270 1 14607
1627344217 2 14590 1627344249 1 14609
1627347446 2 14591 1627347480 1 14610
1627641577 2 14625 1627641609 1 14614
1627769270 2 14633 1627769298 1 14615
1628249358 0 5569 1628249475 1 14623
1635001433 2 14648 1635001475 1 14716
1635246592 2 14666 1635246623 1 14719
1635360329 2 14674 1635360360 1 14721
1635390721 2 14677 1635390753 1 14722
1635463705 2 14681 1635463736 1 14723
1635766488 2 14716 1635766522 1 14725
1635829848 2 14725 1635829881 1 14727
1636057296 2 14747 1636057327 1 14730
1639488051 1 14777 1639488055 0 5606
1643323714 2 14762 1643323744 1 14831
1643513850 2 14773 1643513880 1 14834
1643560631 2 14776 1643560665 1 14835
1643789950 2 14784 1643789982 1 14837
1643968613 2 14804 1643968644 1 14840
1644049274 2 14810 1644049310 1 14841
1644136773 2 14817 1644136809 1 14842
1644187838 2 14823 1644187870 1 14843
1644254549 0 5622 1644254633 2 14836
1644393433 0 5623 1644393517 2 14850
1644436994 2 14856 1644437030 1 14847
1652072239 2 14889 1652072289 1 14944
1652396436 2 14911 1652396465 1 14949
1652443257 2 14916 1652443291 1 14950
1652558316 2 14929 1652558348 1 14952
1652643161 2 14937 1652643196 1 14953
1652793441 2 14948 1652793473 1 14955
1652835917 2 14951 1652835948 1 14956
1659629448 2 14954 1659629482 1 15053
1659800058 2 14955 1659800092 1 15055
1660114401 2 14966 1660114447 1 15058
1660288694 2 14977 1660288728 1 15061
1660333294 2 14980 1660333328 1 15062
1660451480 2 14990 1660451512 1 15063
1660540566 2 15002 1660540600 1 15065
1660591725 0 5684 1660591810 2 15009
1660602599 2 15011 1660602631 1 15066
1660754355 2 15023 1660754390 1 15068
1660817063 0 5686 1660817147 2 15034
1660824056 2 15035 1660824096 1 15069
1660914843 2 15044 1660914934 1 15070
1660957112 0 5688 1660957197 2 15047
1661072599 2 15063 1661072631 1 15072
1661447500 0 5690 1661447617 1 15076
1663463979 0 5696 1663464098 1 15103
1664073555 0 5700 1664073674 1 15112
1666545786 0 5706 1666545904 1 15146
1668714159 0 5716 1668714245 2 15094
1668864043 2 15105 1668864071 1 15177
1668947829 2 15112 1668947860 1 15178
1669016167 2 15118 1669016202 1 15179
1669306746 2 15151 1669306779 1 15184
1669375746 0 5719 1669375831 2 15162
1676870628 2 15191 1676870659 1 15284
1676946494 0 5751 1676946579 2 15197
1677098384 2 15212 1677098417 1 15287
1677248566 2 15224 1677248600 1 15289
1677380132 2 15241 1677380167 1 15291
1677570161 2 15255 1677570197 1 15294
1677596210 0 5754 1677596295 2 15260
1683581738 0 5773 1683581856 1 15375
1685060926 2 15298 1685060957 1 15393
1685721836 0 5781 1685721927 2 15336
1693538556 2 15405 1693538583 0 5813
1743715167 2 15486 1743715202 1 15413
1744703538 0 5981 1744703656 1 15423
1751940530 2 15509 1751940563 1 15498
1752295820 2 15542 1752295852 1 15501
1752518584 2 15569 1752518617 1 15503
1754286413 0 6010 1754286531 1 15521
1760054398 2 15590 1760054431 1 15582
1760058362 2 15591 1760058363 0 6026
1760436059 0 6028 1760436146 2 15615
1760443357 2 15616 1760443390 1 15585
1760572792 2 15629 1760572825 1 15586
1760805773 0 6029 1760805888 1 15589
1760926338 0 6030 1760926422 2 15663
1766208272 0 6047 1766208390 1 15645
1769124296 0 6057 1769124381 2 15733
1773706751 0 6075 1773706869 1 15735
1776938182 0 6089 1776938268 2 15775
1777137016 2 15788 1777137048 1 15780
1777282042 2 15801 1777282077 1 15782
1777436320 2 15819 1777436354 1 15785
1777474618 2 15823 1777474649 1 15786
1782142781 0 6100 1782142897 1 15852
1782825771 0 6103 1782825889 1 15862
1785430616 1 15895 1785430743 2 15892
1785500526 2 15900 1785500558 1 15896
1785723460 2 15914 1785723496 1 15899
1785744532 2 15917 1785744566 1 15900
1785967202 2 15941 1785967237 1 15904
1786026071 2 15950 1786026104 1 15905
1787048548 0 6118 1787048666 1 15919
1791485164 0 6138 1791485285 1 15976
1791754816 0 6140 1791754934 1 15981
1793719241 0 6146 1793719324 2 15989
1793838973 2 16000 1793839007 1 16010
1793985976 2 16014 1793986011 1 16012
1794211210 2 16046 1794211242 1 16016
1794388330 2 16064 1794388360 1 16019
1794500737 2 16072 1794500768 1 16020
1801914550 2 16088 1801914583 1 16122
1802065412 0 6171 1802065496 2 16097
1802222087 2 16105 1802222122 1 16127
1802822204 2 16177 1802822238 1 16135
1802916090 2 16182 1802916124 1 16136
1810304796 2 16201 1810304828 1 16238
1810532410 2 16218 1810532446 1 16241
1813902636 0 6213 1813902754 1 16288
1818360445 0 6227 1818360563 1 16349
1818746698 2 16305 1818746728 1 16355
1819106073 2 16331 1819106093 1 16359
1819174476 2 16341 1819174507 1 16360
1822472308 0 6235 1822472424 1 16408
1827134411 2 16403 1827134442 1 16476
1827317026 2 16418 1827317057 1 16479
1827582629 2 16448 1827582660 1 16483
1827795540 2 16473 1827795564 1 16486
1827819131 2 16474 1827819166 1 16487
1831210839 0 6256 1831210958 1 16533
1831577062 0 6258 1831577181 1 16539
1834926674 0 6267 1834926792 1 16585
1835357665 2 16502 1835357695 1 16590
1835572111 2 16515 1835572143 1 16593
1835578564 2 16517 1835578596 1 16594
1835859490 0 6269 1835859572 2 16536
1835896185 2 16542 1835896216 1 16599
1835917312 0 6270 1835917397 2 16545
1843610218 0 6292 1843610299 2 16587
1843919344 2 16611 1843919376 1 16708
1844006205 0 6294 1844006290 2 16619
1844179666 2 16641 1844179702 1 16712
1844328778 0 6295 1844328862 2 16655
1844385821 2 16660 1844385855 1 16715
1850706356 0 6318 1850706475 1 16798
1851413716 2 16671 1851413748 1 16810
1851597981 2 16673 1851598014 1 16812
1851785663 2 16678 1851785697 1 16814
1852075098 2 16698 1852075129 1 16818
1852196418 2 16708 1852196453 1 16821
1852317433 1 16823 1852317554 2 16720
1852455019 2 16732 1852455056 1 16824
1852661436 2 16751 1852661471 1 16828
1852902534 2 16766 1852902569 1 16831
1860114418 2 16781 1860114452 1 16930
1860263939 2 16789 1860263973 1 16932
1860359831 2 16798 1860359863 1 16934
1860419243 2 16801 1860419274 1 16935
1860577962 2 16818 1860577995 1 16938
1860728397 2 16834 1860728428 1 16940
1860806238 2 16845 1860806267 1 16941
1860948246 2 16866 1860948278 1 16943
1864943475 0 6364 1864943489 1 16995
1868178485 0 6370 1868178604 1 17043
1868468997 2 16907 1868469027 1 17046
1868960953 2 16943 1868960983 1 17052
1869080374 2 16958 1869080489 1 17054
1869261786 2 16972 1869261817 1 17056
1885642234 0 6436 1885642321 2 17167
1934422764 0 6598 1934422883 1 17185
1935417179 2 17221 1935417213 1 17195
1935686033 2 17244 1935686066 1 17198
1935859858 0 6603 1935859944 2 17262
1935946601 2 17269 1935946632 1 17201
1936171729 2 17276 1936171764 1 17203
1943552879 2 17292 1943552911 1 17277
1943750301 2 17308 1943750332 1 17278
1943844660 2 17316 1943844694 1 17279
1943986618 2 17326 1943986652 1 17280
1944120273 2 17339 1944120309 1 17282
1945574809 0 6635 1945574927 1 17297
1952130152 2 17396 1952130187 1 17364
1952163022 2 17397 1952163055 1 17365
1952428021 0 6657 1952428103 2 17416
1952539394 0 6660 1952539479 2 17429
1960408092 2 17472 1960408124 1 17467
1960460120 2 17477 1960460154 1 17468
1960647339 2 17493 1960647372 1 17469
1960758866 2 17505 1960758900 1 17471
1960903403 2 17520 1960903437 1 17473
1968533714 2 17566 1968533745 1 17576
1968613683 2 17573 1968613717 1 17577
1968653822 0 6722 1968653907 2 17577
1968871699 2 17592 1968871734 1 17581
1969008531 2 17607 1969008566 1 17583
1969095569 2 17615 1969095604 1 17585
1969293448 2 17636 1969293478 1 17588
1969520305 2 17654 1969520339 1 17590
1969560917 2 17656 1969560950 1 17591
1969658372 0 6725 1969658487 1 17593
1971418580 0 6732 1971418696 1 17615
1973161876 0 6740 1973161995 1 17638
1976486412 2 17657 1976486445 1 17681
1977074832 2 17688 1977074864 1 17686
1977283948 2 17710 1977283982 1 17689
1977378334 2 17718 1977378367 1 17691
1977631822 2 17743 1977631853 1 17695
1977764971 2 17758 1977765003 1 17697
1977812841 2 17761 1977812876 1 17698
1977846658 2 17766 1977846776 0 6751
1984877298 0 6774 1984877419 1 17796
1985337511 0 6775 1985337596 2 17788
1985350234 2 17790 1985350267 1 17800
1986076292 2 17859 1986076325 1 17810
1986092331 2 17862 1986092362 1 17811
1993133851 2 17874 1993133885 1 17904
1993630112 2 17899 1993630145 1 17909
1993757071 2 17908 1993757101 1 17910
1993814798 2 17915 1993814829 1 17911
1993829030 0 6810 1993829114 2 17917
1994037797 2 17935 1994037831 1 17914
1994099415 2 17937 1994099450 1 17915
1994135119 2 17940 1994135155 1 17916
1994251196 2 17959 1994251229 1 17918
1994463785 2 17982 1994463818 1 17921
1994518433 2 17986 1994518466 1 17922
2002355377 2 18044 2002355411 1 18028
2002359488 2 18045 2002359524 1 18029
2002490182 2 18059 2002490215 1 18031
2002594179 2 18071 2002594214 1 18033
2002716587 2 18084 2002716619 1 18034
2002725952 2 18085 2002725983 1 18035
2006175244 0 6839 2006175361 1 18083
2010385755 0 6851 2010385842 2 18123
2010442966 2 18127 2010442997 1 18138
2010667985 2 18148 2010668064 1 18140
2010705990 2 18155 2010706022 1 18141
2010833238 2 18168 2010833269 1 18144
2010934081 2 18180 2010934116 1 18145
2011044416 2 18189 2011044445 1 18146
2011184798 2 18197 2011184832 1 18148
2011235836 2 18200 2011235868 1 18150
2014160449 0 6864 2014160569 1 18190
2017271573 0 6877 2017271693 1 18231
2018863346 2 18242 2018863378 1 18250
2018915978 2 18247 2018916008 1 18251
2018987432 2 18249 2018987461 1 18252
2019044089 2 18256 2019044117 1 18253
2019088481 2 18261 2019088516 1 18254
2019392501 2 18291 2019392535 1 18258
2026797849 2 18311 2026797877 1 18358
2027000829 2 18323 2027000975 1 18362
2027319377 2 18346 2027319408 1 18364
2027424565 2 18359 2027424597 1 18366
2027477188 2 18367 2027477221 1 18367
2027527716 2 18373 2027527748 1 18368
2027653323 2 18393 2027653358 1 18370
2027740891 2 18408 2027740923 1 18371
2027780383 0 6905 2027780465 2 18413
2030035181 0 6910 2030035299 1 18405
2034859598 0 6922 2034859688 2 18431
2035383181 2 18458 2035383209 1 18478
2035617593 2 18474 2035617630 1 18481
2035783883 0 6925 2035783968 2 18493
2035876651 2 18502 2035876683 1 18485
2041137711 0 6938 2041137829 1 18558
2043104142 2 18529 2043104175 1 18583
2043319118 2 18533 2043319151 1 18586
2043573415 2 18545 2043573430 1 18590
2043919685 2 18574 2043919720 1 18594
2044349548 2 18618 2044349582 1 18600
2044396935 2 18624 2044396969 1 18601
2044577561 2 18636 2044577592 1 18604
2049553009 0 6971 2049553129 1 18668
2052033224 0 6978 2052033309 2 18657
2052140630 2 18665 2052140668 1 18704
2052217672 2 18671 2052217706 1 18705
2052229700 0 6979 2052229787 2 18674
2052351408 1 18707 2052351422 2 18681
2052518557 2 18701 2052518590 1 18709
2052695053 2 18718 2052695084 1 18712
2052887278 2 18727 2052887308 1 18715
2059988735 1 18813 2059988865 2 18735
2060001504 0 7002 2060001557 2 18736
2060471764 2 18759 2060471798 1 18819
2061019634 0 7005 2061019718 2 18823
2061089271 0 7006 2061089355 2 18832
2118590359 2 18901 2118590389 1 18856
2119489095 2 18939 2119489128 1 18866
2126942437 2 18957 2126942469 1 18941
2127028846 2 18966 2127028877 1 18942
2127194498 2 18982 2127194568 1 18944
2127306584 2 18995 2127306615 1 18945
2127765186 2 19023 2127765219 1 18950
2129302133 0 7242 2129302248 1 18966
2135210116 1 19026 2135210134 2 19040
2135444972 0 7265 2135445057 2 19051
2135501250 2 19054 2135501281 1 19029
2135632626 2 19070 2135632659 1 19031
2136095994 0 7266 2136096111 1 19036
2143572018 2 19125 2143572052 1 19108
2143595162 2 19127 2143595195 1 19109
2144026993 2 19155 2144027025 1 19113
2144042698 2 19158 2144042733 1 19114
2152187868 2 19226 2152187898 1 19221
2152246146 2 19230 2152246178 1 19222
2152324731 0 7322 2152324815 2 19237
2152386093 2 19242 2152386124 1 19224
2152437384 2 19250 2152437501 0 7323
2159830508 2 19305 2159830542 1 19327
2160438514 2 19324 2160438546 1 19332
2160444457 2 19325 2160444489 1 19333
2160762134 2 19345 2160762166 1 19337
2160879753 2 19364 2160879783 1 19339
2160952481 2 19378 2160952513 1 19340
2161064628 2 19390 2161064661 1 19342
2161100772 0 7354 2161100857 2 19395
2167331977 0 7374 2167332096 1 19425
2168613145 2 19427 2168613178 1 19444
2168979312 1 19449 2168979375 2 19453
2169183952 2 19480 2169183982 1 19452
2169210385 2 19484 2169210418 1 19453
2170839147 0 7384 2170839266 1 19473
2177309347 2 19562 2177309378 1 19553
2177427351 2 19571 2177427382 1 19555
2177602314 0 7411 2177602398 2 19586
2177841085 2 19613 2177841118 1 19560
2185733306 2 19679 2185733336 1 19660
2185860305 2 19696 2185860337 1 19661
2185867290 2 19697 2185867324 1 19662
2185949637 0 7452 2185949738 2 19705
2186139883 2 19721 2186139915 1 19666
2191634301 0 7474 2191634419 1 19740
2193682575 2 19753 2193682609 1 19765
2193870507 2 19764 2193870540 1 19768
2193942280 2 19775 2193942316 1 19769
2193987789 2 19778 2193987824 1 19770
2194098541 1 19771 2194098606 2 19786
2194312781 2 19812 2194312814 1 19775
2194555126 2 19837 2194555160 1 19779
2195888723 0 7486 2195888841 1 19798
2196096419 0 7487 2196096538 1 19800
2197339860 0 7490 2197339981 1 19818
2202011560 2 19860 2202011592 1 19879
2202042342 2 19861 2202042373 1 19880
2202234798 2 19878 2202234829 1 19884
2202592362 2 19908 2202592394 1 19889
2202706548 2 19915 2202706580 1 19891
2202752519 2 19923 2202752552 1 19892
2202777354 0 7511 2202777436 2 19926
2202945570 2 19933 2202945604 1 19894
2206122272 0 7529 2206122390 1 19935
2209992869 2 19940 2209992903 1 19986
2210101248 2 19945 2210101282 1 19987
2210388798 2 19961 2210388865 1 19992
2210497512 0 7546 2210497597 2 19968 2210497629 1 19994
2210826247 2 19995 2210826271 1 19998
2211253646 2 20034 2211253681 1 20005
2211302431 1 20006 2211302467 2 20036
2214527976 0 7551 2214528093 1 20054
2218235962 2 20038 2218235996 1 20106
2218568968 2 20049 2218568998 1 20109
2218577174 2 20050 2218577204 1 20110
2218779367 2 20069 2218779397 1 20114
2218872615 2 20076 2218872647 1 20115
2218958047 2 20081 2218958077 1 20116
2218981474 2 20083 2218981507 1 20117
2219074761 2 20093 2219074797 1 20118
2219298907 2 20114 2219298939 1 20121
2219389677 2 20122 2219389712 1 20122
2219411308 0 7566 2219411392 2 20125
2226324893 0 7586 2226325012 1 20216
2227180935 0 7591 2227181018 2 20166
2227413298 0 7593 2227413382 2 20187
2227624297 2 20217 2227624333 1 20233
2227869726 2 20259 2227869757 1 20235
2232860483 1 20304 2232860588 0 7612
2234428854 0 7617 2234428971 1 20325
2234862084 2 20271 2234862119 1 20332
2235175120 2 20279 2235175154 1 20336
2235315680 2 20285 2235315711 1 20339
2235373178 2 20288 2235373208 1 20340
2235485670 0 7622 2235485754 2 20294
2235617944 2 20303 2235617976 1 20343
2235713105 2 20309 2235713141 1 20344
2235999979 2 20337 2236000012 1 20346
2236052667 2 20341 2236052698 1 20347
2236122406 2 20347 2236122441 1 20348
2243305193 2 20360 2243305228 1 20442
2243444394 2 20364 2243444425 1 20444
2243745937 2 20380 2243745969 1 20447
2243748151 2 20381 2243748181 1 20448
2243926310 2 20398 2243926344 1 20450
2243975735 2 20403 2243975766 1 20451
2244242446 0 7665 2244242534 2 20439
2244325464 2 20444 2244325497 1 20453
2244370039 2 20447 2244370071 1 20455
2244442735 2 20454 2244442769 1 20456
2244541751 2 20464 2244541784 1 20457
2260410408 0 7712 2260410493 2 20592
2309093085 0 7876 2309093201 1 20581
2310088359 0 7881 2310088475 1 20591
2310552383 2 20641 2310552416 1 20596
2310625252 2 20647 2310625284 1 20597
2310732876 2 20655 2310732910 1 20598
2310821865 2 20668 2310821898 1 20599
2311966690 0 7886 2311966728 1 20610
2318336721 0 7906 2318336811 1 20676
2318543489 2 20682 2318543523 1 20678
2318903728 0 7913 2318903757 1 20682
2319052437 2 20718 2319052471 1 20683
2319173476 2 20727 2319173602 1 20684
2319355733 2 20746 2319355765 1 20685
2319493741 2 20757 2319493774 1 20688
2326819357 2 20768 2326819403 1 20764
2326907076 2 20775 2326907109 1 20765
2327203153 2 20800 2327203189 1 20767
2327401697 2 20819 2327401731 1 20769
2327665210 2 20840 2327665244 1 20772
2331046107 1 20808 2331046178 0 7948
2335343494 2 20868 2335343527 1 20867
2335454574 2 20876 2335454604 1 20869
2335585583 2 20881 2335585617 1 20871
2335688290 2 20891 2335688324 1 20872
2335814881 2 20903 2335814916 1 20874
2335895053 2 20917 2335895086 1 20875
2336072917 2 20934 2336072954 1 20877
2336098726 2 20938 2336098757 1 20878
2343839391 2 20982 2343839424 1 20980
2343941429 2 20990 2343941461 1 20982
2344068601 2 21001 2344068633 1 20983
2344333996 2 21020 2344334030 1 20987
2344420207 2 21030 2344420242 1 20989
2350065150 0 8026 2350065269 1 21063
2352116519 2 21073 2352116553 1 21093
2352149745 2 21077 2352149780 1 21094
2352300420 0 8030 2352300506 2 21091
2352486330 2 21106 2352486363 1 21099
2352630282 2 21119 2352630316 1 21101
2354986849 0 8043 2354986968 1 21131
2360247691 2 21158 2360247725 1 21201
2360494892 2 21174 2360494923 1 21205
2360644336 2 21183 2360644369 1 21207
2360750643 2 21195 2360750676 1 21209
2360879555 0 8066 2360879641 2 21211
2360898957 2 21213 2360898992 1 21210
2360952086 1 21212 2360952156 2 21219
2361201513 0 8068 2361201597 2 21255
2361212257 2 21256 2361212287 1 21215
2362569843 0 8073 2362569959 1 21234
2363523276 0 8077 2363523399 1 21246
2368438174 2 21268 2368438209 1 21314
2368696821 2 21278 2368696854 1 21317
2368724044 2 21279 2368724074 1 21318
2368770180 2 21283 2368770215 1 21319
2368825254 2 21285 2368825286 1 21320
2368960019 2 21295 2368960047 1 21322
2369152033 0 8095 2369152117 2 21310
2369164030 1 21324 2369164173 2 21312
2369570723 2 21354 2369570757 1 21329
2375045100 0 8112 2375045218 1 21407
2376688349 2 21364 2376688383 1 21427
2376872867 2 21370 2376872904 1 21430
2377220992 2 21390 2377221023 1 21435
2377276263 2 21397 2377276294 1 21436
2377334898 2 21404 2377334929 1 21437
2377414952 2 21411 2377414984 1 21438
2377574904 2 21426 2377574937 1 21441
2377793958 2 21452 2377793993 1 21442
2377834671 2 21455 2377834706 1 21443
2383864732 0 8138 2383864850 1 21529
2385261648 2 21480 2385261683 1 21548
2385353448 2 21487 2385353482 1 21549
2385452609 2 21494 2385452642 1 21550
2385461820 2 21495 2385461852 1 21551
2385558375 0 8143 2385558460 2 21503
2385835130 2 21522 2385835162 1 21555
2385961843 2 21542 2385961877 1 21556
2385996548 2 21546 2385996582 1 21557
2386095497 2 21554 2386095528 1 21558
2386104884 2 21556 2386104915 1 21559
2386246160 2 21569 2386246191 1 21561
2386292097 2 21571 2386292130 1 21562
2393923134 2 21604 2393923166 1 21669
2394074497 2 21617 2394074529 1 21671
2394237977 2 21640 2394238011 1 21673
2394379874 2 21658 2394379905 1 21676
2394534031 0 8168 2394534116 2 21673
2401831710 2 21693 2401831743 1 21779
2402204557 2 21714 2402204589 1 21782
2402312064 2 21723 2402312096 1 21783
2402477636 2 21740 2402477672 1 21785
2402503248 2 21745 2402503284 1 21786
2402580861 2 21753 2402580895 1 21787
2402631379 2 21759 2402631415 1 21788
2402640591 0 8194 2402640677 2 21760
2402798356 2 21777 2402798391 1 21790
2405150349 0 8200 2405150467 1 21825
2407082532 0 8210 2407082653 1 21849
2410636864 2 21829 2410636899 1 21896
2411000138 2 21864 2411000200 1 21902
2411145595 2 21889 2411145627 1 21905
2418452333 2 21918 2418452368 1 22006
2418507086 2 21920 2418507119 1 22007
2418736985 2 21936 2418737019 1 22011
2418893663 2 21947 2418893698 1 22013
2419018235 2 21956 2419018271 1 22015
2419316727 2 21985 2419316758 1 22020
2419439929 2 21995 2419439960 1 22022
2419579317 2 22003 2419579347 1 22024
2421248911 0 8254 2421249027 1 22047
2423992574 0 8264 2423992692 1 22083
2427165104 2 22031 2427165137 1 22128
2427436773 2 22054 2427436808 1 22132
2427568119 2 22066 2427568151 1 22134
2427956996 2 22114 2427957032 1 22140
2427999904 2 22115 2427999937 1 22141
2434164420 0 8305 2434164538 1 22220
2435220574 2 22127 2435220607 1 22232
2435446958 2 22143 2435446990 1 22235
2435526360 0 8309 2435526445 2 22150
2435548795 2 22152 2435548831 1 22237
2435597829 2 22157 2435597866 1 22238
2493853706 2 22343 2493853739 1 22270
2501885324 0 8564 2501885408 2 22362
2501952382 2 22365 2501952412 1 22355
2502489159 0 8568 2502489242 2 22402
2506563559 0 8585 2506563674 1 22402
2509093781 0 8595 2509093898 1 22428
2510902834 2 22498 2510902897 0 8603
2518459404 2 22529 2518459438 1 22525
2518643964 2 22536 2518643995 1 22527
2518660090 0 8631 2518660175 2 22537
2519077779 2 22569 2519077812 1 22531
2519343837 2 22595 2519343870 1 22534
2526008247 0 8651 2526008363 1 22612
2526936319 0 8656 2526936406 2 22623
2527016394 2 22629 2527016424 1 22625
2527102383 2 22638 2527102415 1 22626
2527173530 2 22644 2527173561 1 22627
2527279535 2 22651 2527279568 1 22628
2527367395 2 22658 2527367427 1 22629
2527538636 2 22674 2527538666 1 22631
2527727236 2 22693 2527727269 1 22634
2527863654 2 22706 2527863687 1 22636
2527951782 0 8662 2527951902 1 22637
2530666643 0 8670 2530666759 1 22675
2535383694 2 22722 2535383725 1 22742
2535506298 2 22731 2535506330 1 22744
2535559846 2 22736 2535559877 1 22745
2535634728 2 22744 2535634762 1 22746
2535673535 2 22746 2535673565 1 22747
2535823922 2 22763 2535823954 1 22749
2535953070 0 8681 2535953156 2 22775
2536189932 2 22801 2536189967 1 22754
2543698756 1 22861 2543698838 2 22823
2544025123 2 22843 2544025157 1 22865
2544045997 2 22845 2544046031 1 22866
2544295610 0 8701 2544295729 1 22870
2544346663 2 22871 2544346697 1 22871
2544670096 2 22900 2544670131 1 22875
2544741112 1 22876 2544741240 0 8704
2549630438 0 8726 2549630552 1 22940
2550581065 0 8729 2550581184 1 22953
2552103957 0 8731 2552104040 2 22927
2552121800 0 8732 2552121885 2 22931
2552135477 2 22932 2552135509 1 22976
2552242107 0 8733 2552242193 2 22940
2552515691 2 22972 2552515721 1 22981
2552578793 2 22982 2552578834 1 22982
2558924272 0 8755 2558924389 1 23070
2560667722 2 23054 2560667753 1 23091
2560812980 2 23063 2560813012 1 23093
2560949310 2 23080 2560949342 1 23095
2561085591 2 23092 2561085626 1 23096
2561153222 2 23103 2561153253 1 23097
2561229023 2 23112 2561229057 1 23098
2568148468 2 23129 2568148501 1 23195
2568780708 2 23150 2568780742 1 23205
2568828804 0 8789 2568828889 2 23156
2568850467 0 8790 2568850585 1 23206
2568903967 2 23164 2568904003 1 23207
2569010406 2 23173 2569010437 1 23208
2569323057 2 23204 2569323091 1 23210
2569491592 2 23223 2569491621 1 23213
2569644024 2 23233 2569644059 1 23215
2572840909 0 8801 2572841028 1 23261
2576904378 0 8812 2576904494 1 23319
2576985086 2 23258 2576985120 1 23320
2577377320 2 23283 2577377353 1 23324
2577537371 0 8815 2577537455 2 23297
2577731699 2 23315 2577731736 1 23329
2577855808 2 23331 2577855843 1 23331
2577899332 0 8817 2577899416 2 23334
2585181012 1 23429 2585181073 0 8846
2585345249 2 23358 2585345280 1 23432
2585381690 0 8848 2585381776 2 23361
2585726185 2 23392 2585726220 1 23435
2585796215 2 23399 2585796246 1 23436
2585868782 2 23406 2585868811 1 23437
2585927352 2 23415 2585927387 1 23438
2585995545 2 23421 2585995579 1 23439
2586078506 2 23435 2586078540 1 23441
2593899983 2 23473 2593900018 1 23553
2594032536 2 23484 2594032569 1 23554
2594321034 2 23519 2594321065 1 23559
2594331143 2 23521 2594331177 1 23560
2594430239 0 8868 2594430323 2 23533
2594451617 0 8869 2594451722 2 23537
2594456555 2 23538 2594456588 1 23562
2594641700 2 23560 2594641731 1 23564
2596852346 0 8876 2596852464 1 23594
2601684623 0 8891 2601684708 2 23565
2601740682 2 23567 2601740716 1 23661
2601897324 0 8892 2601897439 2 23570
2602069039 0 8893 2602069124 2 23576
2602232504 2 23588 2602232536 1 23667
2602552459 2 23624 2602552493 1 23670
2608613999 0 8919 2608614113 1 23753
2610208461 2 23683 2610208494 1 23776
2610284346 2 23688 2610284379 1 23777
2610423866 2 23697 2610423900 1 23779
2610523051 2 23704 2610523083 1 23781
2610647946 2 23710 2610647980 1 23782
2610760724 2 23720 2610760755 1 23785
2610884613 2 23735 2610884646 1 23786
2610913121 2 23738 2610913155 1 23787
2611166281 2 23771 2611166312 1 23791
2611287335 0 8924 2611287452 1 23793
2612162944 0 8928 2612163063 1 23804
2618701079 2 23797 2618701110 1 23890
2618704939 2 23798 2618704971 1 23891
2618821054 2 23807 2618821084 1 23892
2619018942 2 23824 2619018973 1 23896
2619093231 2 23828 2619093259 1 23897
2619125578 2 23831 2619125613 1 23898
2619324752 2 23854 2619324782 1 23901
2619382484 2 23861 2619382510 1 23902
2627155191 0 8988 2627155289 2 23903
2627567611 0 8990 2627567696 2 23923
2627762305 0 8991 2627762389 2 23948
2680660104 0 9153 2680660194 1 23984
2684375424 0 9161 2684375545 1 24021
2685070715 2 24031 2685070748 1 24029
2685854815 2 24064 2685854848 1 24037
2686005062 2 24080 2686005096 1 24038
2686019010 0 9167 2686019095 2 24082
2690993746 0 9180 2690993862 1 24090
2693434206 2 24112 2693434237 1 24115
2693550128 2 24117 2693550161 1 24117
2693692473 1 24118 2693692519 2 24122
2694289765 2 24174 2694289799 1 24124
2700062987 0 9212 2700063106 1 24184
2701474780 0 9217 2701474898 1 24199
2701990125 0 9222 2701990211 2 24209
2702017764 2 24211 2702017795 1 24205
2702207449 0 9223 2702207590 2 24223
2702573451 2 24246 2702573486 1 24211
2702678223 0 9226 2702678307 2 24255
2702880965 0 9227 2702881047 2 24274
2702982879 2 24279 2702982909 1 24216
2706665640 0 9242 2706665759 1 24266
2710511523 2 24312 2710511558 1 24317
2710612449 0 9259 2710612533 2 24323
2710941400 2 24355 2710941432 1 24323
2710973516 0 9260 2710973599 2 24360
2711173169 2 24388 2711173201 1 24325
2711183948 2 24390 2711184018 1 24326
2717405637 0 9278 2717405756 1 24414
2718606725 2 24415 2718606757 1 24430
2719292174 2 24471 2719292204 1 24440
2726834562 2 24508 2726834596 1 24540
2727018301 2 24514 2727018334 1 24542
2727051856 2 24516 2727051886 1 24543
2727203870 2 24529 2727203903 1 24545
2727325483 2 24537 2727325516 1 24547
2727597932 2 24565 2727597965 1 24551
2727614129 0 9314 2727614213 2 24566
2727642485 0 9315 2727642570 2 24570
2727714773 0 9316 2727714856 2 24583
2727883542 0 9317 2727883626 2 24590
2733014052 0 9333 2733014171 1 24627
2735164597 2 24608 2735164630 1 24655
2735207362 2 24610 2735207396 1 24656
2735353220 2 24617 2735353255 1 24658
2735495800 2 24629 2735495836 1 24660
2735543473 0 9341 2735543558 2 24633
2735607700 2 24637 2735607732 1 24662
2735815298 2 24658 2735815332 1 24665
2735909182 2 24669 2735909219 1 24666
2735977130 2 24677 2735977163 1 24667
2736095576 2 24690 2736095608 1 24669
2736143481 2 24694 2736143513 1 24670
2736254763 2 24703 2736254797 1 24672
2741657606 0 9354 2741657728 1 24748
2743676246 2 24723 2743676280 1 24778
2743779387 2 24731 2743779418 1 24779
2743995427 2 24749 2743995462 1 24783
2744316564 2 24779 2744316598 1 24788
2744372857 0 9359 2744372941 2 24788
2744408909 2 24793 2744408944 1 24789
2744483445 2 24805 2744483477 1 24790
2744634475 2 24824 2744634517 1 24791
2748935109 0 9369 2748935227 1 24854
2751927801 2 24838 2751927832 1 24892
2752067876 2 24850 2752067907 1 24896
2752155813 2 24859 2752155843 1 24897
2752201926 0 9383 2752202044 1 24898
2752508075 2 24888 2752508111 1 24902
2752847633 2 24918 2752847665 1 24905
2759928171 2 24933 2759928204 1 25005
2760344175 2 24952 2760344209 1 25010
2760356121 2 24953 2760356151 1 25011
2760431875 2 24957 2760431899 1 25012
2760685655 2 24976 2760685686 1 25017
2760910313 0 9408 2760910400 2 24993
2760938903 2 24994 2760938936 1 25019
2761218951 2 25026 2761218984 1 25022
2761273846 0 9409 2761273931 2 25030
2761354976 2 25038 2761355007 1 25025
2769479690 2 25111 2769479723 1 25139
2769656941 2 25123 2769656976 1 25142
2773450253 0 9443 2773450373 1 25196
2777229682 2 25161 2777229752 1 25246
2777315877 2 25168 2777315912 1 25247
2777674316 2 25201 2777674347 1 25252
2777749692 2 25213 2777749722 1 25253
2777929433 2 25231 2777929464 1 25256
2779087964 0 9463 2779088084 1 25273
2785148820 2 25245 2785148859 1 25358
2785266492 0 9479 2785266578 2 25249
2785432792 2 25257 2785432824 1 25362
2786085323 2 25307 2786085355 1 25373
2786204969 2 25323 2786205001 1 25374
2786326665 2 25331 2786326697 1 25376
2786346268 0 9480 2786346385 1 25377
2793660710 2 25350 2793660741 1 25478
2793725193 2 25353 2793725226 1 25479
2794297615 2 25393 2794297646 1 25487
2802102000 2 25450 2802102031 1 25592
2802105177 2 25451 2802105210 1 25593
2802291371 2 25458 2802291403 1 25596
2802396952 2 25474 2802396992 1 25598
2802556548 2 25487 2802556583 1 25600
2802602352 2 25490 2802602448 1 25601
2802683064 2 25497 2802683097 1 25602
2802758342 2 25506 2802758373 1 25604
2802927391 2 25518 2802927425 1 25607
2802946352 0 9534 2802946436 2 25522
2811257522 0 9563 2811257607 2 25641
2868414615 2 25746 2868414648 1 25746
2875393339 0 9754 2875393458 1 25817
2876773206 2 25837 2876773236 1 25831
2876949955 2 25845 2876949991 1 25833
2877414951 2 25887 2877414986 1 25838
2877608434 2 25913 2877608465 1 25840
2878311805 0 9762 2878311899 1 25848
2885113905 1 25929 2885114013 2 25921
2885262098 2 25923 2885262151 1 25931
2885533897 2 25939 2885533931 1 25935
2885544865 0 9779 2885544951 2 25940
2885761826 2 25956 2885761927 1 25937
2885933015 2 25975 2885933047 1 25941
2886034778 2 25991 2886034815 1 25943
2886255851 2 26015 2886255883 1 25947
2892023803 0 9800 2892023836 1 26022
2893802894 2 26042 2893802928 1 26046
2894265675 2 26082 2894265710 1 26053
2894434526 2 26101 2894434562 1 26055
2894455872 1 26057 2894455887 2 26103
2894752627 2 26122 2894752660 1 26061
2902183792 2 26146 2902183824 1 26162
2902313513 2 26156 2902313547 1 26164
2902353653 0 9832 2902353736 2 26159
2902413653 2 26165 2902413687 1 26166
2902554057 2 26179 2902554092 1 26168
2907324615 0 9848 2907324729 1 26234
2910332301 2 26239 2910332334 1 26275
2910623159 2 26259 2910623190 1 26280
2910671498 2 26265 2910671532 1 26281
2910825693 2 26284 2910825726 1 26282
2911076637 0 9859 2911076721 2 26323
2911123776 2 26334 2911123805 1 26288
2911294589 0 9860 2911294675 2 26346
2918787652 2 26374 2918787685 1 26393
2919462227 2 26430 2919462259 1 26401
2923572682 0 9900 2923572800 1 26460
2927205388 2 26470 2927205420 1 26507
2927212974 2 26471 2927213006 1 26508
2927345588 2 26478 2927345623 1 26510
2927803695 2 26524 2927803728 1 26516
2927992223 2 26542 2927992258 1 26519
2929353017 0 9921 2929353133 1 26536
2934704141 0 9929 2934704259 1 26614
2935299861 2 26559 2935299894 1 26623
2935353840 2 26561 2935353872 1 26624
2935398079 2 26564 2935398112 1 26625
2935749004 0 9932 2935749088 2 26589
2935979314 2 26607 2935979348 1 26631
2936352131 0 9934 2936352217 2 26637
2938829365 0 9939 2938829483 1 26674
2943486876 2 26646 2943486910 1 26736
2943711705 0 9960 2943711824 1 26740
2943814991 0 9961 2943815076 2 26662
2944204347 2 26699 2944204381 1 26744
2944390558 2 26714 2944390589 1 26746
2944494325 2 26727 2944494356 1 26747
2944555979 2 26734 2944556014 1 26748
2944676419 2 26742 2944676451 1 26749
2951698844 2 26750 2951698877 1 26846
2951760789 0 9987 2951760903 1 26847
2952129194 2 26768 2952129224 1 26852
2952862597 2 26837 2952862630 1 26861
2952942045 2 26846 2952942080 1 26862
2953708162 0 9991 2953708281 1 26874
2954497498 0 9993 2954497617 1 26884
2954806767 0 9995 2954806883 1 26888
2957854080 0 10008 2957854138 1 26925
2959971031 2 26851 2959971066 1 26953
2960230696 0 10017 2960230780 2 26857
2960429825 2 26865 2960429858 1 26960
2960736834 2 26889 2960736869 1 26963
2960871734 2 26903 2960871765 1 26964
2960918946 2 26907 2960918971 1 26965
2960989618 2 26917 2960989651 1 26967
2961085101 2 26931 2961085137 1 26968
2961213539 2 26946 2961213571 1 26970
2961304809 0 10021 2961304838 2 26958
2961357679 2 26961 2961357700 1 26972
2961371312 0 10022 2961371402 2 26962
2968475627 2 26969 2968475661 1 27071
2968871245 0 10036 2968871362 1 27078
2969498715 2 27045 2969498749 1 27086
2969642511 2 27058 2969642544 1 27088
2972216945 0 10045 2972217062 1 27126
2975001433 0 10061 2975001551 1 27155
2976465892 2 27065 2976465925 1 27176
2976931553 2 27078 2976931585 1 27183
2977133115 2 27091 2977133150 1 27186
2977169303 2 27093 2977169337 1 27187
2977298523 2 27101 2977298554 1 27189
2977502469 0 10068 2977502553 2 27119
2977560880 2 27127 2977560912 1 27191
2977714997 2 27139 2977715027 1 27192
2977865525 2 27154 2977865556 1 27195
2982157155 0 10083 2982157272 1 27256
2985422912 2 27183 2985422948 1 27297
2985542333 2 27189 2985542364 1 27298
2985761038 2 27208 2985761068 1 27300
2985841404 2 27215 2985841435 1 27301
2985917521 2 27221 2985917555 1 27302
2985957505 0 10101 2985957591 2 27226
2985985404 2 27230 2985985432 1 27303
2986057298 2 27242 2986057327 1 27304
2986214550 2 27260 2986214569 1 27306
2989751088 0 10118 2989751207 1 27354
2991461063 0 10124 2991461182 1 27374
2994187719 0 10128 2994187802 2 27323
2994381405 0 10129 2994381489 2 27346
3051763835 2 27455 3051763869 1 27433
3052311832 2 27475 3052311867 1 27439
3052378439 0 10331 3052378530 2 27478
3052427152 2 27482 3052427186 1 27440
3052528658 2 27492 3052528693 1 27441
3052582056 2 27499 3052582203 1 27442
3052720473 2 27514 3052720504 1 27443
3053963448 0 10339 3053963568 1 27456
3055002641 0 10344 3055002763 1 27466
3060339372 2 27528 3060339403 1 27521
3060448361 2 27532 3060448393 1 27523
3060719271 2 27557 3060719304 1 27525
3061027874 2 27586 3061027906 1 27528
3064060859 0 10371 3064060977 1 27560
3068390355 1 27604 3068390397 2 27607
3068840476 2 27622 3068840506 1 27610
3069072570 2 27643 3069072713 1 27611
3069328109 2 27663 3069328142 1 27614
3069445349 2 27685 3069445384 1 27615
3076871203 0 10407 3076871286 2 27700
3076880853 2 27702 3076880884 1 27709
3077375696 0 10409 3077375782 2 27734
3077678703 2 27769 3077678736 1 27719
3077854537 2 27785 3077854569 1 27722
3078032479 0 10410 3078032599 1 27725
3085427514 2 27809 3085427545 1 27828
3085465005 2 27810 3085465035 1 27829
3085738323 2 27832 3085738357 1 27832
3085947070 2 27850 3085947104 1 27836
3086025293 0 10434 3086025377 2 27859
3086029346 2 27860 3086029380 1 27837
3086254770 2 27890 3086254803 1 27839
3093676078 2 27912 3093676111 1 27942
3094194739 2 27951 3094194772 1 27950
3094635655 2 28003 3094635687 1 27957
3102320707 2 28038 3102320738 1 28062
3102331323 0 10483 3102331406 2 28039
3102345256 2 28040 3102345291 1 28063
3102667623 2 28067 3102667657 1 28069
3102780108 2 28081 3102780141 1 28071
3102839812 2 28087 3102839839 1 28072
3102926615 2 28100 3102926644 1 28073
3102961313 2 28102 3102961345 1 28074
3107591354 0 10498 3107591472 1 28138
3110338516 2 28122 3110338548 1 28175
3110408343 2 28126 3110408377 1 28176
3110449241 2 28127 3110449272 1 28177
3110583065 2 28137 3110583097 1 28180
3110624411 2 28141 3110624445 1 28181
3110805028 2 28154 3110805063 1 28184
3110888951 2 28163 3110888986 1 28185
3111124739 2 28198 3111124772 1 28189
3111177880 2 28203 3111177912 1 28190
3111361145 2 28214 3111361178 1 28191
3111379887 0 10505 3111379971 2 28215
3118682385 2 28231 3118682416 1 28294
3118899555 0 10528 3118899640 2 28245
3119039003 2 28255 3119039033 1 28299
3119076169 0 10529 3119076254 2 28258
3119080682 2 28259 3119080714 1 28300
3119547297 2 28318 3119547333 1 28304
3119578886 2 28325 3119578918 1 28306
3125315533 0 10555 3125315652 1 28383
3126083501 0 10559 3126083619 1 28392
3127498579 2 28376 3127498613 1 28413
3128004805 0 10565 3128004891 2 28431
3128019958 2 28433 3128019989 1 28419
3129140937 0 10569 3129141055 1 28435
3130182317 0 10574 3130182435 1 28449
3135283677 2 28448 3135283709 1 28517
3135326867 2 28450 3135326898 1 28518
3135588424 2 28462 3135588458 1 28521
3135632595 0 10597 3135632680 2 28463
3135845458 2 28477 3135845492 1 28523
3135998307 2 28489 3135998343 1 28525
3136050390 2 28494 3136050423 1 28526
3136275235 1 28529 3136275335 2 28515
3138576397 0 10609 3138576515 1 28559
3140145096 1 28578 3140145237 0 10615
3143373701 2 28530 3143373733 1 28622
3143692030 2 28541 3143692063 1 28626
3143852068 2 28552 3143852098 1 28629
3144100407 2 28568 3144100439 1 28631
3144330028 2 28597 3144330053 1 28633
3144347854 0 10631 3144347939 2 28600
3144375648 2 28604 3144375732 0 10632
3144604077 2 28627 3144604111 1 28638
3144739071 0 10633 3144739161 2 28640 3144739195 1 28640
3147932346 0 10647 3147932464 1 28683
3150404558 0 10657 3150404677 1 28715
3152054611 2 28660 3152054640 1 28736
3152597686 2 28701 3152597718 1 28743
3152986772 0 10666 3152986858 2 28747
3160435255 2 28779 3160435287 1 28853
3160467535 2 28782 3160467570 1 28854
3160784775 2 28806 3160784806 1 28855
3160796126 2 28808 3160796157 1 28856
3161006929 1 28859 3161006946 2 28824
3161387002 2 28863 3161387037 1 28864
3164217371 0 10700 3164217489 1 28901
3168729937 2 28878 3168729965 1 28963
3168813535 2 28890 3168813569 1 28964
3169028019 2 28908 3169028050 1 28965
3169114838 2 28913 3169114868 1 28966
3169160339 2 28916 3169160369 1 28967
3169433713 2 28945 3169433747 1 28969
3169530730 2 28957 3169530765 1 28972
3177212008 2 29003 3177212040 1 29077
3177634944 2 29036 3177634969 1 29080
3177776245 2 29050 3177776278 1 29083
3177922523 2 29068 3177922555 1 29085
3178023880 2 29080 3178023998 1 29086
3235832126 2 29181 3235832156 1 29108
3240471878 0 10936 3240471996 1 29156
3242335603 0 10941 3242335737 1 29175
3243932907 2 29211 3243932939 1 29192
3244095471 2 29221 3244095504 1 29193
3244297060 2 29235 3244297093 1 29196
3250789876 0 10965 3250789998 1 29263
3252138067 2 29289 3252138098 1 29276
3252606628 2 29323 3252606661 1 29281
3252654573 2 29328 3252654607 1 29282
3253027868 2 29359 3253027995 1 29286
3260661615 2 29393 3260661648 1 29373
3260712537 2 29398 3260712569 1 29375
3260896430 2 29413 3260896464 1 29378
3260965695 2 29423 3260965724 1 29379
3261010955 0 11005 3261011039 2 29427
3261096652 2 29439 3261096684 1 29381
3261169375 2 29449 3261169410 1 29382
3267600692 0 11034 3267600808 1 29467
3268672949 2 29464 3268672984 1 29480
3269081416 2 29488 3269081451 1 29485
3269152761 2 29492 3269152795 1 29487
3269422680 2 29521 3269422718 1 29490
3271421987 0 11053 3271422105 1 29518
3272711009 0 11059 3272711127 1 29534
3276699250 2 29556 3276699283 1 29589
3277075054 2 29570 3277075084 1 29593
3277189111 2 29576 3277189140 1 29596
3277280367 0 11072 3277280484 1 29597
3277344248 2 29589 3277344282 1 29599
3277520071 2 29606 3277520103 1 29601
3278018524 2 29656 3278018555 1 29607
3285171527 2 29671 3285171560 1 29702
3285472362 2 29681 3285472393 1 29707
3285666660 2 29699 3285666691 1 29709
3286367851 2 29766 3286367886 1 29718
3289878041 0 11121 3289878160 1 29768
3291149486 0 11125 3291149605 1 29785
3293791991 2 29793 3293792026 1 29820
3293818871 2 29795 3293818902 1 29821
3294069639 2 29813 3294069672 1 29823
3294203268 2 29830 3294203299 1 29824
3294311062 2 29844 3294311096 1 29826
3294420125 2 29855 3294420159 1 29827
3294524203 2 29867 3294524233 1 29829
3294601622 2 29876 3294601654 1 29830
3294808428 2 29893 3294808462 1 29833
3298478114 0 11149 3298478230 1 29887
3301777742 2 29898 3301777775 1 29930
3302234340 2 29914 3302234370 1 29934
3302272165 0 11165 3302272249 2 29918
3302331349 2 29923 3302331384 1 29936
3302434610 1 29937 3302434616 2 29928
3302644850 0 11166 3302644935 2 29946
3302695250 2 29950 3302695284 1 29941
3302765370 0 11167 3302765455 2 29957
3302786850 2 29959 3302786938 1 29942
3302815586 2 29962 3302815620 1 29943
3303000338 2 29976 3303000370 1 29945
3305739929 0 11174 3305740046 1 29984
3310601871 2 30005 3310601905 1 30053
3310662178 2 30011 3310662213 1 30054
3310761776 2 30020 3310761809 1 30055
3310978428 0 11187 3310978515 2 30042
3311002919 2 30046 3311002956 1 30058
3311009699 2 30047 3311009737 1 30059
3311288249 2 30082 3311288282 1 30063
3315708861 0 11206 3315708979 1 30122
3318836881 2 30110 3318836913 1 30165
3319008020 2 30119 3319008051 1 30168
3319084767 2 30126 3319084801 1 30169
3319126033 2 30132 3319126068 1 30170
3319274505 2 30146 3319274541 1 30172
3319633157 2 30176 3319633191 1 30178
3319692468 2 30182 3319692500 1 30179
3327169651 2 30202 3327169686 1 30282
3327354342 2 30218 3327354374 1 30285
3327587479 1 30289 3327587580 2 30238
3327921192 2 30277 3327921222 1 30294
3328009745 0 11240 3328009830 2 30286
3335376376 2 30301 3335376411 1 30399
3335677173 2 30320 3335677205 1 30404
3335733434 2 30324 3335733468 1 30405
3335850369 2 30335 3335850403 1 30407
3335946140 2 30344 3335946170 1 30408
3336125478 2 30360 3336125509 1 30411
3336163967 0 11256 3336164051 2 30363
3336209405 2 30368 3336209436 1 30413
3343750686 0 11281 3343750766 2 30391
3343774993 2 30393 3343775025 1 30512
3343987660 2 30400 3343987693 1 30515
3344084431 2 30411 3344084468 1 30517
3344151892 2 30415 3344151926 1 30518
3344217146 2 30419 3344217179 1 30519
3345115859 0 11285 3345115975 1 30531
3348007323 0 11292 3348007356 1 30570
3350595701 0 11301 3350595818 1 30601
3351410107 0 11302 3351410226 1 30615
3352216986 2 30509 3352217019 1 30625
3352398759 2 30525 3352398791 1 30628
3352642733 2 30545 3352642769 1 30632
3352978452 2 30580 3352978577 1 30637
3357735864 0 11322 3357735894 1 30703
3360534691 2 30605 3360534725 1 30738
3360641765 2 30613 3360641796 1 30739
3360837848 0 11337 3360837929 2 30627
3360901652 0 11338 3360901737 2 30631
3361175646 2 30669 3361175678 1 30747
3361372380 2 30694 3361372411 1 30750
3369647465 0 11355 3369647553 2 30788
3422557323 0 11541 3422557447 1 30825
3427085012 2 30882 3427085043 1 30872
3427246977 2 30889 3427247009 1 30874
3427487982 2 30907 3427488014 1 30876
3427636737 2 30923 3427636772 1 30878
3429411441 0 11563 3429411445 1 30896
3435523532 2 30973 3435523566 1 30956
3435766937 0 11587 3435766976 2 30993 3435767012 1 30959
3435932942 2 31010 3435932976 1 30961
3436139057 2 31026 3436139093 1 30963
3436179568 0 11588 3436179652 2 31030
3436227777 1 30964 3436227809 2 31036
3436712529 0 11593 3436712648 1 30968
3443721163 2 31052 3443721197 1 31038
3443800299 2 31057 3443800334 1 31039
3444249678 2 31078 3444249706 1 31044
3444420361 0 11612 3444420448 2 31090
3444430213 2 31091 3444430247 1 31046
3444615216 2 31108 3444615247 1 31048
3451834922 0 11637 3451835041 1 31139
3451981332 2 31128 3451981338 1 31141
3452070821 2 31133 3452070838 1 31142
3452144897 2 31138 3452144933 1 31143
3452473167 2 31164 3452473200 1 31147
3452501819 2 31166 3452501854 1 31148
3452510235 0 11639 3452510320 2 31168
3452527081 2 31169 3452527113 1 31149
3452846639 2 31195 3452846674 1 31153
3452978661 2 31208 3452978693 1 31154
3453036770 2 31213 3453036800 1 31155
3454035124 0 11644 3454035146 1 31170
3460488437 2 31233 3460488467 1 31260
3460762748 2 31252 3460762779 1 31265
3461113368 2 31288 3461113400 1 31268
3468946265 2 31347 3468946296 1 31378
3469211360 2 31370 3469211393 1 31380
3469271181 2 31375 3469271212 1 31381
3469364608 2 31384 3469364667 1 31382
3469456521 2 31389 3469456557 1 31384
3477049352 2 31431 3477049382 1 31487
3477306574 2 31456 3477306608 0 11722
3477387404 2 31461 3477387440 1 31490
3477466418 0 11723 3477466501 2 31467 3477466535 1 31492
3477608580 0 11724 3477608664 2 31480
3477699790 2 31487 3477699823 1 31495
3477835259 1 31497 3477835369 2 31505
3477972467 0 11726 3477972551 2 31522
3480043902 0 11731 3480044020 1 31529
3485063140 2 31538 3485063173 1 31601
3485122705 0 11742 3485122824 1 31602
3485476535 2 31550 3485476566 1 31605
3485579271 2 31557 3485579305 1 31607
3485658456 2 31562 3485658488 1 31608
3485781218 2 31571 3485781248 1 31610
3486034089 2 31600 3486034120 1 31614
3486166919 2 31614 3486166951 1 31616
3486316509 2 31627 3486316539 1 31618
3486326182 2 31628 3486326214 1 31619
3486374629 2 31631 3486374663 1 31620
3486438450 2 31637 3486438484 1 31621
3488851948 0 11748 3488852066 1 31655
3493924166 2 31671 3493924199 1 31726
3494089324 2 31677 3494089356 1 31729
3494302641 0 11764 3494302724 2 31698
3494337483 2 31703 3494337574 1 31733
3494494123 2 31724 3494494155 1 31734
3494566584 2 31732 3494566617 1 31736
3502157205 2 31765 3502157239 1 31844
3502214926 2 31769 3502214961 1 31845
3502400835 2 31786 3502400867 1 31848
3502565115 2 31801 3502565145 1 31850
3502811493 2 31824 3502811600 0 11785
3503052580 2 31844 3503052611 1 31855
3503068377 2 31846 3503068409 1 31856
3510045357 2 31851 3510045390 1 31950
3510410955 2 31857 3510410988 1 31956
3510551058 2 31868 3510551087 1 31957
3510566988 2 31869 3510567022 1 31958
3510798679 2 31886 3510798715 1 31962
3510895800 2 31893 3510895835 1 31963
3511211141 2 31929 3511211176 1 31969
3511324020 2 31936 3511324050 1 31970
3518468461 1 32064 3518468580 2 31956
3518704257 2 31961 3518704292 1 32067
3518833512 2 31969 3518833541 1 32069
3518922616 0 11846 3518922705 2 31979
3519171395 2 31999 3519171430 1 32073
3519380821 2 32012 3519380854 1 32075
3519514216 2 32023 3519514250 1 32078
3519563886 2 32027 3519563921 1 32079
3527120096 2 32052 3527120126 1 32184
3527159580 2 32055 3527159612 1 32185
3527272045 2 32068 3527272076 1 32186
3527300626 0 11866 3527300710 2 32073
3527305381 2 32074 3527305414 1 32187
3527350872 2 32078 3527350907 1 32188
3527413788 0 11867 3527413871 2 32083
3527498415 0 11868 3527498498 2 32090
3527708894 2 32114 3527708925 1 32191
3528074584 2 32149 3528074618 1 32195
3535616782 2 32177 3535616815 1 32301
3535827400 2 32191 3535827434 1 32304
3536068994 2 32210 3536069025 1 32306
3536260510 0 11895 3536260593 2 32232
3536297380 2 32234 3536297412 1 32309
3536423666 2 32240 3536423699 1 32311
3543487333 2 32247 3543487366 1 32409
3543525061 1 32410 3543525131 2 32248
3543939999 2 32268 3543940032 1 32416
3544087994 2 32282 3544088026 1 32417
3544120468 0 11921 3544120554 2 32286
3544135402 2 32288 3544135438 1 32419
3544219871 2 32296 3544219906 1 32420
3544542540 0 11922 3544542625 2 32332
3544558554 2 32333 3544558587 1 32424
3544692998 2 32348 3544693029 1 32426
3548980258 0 11931 3548980378 1 32489
3552278359 0 11946 3552278445 2 32378
3552399955 0 11947 3552400040 2 32391
3552646689 0 11950 3552646775 2 32406
3552678551 0 11951 3552678631 2 32412
3560355069 0 11978 3560355152 2 32472
3560527657 0 11980 3560527742 2 32482
3560937026 0 11983 3560937109 2 32520
3561091208 0 11984 3561091291 2 32535
3610293588 2 32586 3610293624 1 32560
3610382070 0 12157 3610382152 2 32588
3610617245 2 32599 3610617276 1 32564
3610697015 2 32604 3610697048 1 32565
3610809402 2 32609 3610809434 1 32566
3611052564 2 32633 3611052597 1 32567
3613545422 0 12169 3613545545 1 32594
3619359165 2 32697 3619359201 1 32654
3626956927 2 32735 3626956961 1 32732
3627570934 0 12228 3627571018 2 32764
3627670722 2 32773 3627670754 1 32740
3627932876 1 32743 3627933022 2 32809
3635471797 2 32827 3635471829 1 32821
3635852761 2 32856 3635852793 1 32826
3635891236 2 32857 3635891268 1 32828
3635914275 0 12251 3635914358 2 32860
3636490998 2 32907 3636491028 1 32835
3643917442 0 12270 3643917528 2 32927
3643926324 2 32928 3643926359 1 32942
3644421576 2 32977 3644421695 1 32947
3644429608 2 32978 3644429640 1 32948
3644477410 2 32987 3644477437 1 32949
3644599411 2 33002 3644599443 1 32951
3644688306 2 33014 3644688339 1 32952
3644701325 2 33017 3644701360 1 32953
3647420991 0 12284 3647421109 1 32990
3652014171 2 33033 3652014205 1 33054
3652097880 2 33035 3652097911 1 33055
3652162903 2 33038 3652162937 1 33056
3652445449 2 33055 3652445484 1 33059
3652573756 2 33066 3652573789 1 33060
3652598428 2 33069 3652598460 1 33061
3652614737 2 33073 3652614769 1 33062
3652801301 2 33095 3652801333 1 33065
3652875214 2 33102 3652875248 1 33066
3653181285 2 33125 3653181316 1 33071
3660049452 2 33127 3660049484 1 33166
3660148744 2 33130 3660148778 1 33168
3660290554 0 12320 3660290681 2 33131
3660433604 2 33136 3660433637 1 33172
3660668675 2 33153 3660668710 1 33174
3660760794 0 12323 3660760876 2 33162
3660848413 2 33169 3660848545 1 33176
3661050588 0 12325 3661050673 2 33190
3661148889 2 33209 3661148920 1 33180
3661321769 2 33230 3661321803 1 33182
3661344884 0 12327 3661344999 1 33183
3668920504 2 33263 3668920535 1 33287
3669141435 2 33282 3669141466 1 33291
3669263660 2 33293 3669263692 1 33292
3669289008 2 33295 3669289044 1 33293
3669545426 2 33324 3669545460 1 33296
3669570929 2 33329 3669570960 1 33297
3669769700 2 33347 3669769731 1 33300
3677080867 2 33364 3677080897 1 33404
3677284327 2 33377 3677284355 1 33408
3677458441 2 33392 3677458475 1 33410
3677593039 2 33407 3677593071 1 33412
3677623835 2 33413 3677623867 1 33413
3677893410 2 33443 3677893441 1 33416
3678019794 0 12370 3678019886 2 33456
3678144206 0 12371 3678144291 2 33472
3678291368 0 12372 3678291488 1 33422
3679695537 0 12377 3679695656 1 33439
3680079298 0 12379 3680079414 1 33445
3684039203 0 12392 3684039321 1 33494
3685541355 2 33489 3685541387 1 33514
3685862283 2 33509 3685862318 1 33519
3685987897 2 33516 3685987932 1 33521
3686182975 2 33539 3686183010 1 33525
3686280103 2 33547 3686280137 1 33526
3686336577 2 33551 3686336609 1 33527
3686388044 2 33554 3686388075 1 33528
3686442517 2 33559 3686442552 1 33529
3692895847 0 12414 3692895967 1 33619
3693909222 0 12419 3693909305 2 33587
3693963659 2 33592 3693963688 1 33631
3693973877 2 33593 3693973911 1 33632
3694367608 2 33623 3694367642 1 33638
3694408239 2 33632 3694408273 1 33639
3694508348 2 33646 3694508383 1 33640
3694695540 0 12420 3694695625 2 33668 3694695660 1 33643
3694704849 0 12421 3694704933 2 33669
3694720518 2 33671 3694720549 1 33644
3701139861 1 33731 3701139889 0 12440
3702078943 2 33693 3702078980 1 33743
3702316154 2 33701 3702316186 1 33746
3702429017 2 33708 3702429049 1 33748
3702448932 2 33710 3702448968 1 33749
3702515226 0 12445 3702515309 2 33713
3702632068 2 33727 3702632101 1 33751
3702860518 0 12447 3702860603 2 33749
3710618951 2 33801 3710618984 1 33858
3710907140 2 33821 3710907169 1 33862
3711002942 2 33827 3711002976 1 33864
3711036483 2 33831 3711036516 1 33865
3711141380 2 33851 3711141412 1 33866
3711191002 2 33857 3711191034 1 33867
3711244353 0 12473 3711244438 2 33863
3711325785 0 12474 3711325870 2 33875
3719271990 2 33936 3719272018 1 33978
3719324361 0 12499 3719324478 1 33979
3719538767 2 33961 3719538799 1 33982
3719577477 0 12500 3719577562 2 33966
3719693668 0 12501 3719693752 2 33978
3719715331 2 33980 3719715363 1 33984
3719755211 2 33983 3719755236 1 33985
3726245054 0 12523 3726245172 1 34072
3727024704 0 12529 3727024787 2 34002
3727072617 2 34008 3727072650 1 34081
3727379270 2 34029 3727379301 1 34084
3727396876 2 34030 3727396908 1 34085
3727499381 2 34039 3727499412 1 34087
3727596501 2 34047 3727596532 1 34089
3727645265 2 34053 3727645300 1 34090
3727755581 2 34064 3727755616 1 34091
3727954847 2 34089 3727954893 1 34095
3728067237 2 34100 3728067271 1 34096
3728137079 2 34108 3728137116 1 34097
3730470754 0 12538 3730470870 1 34127
3735582124 2 34130 3735582157 1 34196
3735628564 2 34135 3735628596 1 34197
3735922185 2 34154 3735922220 1 34201
3736036985 2 34165 3736037013 1 34203
3736389045 2 34204 3736389077 1 34208
3736432352 2 34207 3736432384 1 34209
3744032044 0 12590 3744032131 2 34241
3796141357 0 12769 3796141476 1 34253
3798056089 0 12778 3798056207 1 34272
3802054943 0 12788 3802055029 2 34323
3802266426 2 34335 3802266460 1 34316
3802651910 2 34359 3802651947 1 34320
3802831780 2 34372 3802831812 1 34321
3802877842 0 12793 3802877927 2 34375
3802907909 2 34377 3802907940 1 34322
3810243583 0 12812 3810243696 1 34398
3810531045 0 12813 3810531130 2 34410
3810597584 2 34413 3810597630 1 34402
3810786153 2 34423 3810786184 1 34403
3811086936 2 34447 3811086970 1 34406
3818989783 2 34508 3818989813 1 34488
3826869384 2 34573 3826869418 1 34586
3827561339 0 12872 3827561423 2 34617
3827609665 2 34623 3827609696 1 34596
3827792379 2 34636 3827792412 1 34599
3827951994 2 34661 3827952029 1 34601
3828068555 2 34675 3828068589 1 34603
3833519159 0 12884 3833519278 1 34683
3835212194 2 34680 3835212228 1 34705
3835250675 2 34682 3835250798 1 34707
3835426155 0 12893 3835426239 2 34689
3835650601 0 12894 3835650686 2 34699
3835808527 2 34713 3835808558 1 34712
3835896814 2 34721 3835896849 1 34713
3836324034 2 34763 3836324065 1 34719
3836372527 0 12899 3836372611 2 34770
3836867607 0 12902 3836867724 1 34726
3843438222 2 34781 3843438256 1 34819
3843660847 2 34786 3843660881 1 34821
3844030946 0 12919 3844031029 2 34804
3844354467 1 34832 3844354583 2 34835
3844519529 2 34853 3844519563 1 34835
3844687656 2 34875 3844687692 1 34837
3844721170 2 34877 3844721203 1 34838
3848684759 0 12929 3848684878 1 34893
3852028817 2 34898 3852028846 1 34940
3852406279 2 34920 3852406310 1 34946
3852509206 2 34926 3852509240 1 34947
3852568669 2 34930 3852568701 1 34948
3852954457 2 34961 3852954492 1 34954
3860445728 2 35000 3860445764 1 35056
3860611076 2 35010 3860611107 1 35059
3860640769 2 35012 3860640800 1 35060
3860768529 2 35022 3860768559 1 35062
3860935411 2 35035 3860935443 1 35064
3861230667 2 35068 3861230701 1 35068
3868998813 0 12987 3868998898 2 35120 3868998933 1 35179
3869166692 2 35130 3869166723 1 35182
3869202760 0 12988 3869202844 2 35136
3869237244 2 35138 3869237279 1 35183
3869434489 0 12989 3869434530 2 35159
3869688968 2 35184 3869689003 1 35187
3876883759 0 13016 3876883877 1 35287
3877166816 2 35207 3877166851 1 35291
3877206975 2 35210 3877207008 1 35292
3877411778 2 35225 3877411813 1 35295
3877481903 0 13018 3877481986 2 35231
3877774475 2 35257 3877774507 1 35298
3878091616 2 35285 3878091651 1 35302
3878184089 2 35292 3878184130 1 35305
3878262156 2 35297 3878262189 1 35306
3878992558 0 13019 3878992673 1 35318
3885589045 2 35314 3885589076 1 35412
3886059036 2 35368 3886059070 1 35416
3886077208 2 35369 3886077243 1 35417
3886102431 0 13038 3886102515 2 35373
3886190035 2 35380 3886190066 1 35418
3886238012 2 35384 3886238044 1 35419
3886412680 2 35401 3886412714 1 35421
3893986895 0 13071 3893986980 2 35433
3893990615 1 35523 3893990639 2 35434
3894034391 0 13072 3894034476 2 35439
3894222951 2 35456 3894222985 1 35526
3894394936 0 13074 3894395025 2 35470
3894429400 2 35475 3894429433 1 35528
3894537865 2 35486 3894537896 1 35530
3894659315 2 35497 3894659348 1 35532
3894718093 0 13075 3894718177 2 35502 3894718210 1 35533
3898403159 0 13086 3898403274 1 35584
3898934256 0 13088 3898934373 1 35591
3902075322 2 35526 3902075358 1 35634
3902149568 2 35531 3902149603 1 35635
3902205149 0 13099 3902205232 2 35535
3902213514 2 35536 3902213544 1 35636
3902251163 2 35537 3902251196 1 35637
3902462115 2 35551 3902462145 1 35638
3902970559 2 35599 3902970591 1 35646
3902984371 2 35602 3902984402 1 35647
3903038134 0 13102 3903038252 1 35648
3903057034 2 35606 3903057064 1 35649
3903177781 2 35617 3903177813 1 35650
3910609716 2 35636 3910609748 1 35751
3910902540 0 13126 3910902623 2 35656
3910913780 0 13127 3910913896 1 35756
3911091756 0 13129 3911091838 2 35685
3911499987 0 13131 3911500072 2 35732
3911535216 0 13132 3911535301 2 35734
3914083408 0 13144 3914083528 1 35796
3919040332 0 13165 3919040418 2 35754
3919189211 2 35766 3919189243 1 35864
3919191707 0 13166 3919191793 2 35767
3919352024 2 35781 3919352056 1 35866
3919523050 2 35804 3919523083 1 35868
3919543645 2 35805 3919543680 1 35869
3927479300 0 13194 3927479383 2 35876
3980890536 0 13376 3980890655 1 35961
3985639908 2 36030 3985639939 1 36010
3985776842 0 13389 3985776930 2 36041
3985961771 2 36057 3985961802 1 36014
3986138659 0 13391 3986138743 2 36075
3986218102 0 13393 3986218187 2 36088
3986390155 2 36090 3986390188 1 36017
3987647909 0 13399 3987648028 1 36031
3988040436 1 36034 3988040464 0 13402
3988235509 0 13404 3988235628 1 36036
3992867969 0 13420 3992868090 1 36084
3994106210 0 13427 3994106294 2 36118
3994378906 0 13428 3994378990 2 36134
3994382158 2 36135 3994382194 1 36099
3994496205 2 36145 3994496238 1 36101
3994586803 2 36154 3994586941 1 36102
4001606281 0 13450 4001606398 1 36175
4002133277 2 36190 4002133308 1 36181
4002345321 2 36205 4002345351 1 36182
4002497132 2 36220 4002497169 1 36183
4002689741 2 36234 4002689778 1 36185
4002719698 2 36239 4002719732 1 36186
4003270551 0 13457 4003270670 1 36192
4007913745 0 13473 4007913863 1 36248
4008749109 0 13479 4008749228 1 36259
4010402096 2 36276 4010402130 1 36282
4010527488 0 13484 4010527574 2 36282
4010757115 2 36296 4010757149 1 36285
4010852049 0 13486 4010852132 2 36303
4010859261 0 13487 4010859346 2 36304
4010922213 0 13488 4010922298 2 36308
4010994667 2 36316 4010994699 1 36288
4011064655 0 13490 4011064741 2 36321
4011114954 2 36324 4011114984 1 36289
4011142622 2 36327 4011142653 1 36290
4011235591 2 36341 4011235625 1 36291
4018973978 0 13518 4018974063 2 36385
4019204315 2 36406 4019204348 1 36399
4019436809 2 36425 4019436843 1 36402
4019651285 0 13521 4019651431 2 36448
4019720811 2 36457 4019720844 1 36405
4019730220 2 36460 4019730253 1 36406
4019808483 2 36469 4019808513 1 36407
4026875721 2 36476 4026875766 1 36505
4027296716 2 36489 4027296735 1 36509
4027498695 2 36502 4027498728 1 36513
4027557425 2 36505 4027557456 1 36514
4027656130 2 36512 4027656164 1 36515
4027763065 2 36521 4027763098 1 36517
4027855004 2 36531 4027855035 1 36518
4027937479 2 36540 4027937510 1 36519
4028201647 2 36572 4028201681 1 36524
4029809798 0 13548 4029809916 1 36546
4034397795 0 13573 4034397908 1 36604
4035435442 2 36588 4035435473 1 36616
4035495081 2 36589 4035495112 1 36617
4035670209 2 36604 4035670241 1 36620
4035885766 2 36627 4035885795 1 36623
4036437342 2 36678 4036437375 1 36631
4039629510 0 13589 4039629629 1 36677
4043629934 2 36689 4043629970 1 36732
4043907260 2 36700 4043907296 1 36736
4044181723 2 36718 4044181757 1 36740
4044253727 2 36722 4044253872 0 13603
4044265731 2 36723 4044265765 1 36741
4044288267 2 36725 4044288302 1 36742
4044551553 2 36757 4044551586 1 36746
4044710778 2 36777 4044710813 1 36748
4047569978 0 13620 4047570096 1 36782
4052280978 2 36807 4052281009 1 36847
4052323472 1 36848 4052323520 2 36813
4052389778 2 36819 4052389809 1 36849
4052598769 0 13636 4052598855 2 36836
4052966797 2 36877 4052966831 1 36857
4060083927 2 36897 4060083960 1 36950
4060546134 2 36904 4060546166 1 36958
4060766216 2 36922 4060766249 1 36961
4060840461 2 36928 4060840492 1 36962
4060899117 2 36934 4060899188 1 36963
4061043873 2 36945 4061043905 1 36965
4061121570 2 36957 4061121604 1 36967
4061183502 0 13672 4061183587 2 36962
4061191189 2 36963 4061191224 1 36968
4061292179 0 13673 4061292264 2 36976
4061450556 0 13674 4061450650 2 36993
4061550817 2 36999 4061550845 1 36971
4062008791 0 13677 4062008910 1 36976
4068990297 0 13695 4068990380 2 37016
4069147785 2 37025 4069147816 1 37078
4069208345 2 37031 4069208382 1 37079
4069235044 0 13696 4069235127 2 37035
4069284106 2 37040 4069284140 1 37080
4069450384 2 37057 4069450414 1 37081
4069590672 2 37070 4069590704 1 37082
4069597884 2 37071 4069597920 1 37083
4077092934 2 37106 4077092968 1 37185
4077332394 2 37126 4077332429 1 37190
4077700838 2 37150 4077700869 1 37194
4077865059 2 37166 4077865095 1 37197
4077952223 2 37178 4077952257 1 37198
4078107635 2 37195 4078107667 1 37199
4078231247 2 37202 4078231279 1 37201
4082651806 0 13739 4082651924 1 37264
4084189860 0 13749 4084189976 1 37283
4085851489 2 37234 4085851521 1 37305
4086006642 0 13756 4086006759 1 37307
4086149831 2 37254 4086149865 1 37309
4086426573 0 13758 4086426664 2 37281
4093954942 2 37318 4093954977 1 37415
4094013046 2 37328 4094013079 1 37416
4094260594 2 37344 4094260626 1 37420
4094739862 2 37396 4094739893 1 37426
4094794955 2 37403 4094795064 0 13786
4094857805 2 37408 4094857834 1 37428
4101742761 0 13809 4101742880 1 37522
4102299062 2 37430 4102299093 1 37529
4102328545 2 37432 4102328577 1 37531
4102507913 2 37442 4102507947 1 37532
4102817390 0 13813 4102817475 2 37466
4103093104 2 37511 4103093138 1 37541
4111285726 0 13843 4111285809 2 37607
4111509498 0 13844 4111509582 2 37632
4119757900 0 13865 4119757984 2 37712
4166805799 1 37652 4166805908 0 14008
4169327414 2 37750 4169327445 1 37677
4172690820 0 14029 4172690938 1 37712
4177540585 2 37788 4177540618 1 37761
4184918313 0 14075 4184918429 1 37836
4185392280 2 37848 4185392323 1 37841
4186050491 2 37884 4186050524 1 37847
4186153116 2 37894 4186153150 1 37848
4186262008 2 37904 4186262039 1 37849
4186352976 2 37916 4186353008 1 37850
4193643705 2 37929 4193643737 1 37940
4194048992 2 37945 4194049025 1 37942
4194089046 2 37948 4194089080 1 37945
4194291281 2 37964 4194291315 1 37948
4194369367 2 37970 4194369402 1 37949
4202067031 2 38031 4202067062 1 38057
4202153502 2 38037 4202153530 1 38059
4202226808 2 38039 4202226837 1 38060
4202504123 2 38058 4202504154 1 38064
4202673096 2 38074 4202673130 1 38067
4202891466 2 38097 4202891498 1 38071
4210676089 2 38156 4210676112 1 38178
4210827762 2 38171 4210827796 1 38180
4210913521 2 38179 4210913554 1 38182
4211272668 2 38227 4211272702 1 38187
4218870855 1 38290 4218870923 2 38268
4218881419 2 38270 4218881454 1 38291
4219008786 2 38277 4219008817 1 38293
4219122980 0 14168 4219123063 2 38282
4219316456 2 38302 4219316489 1 38297
4219408111 2 38312 4219408144 1 38299
4219605411 2 38328 4219605503 1 38300
4219762818 0 14170 4219762937 1 38304
4219767105 2 38341 4219767139 1 38305
4225353163 0 14194 4225353168 1 38377
4227377384 2 38369 4227377415 1 38401
4227778387 0 14207 4227778471 2 38397
4227794430 2 38399 4227794461 1 38408
4230263175 0 14217 4230263293 1 38441
4235189623 0 14240 4235189741 1 38505
4235679699 2 38468 4235679734 1 38512
4235682435 2 38469 4235682468 1 38513
4235864099 2 38484 4235864132 1 38516
4235904702 2 38491 4235904734 1 38517
4236069517 2 38504 4236069549 1 38520
4236283854 2 38529 4236283885 1 38523
4236447604 2 38549 4236447637 1 38524
4239890799 0 14252 4239890917 1 38572
4244068911 2 38579 4244068944 1 38631
4244130807 0 14265 4244130890 2 38585
4244435698 2 38604 4244435731 1 38636
4244645246 2 38628 4244645282 1 38638
4244912394 2 38658 4244912427 1 38642
4249053274 0 14276 4249053393 1 38703
4252332469 0 14287 4252332554 2 38682
4252456200 0 14288 4252456285 2 38692
4252609875 2 38703 4252609907 1 38751
4253004293 2 38736 4253004324 1 38755
4253150833 2 38750 4253150866 1 38757
4260442194 2 38766 4260442227 1 38858
4260552002 2 38773 4260552038 1 38860
4260633681 2 38778 4260633712 1 38861
4260828332 2 38792 4260828365 1 38862
4260896936 0 14318 4260897020 2 38799
4260928166 2 38800 4260928200 1 38864
4261069979 0 14319 4261070063 2 38813
4261199682 0 14320 4261199768 2 38827
4261450160 0 14321 4261450277 1 38871
4261492775 2 38855 4261492810 1 38872
4261595012 2 38864 4261595046 1 38873
4268626367 2 38870 4268626400 1 38974
4269061747 0 14339 4269061864 1 38979
4269086382 2 38890 4269086415 1 38980
4269262747 0 14341 4269262831 2 38905
4269317857 2 38909 4269317892 1 38982
4269449136 2 38919 4269449170 1 38984
4269525119 2 38929 4269525151 1 38985
4269656172 2 38940 4269656204 1 38987
4269751434 2 38950 4269751465 1 38989
4269874998 2 38956 4269875031 1 38990
4269926867 0 14342 4269926954 2 38960
4277342169 2 38990 4277342202 1 39095
4277408938 2 38997 4277408971 1 39096
4277562397 2 39012 4277562432 1 39098
4277567191 2 39013 4277567226 1 39099
4277826097 0 14365 4277826179 2 39033
4278066675 2 39057 4278066707 1 39105
4278155052 2 39062 4278155085 1 39107
4278221788 0 14367 4278221874 2 39071
4281080565 0 14373 4281080681 1 39149
4285605496 2 39086 4285605527 1 39211
4285708584 2 39092 4285708616 1 39212
4285991219 2 39110 4285991254 1 39216
4286145721 0 14392 4286145805 2 39128
4286209486 2 39135 4286209520 1 39218
4286397629 0 14393 4286397713 2 39163
4286536848 2 39183 4286536880 1 39223
4286593975 2 39185 4286594005 1 39224
4292794616 0 14429 4292794733 1 39303
4294062001 2 39202 4294062032 1 39318
4294138490 2 39207 4294138595 0 14435
4294182476 0 14436 4294182561 2 39212
4294401750 2 39225 4294401779 1 39322
4294658310 2 39253 4294658344 1 39326
4294750060 2 39268 4294750093 1 39327
4294821651 0 14438 4294821735 2 39279
