54244878 0 148 54244942 1 153
54534887 0 152 54534977 1 154
54793010 0 155 54793071 1 160
55781525 0 177 55781582 1 176
56638328 0 185 56638389 1 189
57769203 0 203 57769258 1 205
58753550 1 222 58753577 0 221
59872727 0 235 59872788 1 238
60196740 0 238 60196796 1 242
62000111 0 269 62000187 1 272
63601682 0 289 63601735 1 294
65208213 1 319 65208287 0 319
72271311 0 422 72271372 1 429
73887616 0 442 73887672 1 452
76404425 0 482 76404487 1 492
78349565 0 518 78349701 1 522
85738557 0 624 85738621 1 635
87460205 0 655 87460268 1 662
88165275 0 670 88165338 1 672
93621348 0 754 93621352 1 757
110052444 1 1008 110052505 0 1005
110553000 0 1011 110553058 1 1018
112759036 1 1054 112759176 0 1045
115430705 0 1092 115430806 1 1091
121341959 0 1172 121342020 1 1183
123129242 0 1212 123129326 1 1211
125582386 0 1244 125582442 1 1249
127769782 0 1281 127769839 1 1283
130332393 1 1323 130332497 0 1324
130830604 1 1332 130830657 0 1328
132090632 0 1346 132090693 1 1351
132477995 0 1354 132478046 1 1353
134754681 0 1391 134754701 1 1390
135295152 0 1401 135295185 1 1398
136609285 0 1419 136609341 1 1420
137239719 0 1429 137239779 1 1430
138365343 0 1448 138365405 1 1447
141505341 0 1489 141505457 1 1495
143896321 0 1529 143896378 1 1530
152301371 0 1661 152301432 1 1661
154880326 0 1695 154880424 1 1703
155557331 0 1708 155557394 1 1712
155601654 0 1711 155601716 1 1713
158887705 0 1764 158887714 1 1763
204547057 0 1788 204547070 1 1786
211407492 1 1890 211407632 0 1890
215080443 0 1952 215080500 1 1951
226000569 0 2117 226000628 1 2118
226645201 0 2130 226645262 1 2130
232879424 0 2222 232879481 1 2226
235617250 0 2266 235617313 1 2267
237033008 1 2287 237033040 0 2289
239235413 0 2323 239235469 1 2323
239914643 0 2336 239914706 1 2333
243731300 0 2390 243731356 1 2393
244549239 0 2401 244549251 1 2405
246781878 0 2440 246781935 1 2440
247249434 0 2446 247249490 1 2448
250255285 0 2487 250255343 1 2491
250915576 0 2498 250915634 1 2498
254800961 0 2563 254801021 1 2562
258508371 1 2618 258508392 0 2605
263371098 0 2679 263371160 1 2694
265124335 0 2709 265124397 1 2718
267949130 0 2764 267949190 1 2765
272342259 0 2834 272342322 1 2833
273136372 0 2846 273136430 1 2845
276727272 1 2898 276727408 0 2897
280824062 0 2957 280824118 1 2961
287090423 0 3053 287090478 1 3052
288139889 0 3067 288139950 1 3067
291495766 0 3117 291495822 1 3115
293341444 0 3143 293341501 1 3144
297513754 0 3207 297513816 1 3207
304136750 0 3309 304136812 1 3311
305262615 0 3325 305262669 1 3324
306155237 0 3338 306155298 1 3340
306927184 0 3348 306927246 1 3349
313562174 1 3447 313562242 0 3437
315071405 0 3464 315071460 1 3471
364893857 0 3549 364893920 1 3556
367972189 0 3604 367972248 1 3603
368712596 1 3616 368712705 0 3611
371571127 0 3652 371571183 1 3656
373872143 0 3695 373872198 1 3694
374725707 1 3709 374725775 0 3709
376602372 0 3736 376602434 1 3737
379027684 0 3772 379027745 1 3774
381186375 0 3806 381186436 1 3806
383999906 0 3849 383999968 1 3849
384083267 0 3851 384083330 1 3850
384737745 0 3861 384737798 1 3860
385633918 0 3873 385634035 1 3873
388016536 0 3909 388016593 1 3912
392686109 0 3983 392686168 1 3984
402122567 0 4130 402122627 1 4127
403952359 0 4157 403952420 1 4158
405024835 0 4172 405024895 1 4174
405506340 1 4181 405506342 0 4175
411410001 0 4269 411410012 1 4272
413255290 0 4299 413255353 1 4301
418845522 0 4387 418845585 1 4386
419469044 0 4395 419469106 1 4396
423542043 0 4459 423542101 1 4461
431145969 0 4576 431146028 1 4577
434492484 0 4624 434492547 1 4626
434975749 0 4632 434975812 1 4633
436167987 0 4652 436168044 1 4652
440508483 0 4718 440508545 1 4718
449150661 0 4837 449150725 1 4846
451116320 1 4874 451116334 0 4872
457121658 0 4960 457121738 1 4963
464230845 0 5061 464230905 1 5067
464281224 0 5066 464281281 1 5068
467195756 0 5111 467195817 1 5111
517349076 0 5202 517349139 1 5203
518859067 0 5226 518859128 1 5225
524937067 0 5322 524937127 1 5321
526746347 0 5341 526746405 1 5349
533772762 1 5455 533772792 0 5451
539146209 0 5533 539146270 1 5539
544451368 0 5612 544451429 1 5622
550055097 0 5704 550055159 1 5704
562971200 0 5902 562971260 1 5904
563732798 0 5918 563732859 1 5914
564702144 0 5931 564702183 1 5932
570635430 0 6024 570635501 1 6024
573937101 0 6071 573937159 1 6076
575156802 0 6090 575156857 1 6094
575489454 0 6097 575489515 1 6098
576110757 0 6105 576110817 1 6108
576598200 0 6111 576598264 1 6116
576777660 0 6114 576777723 1 6119
579654935 0 6158 579654994 1 6162
585894656 1 6256 585894660 0 6257
587080958 0 6276 587081019 1 6277
599322273 0 6463 599322335 1 6464
612219949 0 6662 612220011 1 6661
616974666 0 6733 616974726 1 6735
618650263 0 6758 618650326 1 6761
627900468 0 6901 627900520 1 6901
681559999 0 7024 681560061 1 7047
692507524 0 7208 692507603 1 7210
700611184 0 7335 700611240 1 7333
703393257 0 7375 703393319 1 7377
705208598 0 7407 705208658 1 7404
705222497 0 7408 705222560 1 7405
706843497 1 7431 706843585 0 7432
713053262 0 7526 713053319 1 7527
715831333 0 7561 715831390 1 7570
720144774 0 7632 720144837 1 7635
722161519 0 7666 722161582 1 7667
725866678 0 7724 725866740 1 7725
728594581 0 7763 728594642 1 7766
729608554 0 7782 729608611 1 7783
733742143 1 7841 733742265 0 7841
734921429 0 7860 734921520 1 7860
740043472 0 7937 740043536 1 7936
740384888 0 7942 740384949 1 7941
740719307 0 7946 740719370 1 7948
747864737 0 8051 747864792 1 8055
750531739 1 8093 750531829 0 8092
751291996 0 8105 751292058 1 8104
755278097 1 8166 755278107 0 8164
763339031 0 8288 763339092 1 8287
767480001 0 8347 767480062 1 8352
769463386 1 8383 769463388 0 8382
770249570 1 8393 770249706 0 8393
772746935 0 8434 772747055 1 8432
774550711 0 8452 774550772 1 8460
780012890 1 8543 780013024 0 8535
783153897 1 8591 783154041 0 8589
833874882 1 8696 833874967 0 8690
834460892 1 8705 834460897 0 8699
835167686 1 8716 835167740 0 8713
837043743 0 8744 837043803 1 8745
838137970 0 8762 838138030 1 8762
839320525 1 8777 839320646 0 8781
840054645 0 8791 840054702 1 8791
847093128 0 8899 847093192 1 8899
847642437 0 8906 847642494 1 8908
847797666 0 8909 847797723 1 8911
849187701 0 8927 849187756 1 8930
854381259 0 9009 854381320 1 9011
862694672 0 9131 862694729 1 9138
864142673 0 9157 864142713 1 9161
867280942 0 9209 867281001 1 9208
869390572 0 9237 869390641 1 9238
872651768 0 9289 872651819 1 9290
874249569 0 9310 874249630 1 9314
876341774 0 9347 876341836 1 9346
878820684 0 9384 878820747 1 9384
880164177 0 9405 880164234 1 9406
882000339 0 9433 882000401 1 9435
883698083 0 9455 883698145 1 9461
885270154 0 9479 885270215 1 9485
885415077 0 9485 885415140 1 9487
886324126 0 9498 886324185 1 9501
886916271 0 9505 886916333 1 9509
893181183 0 9607 893181247 1 9607
906825621 0 9805 906825680 1 9814
908286183 0 9837 908286245 1 9837
915819607 0 9949 915819629 1 9952
916213483 0 9952 916213550 1 9958
924678428 0 10085 924678488 1 10087
924824528 0 10089 924824591 1 10090
930957888 1 10182 930957923 0 10185
936050655 0 10258 936050712 1 10259
937017582 0 10270 937017641 1 10270
986386549 1 10351 986386606 0 10350
992620324 0 10443 992620381 1 10447
993045184 0 10453 993045271 1 10454
996707596 0 10512 996707654 1 10510
1003099332 0 10599 1003099405 1 10608
1013472856 0 10770 1013472912 1 10769
1015364013 0 10799 1015364076 1 10798
1015614318 0 10803 1015614380 1 10803
1018124088 0 10838 1018124146 1 10841
1021011962 0 10887 1021012018 1 10887
1027543758 1 10987 1027543770 0 10985
1027770995 0 10989 1027771055 1 10990
1030692986 0 11032 1030693045 1 11036
1039576537 0 11161 1039576600 1 11172
1040929805 0 11187 1040929866 1 11191
1041111361 0 11193 1041111421 1 11195
1049580440 0 11325 1049580501 1 11324
1050504291 0 11337 1050504351 1 11339
1050977657 1 11347 1050977783 0 11349
1059452863 0 11474 1059452928 1 11477
1064595224 0 11553 1064595286 1 11555
1064689354 0 11557 1064689415 1 11558
1065759906 0 11571 1065759968 1 11575
1067523126 0 11596 1067523186 1 11602
1078039342 0 11764 1078039425 1 11764
1079682098 0 11791 1079682156 1 11790
1083433704 0 11839 1083433759 1 11849
1084122379 0 11851 1084122436 1 11857
1089820410 0 11941 1089820472 1 11946
1094017825 0 12007 1094017880 1 12010
1141060773 0 12053 1141060833 1 12052
1142380818 0 12074 1142380948 1 12074
1142880359 0 12081 1142880420 1 12079
1143668326 0 12095 1143668388 1 12094
1144508029 0 12106 1144508084 1 12106
1151699000 0 12209 1151699147 1 12218
1155540671 0 12275 1155540728 1 12277
1159673343 0 12340 1159673404 1 12341
1164840920 0 12420 1164840941 1 12420
1166045183 0 12436 1166045242 1 12437
1171903898 0 12529 1171903960 1 12529
1174020514 0 12563 1174020576 1 12561
1174795108 0 12575 1174795164 1 12572
1175246688 1 12581 1175246812 0 12581
1178198499 1 12628 1178198584 0 12621
1183070788 0 12700 1183070853 1 12702
1185845624 0 12745 1185845685 1 12744
1188635866 0 12786 1188635919 1 12787
1189593087 0 12802 1189593148 1 12804
1196483148 0 12904 1196483207 1 12907
1196999065 0 12914 1196999122 1 12915
1197050779 0 12915 1197050841 1 12916
1200952867 0 12972 1200952871 1 12973
1202368593 0 12993 1202368649 1 12994
1205623838 0 13042 1205623890 1 13043
1209425700 0 13098 1209425756 1 13100
1210639921 1 13118 1210640027 0 13115
1212920759 0 13153 1212920820 1 13153
1213419951 0 13159 1213420013 1 13157
1219582471 0 13251 1219582526 1 13251
1225913244 0 13345 1225913306 1 13339
1229166795 0 13394 1229166851 1 13394
1231439358 0 13428 1231439415 1 13426
1232832514 0 13445 1232832640 1 13447
1245597623 1 13640 1245597680 0 13639
1247073827 0 13663 1247073888 1 13663
1248078929 0 13679 1248078987 1 13679
1302540501 0 13840 1302540519 1 13837
1302733306 0 13842 1302733327 1 13842
1303215550 0 13849 1303215612 1 13850
1303227171 0 13850 1303227226 1 13851
1311404556 1 13976 1311404663 0 13974
1312925159 0 13994 1312925221 1 14000
1313222947 0 13998 1313223007 1 14004
1313734172 0 14009 1313734229 1 14011
1318448769 0 14082 1318448827 1 14082
1319757561 0 14105 1319757621 1 14103
1323374831 0 14153 1323374892 1 14159
1323399889 0 14155 1323399947 1 14160
1326287524 0 14202 1326287579 1 14204
1330958131 1 14277 1330958189 0 14272
1332870624 0 14305 1332870733 1 14306
1335890478 0 14350 1335890538 1 14353
1337415116 0 14373 1337415176 1 14376
1337503065 0 14376 1337503126 1 14377
1337604583 0 14380 1337604638 1 14378
1343335163 0 14467 1343335184 1 14467
1347324518 0 14530 1347324573 1 14529
1351599561 1 14594 1351599571 0 14594
1353611545 0 14624 1353611603 1 14626
1355061173 0 14649 1355061229 1 14649
1360961961 0 14740 1360961992 1 14739
1362338585 0 14759 1362338649 1 14762
1362662683 0 14766 1362662746 1 14765
1373966819 0 14935 1373966881 1 14939
1374925734 0 14952 1374925794 1 14955
1376028069 0 14972 1376028130 1 14972
1376491834 0 14977 1376491895 1 14980
1379593299 0 15025 1379593360 1 15028
1387202200 1 15144 1387202269 0 15142
1388314918 0 15162 1388314980 1 15163
1388324743 1 15164 1388324771 0 15163
1392050890 1 15219 1392051029 0 15216
1392520959 0 15228 1392521016 1 15227
1393223349 0 15236 1393223413 1 15239
1399953968 0 15341 1399954028 1 15341
1400640524 0 15351 1400640549 1 15353
1402867945 0 15381 1402868008 1 15388
1404523094 0 15408 1404523155 1 15413
1452208307 0 15467 1452208368 1 15469
1453465407 0 15489 1453465469 1 15489
1455011849 0 15510 1455011973 1 15514
1455852683 0 15525 1455852716 1 15526
1457439507 0 15548 1457439569 1 15551
1458593391 0 15568 1458593453 1 15568
1459608742 0 15585 1459608805 1 15584
1460846914 0 15600 1460846971 1 15600
1461140463 0 15603 1461140526 1 15607
1463288394 0 15639 1463288456 1 15641
1464299625 0 15656 1464299688 1 15657
1467031601 0 15699 1467031657 1 15697
1469030220 0 15728 1469030278 1 15730
1473673430 0 15799 1473673558 1 15800
1475600857 0 15830 1475600919 1 15828
1479890216 0 15890 1479890277 1 15897
1492749669 0 16096 1492749727 1 16094
1498495725 0 16185 1498495795 1 16184
1503461586 0 16257 1503461642 1 16259
1503577244 1 16263 1503577378 0 16258
1505375312 0 16281 1505375374 1 16290
1507830898 0 16325 1507830957 1 16327
1511779859 0 16391 1511779921 1 16390
1512740142 0 16401 1512740195 1 16404
1517518413 0 16477 1517518473 1 16478
1521326825 0 16529 1521326958 1 16538
1526802322 0 16622 1526802414 1 16621
1532329130 0 16706 1532329188 1 16706
1535437461 0 16745 1535437517 1 16754
1541283935 0 16835 1541283997 1 16845
1542614940 1 16863 1542614985 0 16863
1550244200 0 16982 1550244257 1 16982
1555318744 0 17054 1555318801 1 17057
1557785954 0 17097 1557786013 1 17097
1606645033 0 17159 1606645096 1 17161
1607682441 0 17177 1607682500 1 17178
1609103127 0 17199 1609103189 1 17200
1609564733 0 17203 1609564796 1 17206
1620355049 0 17363 1620355104 1 17371
1627024109 0 17472 1627024170 1 17474
1627731646 0 17484 1627731707 1 17482
1627739025 0 17485 1627739086 1 17483
1631617308 1 17542 1631617329 0 17539
1633924117 0 17577 1633924178 1 17577
1635440851 0 17601 1635440909 1 17601
1641608270 0 17687 1641608332 1 17698
1642016893 0 17693 1642016956 1 17702
1642704660 0 17702 1642704721 1 17711
1647448262 0 17770 1647448320 1 17786
1648622705 0 17783 1648622766 1 17805
1649038033 0 17789 1649038091 1 17810
1649890019 0 17807 1649890031 1 17825
1653910978 1 17883 1653911068 0 17885
1660257094 1 17983 1660257095 0 17982
1663675056 1 18036 1663675196 0 18036
1668065748 0 18099 1668065806 1 18105
1670602718 0 18143 1670602778 1 18145
1676681420 0 18228 1676681538 1 18236
1677787661 0 18247 1677787722 1 18255
1678862307 0 18272 1678862369 1 18271
1684667040 1 18359 1684667103 0 18359
1685485041 0 18375 1685485104 1 18375
1685967789 0 18380 1685967849 1 18380
1686684050 0 18390 1686684113 1 18393
1689662567 0 18435 1689662683 1 18435
1690975011 0 18450 1690975045 1 18454
1691664214 0 18465 1691664274 1 18464
1693206050 1 18489 1693206163 0 18487
1695016201 0 18516 1695016263 1 18515
1696907695 1 18545 1696907763 0 18543
1699039584 1 18577 1699039628 0 18577
1699531637 0 18581 1699531697 1 18583
1701666455 0 18614 1701666470 1 18616
1707110287 0 18699 1707110347 1 18698
1708883571 0 18726 1708883628 1 18726
1713465763 0 18794 1713465825 1 18795
1713525554 0 18796 1713525613 1 18796
1714244382 0 18805 1714244445 1 18806
1714921992 0 18817 1714922137 1 18813
1715320084 0 18822 1715320142 1 18822
1716828453 0 18844 1716828514 1 18845
1765481912 0 18913 1765481968 1 18913
1767712084 0 18943 1767712144 1 18945
1770967764 0 18996 1770967827 1 18997
1773808386 0 19036 1773808472 1 19041
1776532142 0 19082 1776532204 1 19082
1778584837 0 19108 1778584897 1 19116
1780905656 0 19146 1780905717 1 19149
1781578490 0 19160 1781578550 1 19161
1790192118 0 19288 1790192179 1 19291
1791882585 0 19320 1791882616 1 19317
1800254533 0 19447 1800254590 1 19447
1804383504 0 19511 1804383558 1 19511
1804935134 1 19521 1804935266 0 19515
1807453451 0 19556 1807453514 1 19558
1814172706 0 19661 1814172763 1 19663
1815927690 0 19688 1815927752 1 19690
1816238537 0 19693 1816238597 1 19694
1821593017 0 19778 1821593077 1 19779
1824686631 0 19822 1824686685 1 19826
1827546475 0 19869 1827546536 1 19870
1827824568 0 19875 1827824629 1 19875
1836802308 0 20011 1836802368 1 20012
1843689163 0 20113 1843689224 1 20116
1843880711 0 20116 1843880714 1 20119
1846119488 1 20156 1846119552 0 20149
1856435801 0 20311 1856435864 1 20314
1858242962 0 20336 1858243020 1 20341
1861361693 0 20382 1861361756 1 20390
1863254866 0 20417 1863254875 1 20418
1864369219 0 20435 1864369282 1 20436
1920113920 0 20615 1920113983 1 20614
1920831198 0 20625 1920831254 1 20627
1922668397 0 20651 1922668459 1 20653
1926173460 0 20703 1926173516 1 20709
1927160452 0 20722 1927160513 1 20722
1932219836 0 20798 1932219896 1 20801
1932481031 0 20802 1932481087 1 20804
1933394646 0 20815 1933394709 1 20817
1936402534 0 20859 1936402594 1 20860
1942572326 0 20955 1942572384 1 20956
1944242725 0 20983 1944242786 1 20982
1954752229 0 21140 1954752289 1 21141
1963880124 0 21278 1963880187 1 21283
1968045403 0 21345 1968045461 1 21344
1972665556 0 21404 1972665616 1 21413
1972773040 0 21409 1972773099 1 21415
1973253488 0 21418 1973253550 1 21420
1973635976 1 21428 1973636016 0 21426
1975074797 0 21450 1975074855 1 21450
1983029754 0 21570 1983029813 1 21568
1986687478 0 21621 1986687541 1 21620
1994846259 0 21744 1994846315 1 21746
2000888400 0 21838 2000888459 1 21839
2003039280 0 21868 2003039406 1 21867
2007791757 0 21937 2007791819 1 21940
2013909730 0 22020 2013909792 1 22029
2017232994 1 22077 2017233027 0 22076
2020376917 0 22125 2020376974 1 22126
2021841144 0 22148 2021841187 1 22148
2023587247 1 22173 2023587317 0 22172
2029710177 0 22266 2029710238 1 22267
2075329329 0 22290 2075329387 1 22287
2076848427 0 22314 2076848485 1 22314
2085423510 0 22444 2085423565 1 22445
2086554845 0 22461 2086554900 1 22462
2091922319 0 22540 2091922381 1 22546
2092010551 0 22542 2092010612 1 22547
2093744189 0 22571 2093744253 1 22573
2093978483 1 22576 2093978572 0 22578
2098221166 0 22639 2098221221 1 22645
2098638693 0 22647 2098638754 1 22649
2099124347 1 22658 2099124470 0 22655
2101114024 0 22685 2101114091 1 22688
2102892701 0 22711 2102892762 1 22717
2107410427 0 22782 2107410489 1 22785
2109517480 1 22819 2109517582 0 22816
2118749338 0 22953 2118749394 1 22952
2119619158 0 22966 2119619221 1 22967
2121407056 0 22993 2121407112 1 22992
2123725012 1 23024 2123725083 0 23026
2124673863 0 23040 2124673953 1 23040
2124679383 0 23041 2124679443 1 23041
2126112754 0 23059 2126112815 1 23060
2126754345 0 23067 2126754407 1 23070
2131763766 0 23141 2131763827 1 23146
2137417144 0 23224 2137417205 1 23227
2137650791 0 23228 2137650847 1 23231
2137731713 0 23230 2137731768 1 23234
2139968939 0 23270 2139969001 1 23270
2142246179 0 23300 2142246241 1 23304
2147462043 0 23381 2147462104 1 23377
2150091885 1 23422 2150092031 0 23420
2157134512 0 23520 2157134621 1 23524
2159483403 0 23560 2159483465 1 23558
2162503284 0 23603 2162503347 1 23606
2163002214 0 23613 2163002277 1 23615
2163504066 0 23623 2163504127 1 23624
2165796339 0 23656 2165796401 1 23655
2173380825 0 23766 2173380908 1 23769
2173399835 0 23768 2173399896 1 23770
2175552649 0 23800 2175552708 1 23800
2180900987 0 23879 2180901051 1 23882
2184305341 0 23929 2184305403 1 23932
2184470023 0 23932 2184470170 1 23933
2232447004 0 23985 2232447065 1 23987
2234351873 0 24011 2234351934 1 24019
2235424171 0 24027 2235424264 1 24035
2235503123 0 24030 2235503187 1 24037
2236017775 1 24043 2236017869 0 24039
2239563406 0 24090 2239563467 1 24099
2241190677 0 24109 2241190739 1 24125
2245450332 0 24172 2245450394 1 24188
2246488025 0 24196 2246488087 1 24203
2246970811 0 24203 2246970936 1 24211
2247497158 0 24216 2247497223 1 24221
2248822515 0 24237 2248822541 1 24240
2251034639 0 24273 2251034700 1 24275
2252252313 0 24291 2252252376 1 24293
2261568650 0 24431 2261568712 1 24437
2274340938 1 24630 2274341009 0 24623
2281015806 0 24732 2281015868 1 24733
2283260757 0 24765 2283260819 1 24769
2293040838 0 24914 2293040893 1 24920
2293262009 1 24922 2293262074 0 24919
2298864805 0 25009 2298864861 1 25009
2300342242 0 25030 2300342298 1 25032
2301571708 0 25050 2301571752 1 25051
2302235674 0 25062 2302235732 1 25061
2307919606 0 25150 2307919668 1 25149
2310061958 0 25180 2310062014 1 25182
2311434311 0 25202 2311434446 1 25204
2325525903 0 25419 2325525963 1 25421
2338647674 1 25620 2338647681 0 25615
2389048101 0 25710 2389048163 1 25715
2389469714 0 25714 2389469771 1 25720
2390617313 0 25736 2390617374 1 25739
2391534544 0 25749 2391534606 1 25753
2393106412 0 25774 2393106467 1 25778
2394790524 0 25803 2394790574 1 25805
2409606357 0 26029 2409606419 1 26034
2410134422 0 26037 2410134537 1 26040
2410474825 0 26043 2410474881 1 26045
2410495253 1 26046 2410495372 0 26044
2411904083 0 26063 2411904145 1 26068
2415091571 0 26113 2415091626 1 26117
2416117539 0 26128 2416117590 1 26133
2417412607 0 26151 2417412665 1 26152
2420025770 0 26189 2420025827 1 26191
2423658903 0 26249 2423659012 1 26245
2428145155 0 26307 2428145217 1 26315
2432451737 0 26383 2432451795 1 26385
2432962775 0 26389 2432962831 1 26391
2433778976 0 26403 2433779032 1 26404
2437188188 0 26453 2437188303 1 26454
2441224165 0 26505 2441224226 1 26512
2443567729 1 26549 2443567816 0 26548
2445625989 1 26582 2445626135 0 26582
2446780382 0 26597 2446780436 1 26599
2452361635 1 26680 2452361666 0 26680
2455671905 0 26729 2455671969 1 26730
2467773908 0 26903 2467773970 1 26911
2471625256 0 26970 2471625318 1 26968
2472531185 0 26984 2472531246 1 26984
2479097435 0 27085 2479097497 1 27085
2482113454 0 27129 2482113516 1 27131
2488777451 0 27230 2488777513 1 27235
2491909298 0 27276 2491909360 1 27283
2492193637 0 27283 2492193698 1 27288
2493601383 0 27304 2493601502 1 27309
2494165813 0 27313 2494165869 1 27317
2494561804 0 27322 2494561859 1 27322
2496293510 0 27348 2496293566 1 27350
2498037527 0 27375 2498037589 1 27377
2551642094 1 27522 2551642154 0 27522
2555571496 0 27582 2555571557 1 27583
2556467538 0 27597 2556467598 1 27598
2564726102 0 27716 2564726165 1 27724
2571038456 1 27824 2571038490 0 27820
2571912682 0 27834 2571912742 1 27838
2579165882 0 27944 2579165939 1 27947
2581581917 0 27975 2581581969 1 27984
2581933147 0 27978 2581933282 1 27991
2584107440 0 28015 2584107502 1 28023
2588706403 0 28092 2588706464 1 28094
2594857863 0 28191 2594857874 1 28190
2596312899 0 28211 2596312960 1 28212
2598807381 0 28248 2598807444 1 28247
2605661166 0 28354 2605661307 1 28353
2606879224 0 28368 2606879288 1 28371
2608118981 0 28391 2608119038 1 28389
2608949983 0 28404 2608950046 1 28403
2613657775 0 28471 2613657837 1 28476
2617575655 0 28536 2617575710 1 28536
2618946224 0 28555 2618946279 1 28556
2619537325 0 28566 2619537388 1 28564
2621728887 0 28598 2621728949 1 28598
2622984818 0 28620 2622984881 1 28619
2625438192 0 28655 2625438260 1 28656
2629176210 0 28712 2629176266 1 28714
2632899272 0 28771 2632899329 1 28771
2635367621 0 28810 2635367677 1 28810
2642388432 0 28914 2642388502 1 28919
2651882877 0 29063 2651882916 1 29065
2653842169 0 29093 2653842244 1 29093
2699311425 0 29114 2699311488 1 29115
2701242727 0 29143 2701242786 1 29142
2708621227 0 29253 2708621289 1 29254
2709921106 0 29271 2709921163 1 29272
2710836269 0 29281 2710836405 1 29290
2723271554 0 29479 2723271645 1 29479
2734749986 0 29655 2734750046 1 29651
2736912308 0 29683 2736912418 1 29688
2738838288 0 29714 2738838344 1 29719
2741065604 0 29745 2741065665 1 29752
2744406254 0 29804 2744406316 1 29804
2747274978 0 29845 2747275024 1 29849
2748286130 0 29857 2748286193 1 29865
2750036307 1 29891 2750036432 0 29880
2754137184 0 29941 2754137242 1 29955
2755583725 0 29974 2755583785 1 29975
2768878344 0 30178 2768878405 1 30181
2775587654 0 30285 2775587763 1 30285
2775668886 0 30287 2775668949 1 30288
2778063325 1 30324 2778063365 0 30324
2780020737 0 30352 2780020800 1 30354
2781337937 0 30369 2781337992 1 30376
2786809221 0 30452 2786809283 1 30459
2788247787 0 30478 2788247850 1 30481
2792962455 0 30543 2792962511 1 30553
2800447178 0 30656 2800447255 1 30671
2805250397 0 30745 2805250457 1 30745
2805474246 0 30748 2805474308 1 30748
2805966520 0 30755 2805966577 1 30754
2807372093 0 30778 2807372154 1 30776
2857242946 0 30866 2857243009 1 30867
2858715583 1 30887 2858715656 0 30887
2862414640 1 30942 2862414697 0 30944
2863431263 0 30957 2863431323 1 30960
2866895451 0 31010 2866895513 1 31011
2869203183 0 31039 2869203243 1 31048
2873742403 0 31114 2873742460 1 31117
2875274352 0 31137 2875274367 1 31141
2875941290 0 31149 2875941346 1 31151
2878706740 0 31190 2878706803 1 31194
2880719660 1 31225 2880719757 0 31222
2883125225 1 31260 2883125318 0 31254
2884906019 0 31288 2884906079 1 31287
2887101354 0 31321 2887101416 1 31321
2892326026 0 31400 2892326081 1 31403
2897287980 0 31469 2897288075 1 31479
2903368973 1 31572 2903369012 0 31567
2912679627 0 31708 2912679688 1 31717
2914214097 0 31725 2914214160 1 31739
2917013060 0 31774 2917013175 1 31782
2921899130 0 31857 2921899188 1 31857
2925420102 0 31911 2925420157 1 31910
2929839988 0 31970 2929840049 1 31980
2931607925 0 31993 2931607988 1 32006
2931830618 0 31997 2931830625 1 32009
2931920770 0 32000 2931920832 1 32011
2932443441 0 32014 2932443497 1 32019
2933110996 0 32029 2933111057 1 32031
2933173224 0 32032 2933173286 1 32032
2936218275 0 32072 2936218337 1 32076
2938916856 1 32117 2938916874 0 32117
2941906896 0 32163 2941906958 1 32164
2942135910 1 32168 2942135967 0 32168
2946909106 0 32237 2946909165 1 32238
2949122711 0 32273 2949122770 1 32274
2949923652 0 32286 2949923711 1 32288
2959429946 0 32434 2959430009 1 32435
2963870412 0 32499 2963870473 1 32503
3015722965 0 32625 3015723024 1 32626
3020478354 1 32699 3020478502 0 32697
3020892819 0 32705 3020892878 1 32706
3024167273 0 32753 3024167334 1 32756
3025101749 0 32770 3025101810 1 32769
3026397349 0 32788 3026397412 1 32787
3026980762 0 32795 3026980823 1 32797
3038484541 0 32973 3038484674 1 32975
3038910342 0 32977 3038910402 1 32982
3041393745 1 33019 3041393785 0 33018
3042309782 0 33035 3042309841 1 33034
3044773220 0 33065 3044773277 1 33068
3044931812 0 33069 3044931872 1 33073
3048470629 0 33120 3048470683 1 33129
3052552902 1 33191 3052552945 0 33189
3057327951 0 33259 3057328005 1 33265
3061590923 1 33329 3061590965 0 33332
3062645329 0 33345 3062645386 1 33347
3068080816 0 33420 3068080877 1 33432
3068561132 0 33433 3068561188 1 33439
3069538646 0 33450 3069538706 1 33455
3070631391 0 33468 3070631473 1 33471
3073709420 0 33512 3073709473 1 33518
3085846554 0 33704 3085846685 1 33702
3088676205 0 33747 3088676266 1 33748
3089936972 0 33766 3089937036 1 33766
3091043685 0 33785 3091043746 1 33785
3092728611 0 33809 3092728672 1 33811
3095578901 0 33855 3095578964 1 33854
3096206583 0 33865 3096206636 1 33865
3098676897 0 33900 3098676953 1 33899
3102603368 0 33958 3102603424 1 33959
3102610722 0 33959 3102610783 1 33960
3107123333 0 34021 3107123390 1 34024
3109286072 0 34054 3109286132 1 34057
3109680318 0 34060 3109680341 1 34063
3113501646 1 34117 3113501757 0 34116
3118117615 0 34182 3118117699 1 34187
3172540978 0 34338 3172541040 1 34340
3176570596 0 34399 3176570652 1 34401
3178044691 0 34419 3178044754 1 34424
3186383568 0 34548 3186383623 1 34547
3191465691 0 34622 3191465752 1 34625
3191739641 0 34626 3191739703 1 34629
3192799123 0 34645 3192799180 1 34646
3198044154 0 34726 3198044209 1 34727
3203867056 0 34808 3203867112 1 34816
3203922749 0 34809 3203922806 1 34817
3207175693 0 34861 3207175756 1 34868
3207776822 0 34872 3207776882 1 34872
3210651345 1 34921 3210651359 0 34920
3212957578 0 34957 3212957639 1 34955
3213281980 1 34962 3213281991 0 34959
3213339161 0 34961 3213339223 1 34964
3214305166 0 34972 3214305223 1 34978
3223833796 0 35125 3223833852 1 35125
3224552307 0 35136 3224552361 1 35137
3224967449 1 35144 3224967455 0 35144
3229789215 1 35218 3229789345 0 35216
3231211796 0 35233 3231211853 1 35240
3235194619 0 35290 3235194681 1 35297
3238974027 0 35348 3238974147 1 35352
3243929559 1 35426 3243929560 0 35427
3247130045 0 35475 3247130107 1 35474
3248065135 0 35487 3248065189 1 35487
3248861795 0 35501 3248861877 1 35501
3249719439 0 35515 3249719501 1 35516
3257980115 0 35638 3257980178 1 35641
3262692041 0 35712 3262692103 1 35711
3263981969 0 35732 3263982029 1 35732
3267116579 0 35778 3267116642 1 35780
3274241263 0 35887 3274241325 1 35886
3327128219 0 36020 3327128282 1 36023
3334317387 0 36133 3334317448 1 36133
3334355457 0 36135 3334355507 1 36134
3336229581 0 36163 3336229639 1 36163
3340407759 0 36222 3340407818 1 36226
3345030756 0 36299 3345030850 1 36298
3351483785 0 36394 3351483816 1 36397
3362593077 0 36555 3362593136 1 36569
3363333782 0 36565 3363333844 1 36579
3363560015 0 36567 3363560072 1 36583
3367643421 0 36626 3367643482 1 36645
3368320844 0 36636 3368320899 1 36654
3369356628 0 36652 3369356688 1 36672
3380951657 1 36848 3380951794 0 36844
3387909269 0 36955 3387909359 1 36955
3390104523 1 36989 3390104566 0 36985
3395780402 0 37071 3395780462 1 37074
3395890355 0 37076 3395890418 1 37075
3399004352 0 37120 3399004413 1 37120
3399872489 0 37133 3399872546 1 37133
3402522671 0 37173 3402522732 1 37172
3409284948 0 37277 3409285008 1 37276
3420663968 0 37444 3420664028 1 37451
3421114456 0 37453 3421114517 1 37457
3485835864 1 37767 3485835992 0 37768
3489549822 0 37826 3489549879 1 37826
3497456882 0 37946 3497456937 1 37949
3498645848 0 37966 3498645909 1 37967
3501032700 0 38001 3501032819 1 38005
3510374725 0 38139 3510374789 1 38148
3521477023 0 38313 3521477079 1 38312
3521665284 0 38316 3521665372 1 38316
3522187897 0 38324 3522187959 1 38324
3522442605 0 38328 3522442662 1 38328
3525999360 1 38381 3525999424 0 38384
3529729160 0 38436 3529729216 1 38437
3543449774 0 38638 3543449835 1 38643
3546799467 0 38692 3546799530 1 38694
3552537404 1 38779 3552537411 0 38778
3554557732 0 38808 3554557789 1 38808
3567095715 0 38988 3567095773 1 39000
3571361592 0 39057 3571361730 1 39065
3572699957 1 39087 3572700023 0 39075
3573706412 0 39087 3573706469 1 39103
3574856829 0 39105 3574856885 1 39120
3577675292 1 39163 3577675313 0 39155
3580938248 0 39213 3580938312 1 39214
3583707877 0 39256 3583707939 1 39258
3583934827 0 39262 3583934883 1 39260
3585029897 0 39278 3585029954 1 39278
3586851854 0 39306 3586851864 1 39306
3635542990 1 39375 3635543052 0 39372
3638549047 0 39419 3638549108 1 39421
3639592120 0 39436 3639592181 1 39439
3642406339 0 39477 3642406393 1 39482
3645189277 0 39518 3645189335 1 39524
3647607006 0 39560 3647607062 1 39562
3651878641 0 39623 3651878704 1 39628
3652052293 0 39629 3652052356 1 39630
3655565780 0 39684 3655565839 1 39685
3656206628 0 39690 3656206690 1 39692
3656669905 0 39699 3656669966 1 39702
3660476982 0 39760 3660477126 1 39761
3661672502 0 39774 3661672565 1 39779
3674427812 0 39972 3674427934 1 39975
3675833916 0 39998 3675833978 1 39997
3686349536 0 40158 3686349597 1 40155
3692237306 1 40243 3692237452 0 40241
3692605288 1 40250 3692605302 0 40245
3694363491 1 40278 3694363524 0 40272
3700565454 0 40371 3700565518 1 40373
3707032602 0 40472 3707032659 1 40473
3709435529 0 40508 3709435589 1 40511
3710354467 0 40525 3710354529 1 40524
3711548373 0 40540 3711548436 1 40543
3716115928 0 40614 3716115978 1 40614
3716603143 0 40622 3716603208 1 40621
3718889939 0 40656 3718890001 1 40657
3722493903 0 40714 3722493960 1 40713
3726112092 0 40766 3726112152 1 40768
3726599246 0 40776 3726599308 1 40776
3728022850 0 40798 3728022910 1 40797
3734731344 0 40898 3734731406 1 40899
3739513420 0 40971 3739513480 1 40973
3740583338 1 40991 3740583417 0 40986
3744208950 0 41044 3744209012 1 41045
3794120666 0 41132 3794120727 1 41135
3794481244 0 41136 3794481306 1 41142
3798168170 0 41189 3798168231 1 41197
3800820167 0 41236 3800820229 1 41239
3802399431 0 41253 3802399491 1 41263
3807843939 1 41347 3807844086 0 41345
3816015515 0 41470 3816015517 1 41473
3845991240 0 41935 3845991303 1 41937
3847687821 0 41963 3847687875 1 41963
3847777273 0 41965 3847777336 1 41965
3860458438 0 42151 3860458499 1 42159
3864785790 0 42214 3864785850 1 42226
3870668304 0 42318 3870668361 1 42319
3870932064 0 42322 3870932127 1 42321
3875185262 0 42386 3875185323 1 42387
3875879153 1 42399 3875879166 0 42397
3877136839 0 42414 3877136902 1 42417
3883523018 0 42513 3883523126 1 42514
3884432595 0 42526 3884432655 1 42527
3887939307 1 42582 3887939339 0 42582
3889756793 1 42610 3889756924 0 42604
3944795285 0 42776 3944795348 1 42780
3945436176 0 42784 3945436239 1 42792
3949890753 0 42860 3949890814 1 42859
3950227521 0 42865 3950227584 1 42866
3954038048 0 42926 3954038177 1 42924
3957244716 0 42973 3957244774 1 42974
3958919348 0 42999 3958919408 1 43000
3960275784 0 43014 3960275844 1 43021
3962764953 0 43057 3962765007 1 43057
3964879774 0 43091 3964879830 1 43088
3965049615 0 43094 3965049643 1 43095
3985210311 0 43398 3985210345 1 43405
3988449975 0 43453 3988450113 1 43454
3991004461 0 43494 3991004518 1 43493
3992696162 0 43517 3992696218 1 43520
3997632974 0 43595 3997633036 1 43596
4000185224 0 43630 4000185286 1 43634
4004561072 0 43697 4004561134 1 43703
4010702552 1 43798 4010702628 0 43797
4013318295 0 43836 4013318357 1 43838
4017895772 0 43904 4017895828 1 43908
4019706994 0 43925 4019707056 1 43935
4024090297 0 43998 4024090352 1 44004
4025785684 0 44029 4025785746 1 44027
4034451775 0 44161 4034451832 1 44162
4035319254 0 44174 4035319262 1 44176
4038805465 0 44226 4038805525 1 44226
4039016897 0 44229 4039016957 1 44232
4045951409 0 44332 4045951470 1 44336
4049883536 0 44396 4049883598 1 44396
4050208990 0 44400 4050209057 1 44402
4098854077 0 44473 4098854133 1 44475
4102121830 1 44524 4102121977 0 44523
4104255838 1 44558 4104255852 0 44555
4104448464 0 44556 4104448526 1 44560
4105056615 0 44562 4105056669 1 44569
4106003924 1 44585 4106004010 0 44573
4109494084 0 44637 4109494146 1 44638
4115684267 0 44730 4115684325 1 44732
4118365955 0 44770 4118366029 1 44773
4120335508 1 44804 4120335567 0 44799
4122558187 0 44838 4122558250 1 44837
4122816706 0 44842 4122816776 1 44842
4124187876 0 44863 4124187936 1 44862
4124995373 0 44876 4124995430 1 44876
4129218165 0 44937 4129218225 1 44940
4130125715 0 44955 4130125774 1 44955
4138611298 0 45086 4138611359 1 45087
4141187296 0 45118 4141187352 1 45124
4142333717 0 45136 4142333780 1 45141
4160300823 0 45414 4160300879 1 45420
4161597886 0 45432 4161597948 1 45440
4164333169 1 45483 4164333212 0 45476
4165586448 0 45499 4165586505 1 45503
4167806581 0 45536 4167806637 1 45536
4169206895 0 45554 4169206958 1 45560
4172976135 0 45613 4172976198 1 45616
4177900236 0 45685 4177900294 1 45692
4181573383 0 45746 4181573442 1 45749
4182147861 0 45757 4182147922 1 45757
4194149846 0 45943 4194149908 1 45943
4195664350 0 45964 4195664462 1 45966
4195680527 0 45966 4195680584 1 45967
4196502837 0 45980 4196502944 1 45980
4199985084 0 46034 4199985143 1 46034
4200316820 1 46039 4200316932 0 46041
4200769171 0 46043 4200769232 1 46046
4203055143 0 46082 4203055200 1 46081
4207225738 0 46144 4207225800 1 46146
4255786120 0 46217 4255786176 1 46215
4257863221 0 46248 4257863283 1 46247
4258636676 1 46261 4258636711 0 46259
4267010644 0 46385 4267010707 1 46391
4267492819 0 46392 4267492876 1 46397
4267876817 0 46402 4267876874 1 46402
4281537676 1 46615 4281537733 0 46614
4291273827 0 46766 4291273880 1 46763
4292489050 0 46780 4292489109 1 46784
4292775592 0 46786 4292775650 1 46788
4294494897 0 46815 4294494958 1 46814
