2118956 1 31 2119081 0 32
4299469 0 61 4299525 1 62
7309842 0 107 7309903 1 108
19358361 0 291 19358419 1 292
19901442 0 301 19901499 1 299
21649165 1 328 21649167 0 328
28110267 0 419 28110322 1 424
29245335 0 438 29245398 1 439
32341511 0 485 32341573 1 486
33826957 0 509 33827018 1 508
37767761 0 568 37767824 1 569
41763537 0 630 41763593 1 631
43593783 0 653 43593841 1 657
44892385 0 673 44892446 1 675
49185791 1 738 49185920 0 734
51918792 0 781 51918854 1 781
53508264 0 806 53508318 1 807
53851181 0 811 53851242 1 811
56216428 0 841 56216482 1 848
67742344 1 1022 67742400 0 1020
71645100 0 1076 71645154 1 1083
71782111 0 1078 71782143 1 1085
72268880 0 1087 72268941 1 1091
75202824 0 1130 75202921 1 1135
91843208 0 1386 91843265 1 1383
92775905 0 1400 92775964 1 1399
99350969 0 1497 99351020 1 1496
147207039 0 1544 147207092 1 1553
148033008 0 1552 148033071 1 1565
166294717 0 1846 166294780 1 1843
168112458 0 1866 168112519 1 1874
168990589 0 1881 168990697 1 1886
174262204 0 1957 174262264 1 1968
183590934 0 2106 183590990 1 2114
186958458 0 2163 186958517 1 2163
187100171 0 2166 187100228 1 2166
188396732 0 2177 188396791 1 2188
189832550 0 2207 189832613 1 2209
196270840 0 2305 196270901 1 2309
202698451 0 2406 202698508 1 2406
203515983 0 2420 203516067 1 2420
206265866 1 2464 206265937 0 2457
206897768 0 2463 206897830 1 2472
207450331 0 2476 207450349 1 2482
209615089 0 2513 209615152 1 2514
215431863 0 2602 215431924 1 2604
215653455 0 2605 215653515 1 2608
218006447 0 2637 218006505 1 2644
219202142 0 2652 219202202 1 2661
226716965 1 2779 226717039 0 2776
233736607 0 2884 233736659 1 2884
244004336 0 3028 244004394 1 3039
245441579 0 3058 245441642 1 3062
250400617 0 3133 250400675 1 3137
254573037 0 3187 254573109 1 3200
301069909 0 3238 301069967 1 3237
303020300 0 3263 303020363 1 3266
305763531 0 3304 305763592 1 3309
307878973 0 3340 307879030 1 3343
308399030 0 3347 308399092 1 3350
310238846 0 3375 310238974 1 3378
321880390 0 3555 321880530 1 3558
324679819 0 3601 324679847 1 3601
329899301 0 3680 329899361 1 3682
330966381 0 3693 330966422 1 3697
331183364 1 3701 331183416 0 3696
333875743 1 3744 333875802 0 3740
334488775 0 3748 334488837 1 3753
334617444 0 3753 334617506 1 3755
335022297 0 3761 335022358 1 3762
338290520 0 3812 338290583 1 3812
343233244 0 3888 343233306 1 3888
351669367 0 4016 351669428 1 4018
353501045 0 4044 353501119 1 4048
356162489 0 4082 356162545 1 4087
357662412 0 4102 357662483 1 4110
360933737 0 4142 360933785 1 4162
362116120 0 4165 362116183 1 4179
362323768 0 4168 362323820 1 4183
362726099 0 4177 362726163 1 4189
380755046 0 4462 380755106 1 4466
385217294 1 4533 385217310 0 4526
388348842 0 4580 388348900 1 4579
393996041 0 4660 393996102 1 4663
397739101 0 4724 397739163 1 4723
403374613 0 4811 403374676 1 4811
405729652 0 4844 405729715 1 4847
456268925 0 4940 456268945 1 4944
463099661 0 5052 463099717 1 5052
464242001 0 5067 464242064 1 5068
464383799 0 5069 464383860 1 5070
466980358 0 5111 466980416 1 5110
467697766 0 5123 467697828 1 5122
474101420 0 5212 474101557 1 5221
475971859 0 5247 475971919 1 5249
480498447 0 5314 480498555 1 5318
481690307 0 5334 481690370 1 5335
490393462 1 5463 490393508 0 5466
493639182 0 5514 493639288 1 5512
499155492 0 5598 499155599 1 5598
499733126 0 5605 499733188 1 5606
505132257 0 5685 505132314 1 5687
508581219 0 5738 508581277 1 5739
509876770 0 5761 509876825 1 5761
511809652 0 5789 511809714 1 5790
512457883 0 5799 512457936 1 5802
525190892 0 5998 525190948 1 5997
525934133 1 6006 525934170 0 6006
527514705 0 6028 527514761 1 6033
528433599 0 6042 528433630 1 6048
532373353 0 6108 532373366 1 6108
533403221 0 6124 533403283 1 6125
536151636 0 6167 536151696 1 6167
536897896 1 6179 536897982 0 6173
538551473 0 6201 538551578 1 6205
542868668 0 6267 542868730 1 6271
546979819 0 6334 546979881 1 6334
547597397 0 6345 547597460 1 6344
548829204 0 6359 548829261 1 6362
553135760 0 6427 553135905 1 6428
554506884 1 6448 554506947 0 6447
556605090 0 6481 556605151 1 6482
558732738 0 6512 558732811 1 6513
559068142 0 6518 559068197 1 6519
560833841 0 6547 560833904 1 6547
565859068 0 6617 565859129 1 6624
613153495 0 6668 613153551 1 6673
614653687 0 6696 614653744 1 6694
617843396 0 6740 617843458 1 6746
620036939 0 6779 620037001 1 6778
620497132 0 6785 620497192 1 6786
625857688 1 6869 625857689 0 6870
626501341 0 6876 626501402 1 6878
628877031 0 6912 628877087 1 6916
634988237 0 7008 634988294 1 7010
636240313 0 7031 636240370 1 7026
637362437 0 7047 637362487 1 7047
641757139 0 7113 641757226 1 7113
645864512 0 7174 645864573 1 7177
650090672 0 7234 650090732 1 7240
656756516 0 7340 656756578 1 7340
658989291 0 7373 658989352 1 7378
669057625 0 7524 669057681 1 7533
674162071 0 7611 674162133 1 7612
674470805 0 7615 674470859 1 7616
678620663 0 7681 678620722 1 7681
686009985 0 7795 686010044 1 7794
689368219 0 7842 689368280 1 7846
689458237 0 7843 689458298 1 7848
691255706 0 7876 691255788 1 7876
699469931 0 8002 699469990 1 8001
704380780 1 8077 704380902 0 8063
706750082 0 8090 706750139 1 8113
708304308 1 8138 708304375 0 8126
710151305 0 8162 710151367 1 8165
714792324 0 8236 714792385 1 8238
715492660 0 8245 715492721 1 8248
717753221 0 8277 717753281 1 8284
767590572 0 8371 767590630 1 8369
768681731 0 8386 768681792 1 8387
774667562 0 8478 774667618 1 8481
777400536 1 8523 777400641 0 8521
778014245 0 8530 778014307 1 8533
782943952 1 8607 782944081 0 8608
784067511 0 8623 784067599 1 8624
784937271 0 8638 784937287 1 8639
788702471 0 8695 788702528 1 8695
791326053 1 8736 791326161 0 8733
791437882 1 8739 791437987 0 8735
793892618 0 8773 793892676 1 8772
796048643 0 8806 796048646 1 8807
797642526 0 8829 797642582 1 8832
801867006 1 8897 801867110 0 8893
804252700 0 8930 804252764 1 8934
806259945 0 8964 806260005 1 8964
808872942 0 9001 808873003 1 9005
810080070 0 9021 810080133 1 9023
813526302 0 9072 813526360 1 9077
814179677 0 9085 814179739 1 9087
814948319 0 9099 814948381 1 9099
815162798 0 9101 815162860 1 9102
818151338 0 9146 818151399 1 9148
820679659 0 9185 820679721 1 9186
828077792 0 9298 828077848 1 9299
830830913 0 9340 830830974 1 9343
834000645 1 9391 834000758 0 9387
835654237 0 9418 835654341 1 9418
839344779 0 9473 839344841 1 9474
839938926 0 9479 839938989 1 9483
841213073 0 9498 841213130 1 9502
842270357 0 9517 842270419 1 9520
852949702 0 9682 852949763 1 9680
857227027 1 9747 857227104 0 9743
857582829 0 9750 857582890 1 9753
858017990 0 9760 858018048 1 9761
866245674 0 9884 866245736 1 9883
869637352 0 9939 869637407 1 9940
869866755 0 9944 869866814 1 9942
873818947 0 10002 873819009 1 10005
875219334 0 10026 875219339 1 10026
923635320 0 10078 923635383 1 10094
924648744 0 10097 924648806 1 10106
930211294 0 10189 930211387 1 10194
933202093 0 10234 933202155 1 10241
940540148 0 10350 940540210 1 10354
947528205 0 10461 947528267 1 10462
947701471 0 10465 947701529 1 10465
949411036 0 10489 949411096 1 10490
953327487 0 10547 953327550 1 10551
953402116 0 10549 953402179 1 10552
957024046 0 10606 957024109 1 10608
957117470 0 10607 957117531 1 10610
967309771 1 10768 967309868 0 10765
969537862 0 10794 969537924 1 10801
970058146 0 10801 970058210 1 10809
971971590 0 10840 971971642 1 10837
972533327 0 10847 972533388 1 10847
975701346 0 10898 975701403 1 10894
978556412 0 10939 978556540 1 10941
986861535 0 11060 986861595 1 11068
993721989 0 11174 993721989 1 11174
996464104 0 11209 996464165 1 11214
1001152110 0 11285 1001152168 1 11287
1004455163 0 11337 1004455226 1 11339
1006216111 0 11364 1006216173 1 11366
1008013370 0 11384 1008013426 1 11395
1009590022 0 11418 1009590086 1 11419
1012271298 0 11460 1012271361 1 11459
1019047331 0 11560 1019047388 1 11565
1020520430 0 11582 1020520490 1 11586
1024176589 0 11642 1024176696 1 11644
1031020214 0 11744 1031020278 1 11749
1080861884 0 11831 1080861945 1 11833
1083577895 0 11864 1083577964 1 11879
1084072589 0 11875 1084072651 1 11884
1084798054 0 11898 1084798058 1 11898
1089641549 0 11970 1089641656 1 11971
1090697494 0 11983 1090697555 1 11986
1107489782 0 12246 1107489840 1 12246
1112722046 0 12327 1112722108 1 12327
1130470121 0 12591 1130470182 1 12599
1130556873 0 12594 1130556936 1 12600
1133819636 0 12650 1133819697 1 12651
1140102024 0 12748 1140102085 1 12747
1146654147 0 12846 1146654183 1 12847
1148095648 0 12864 1148095711 1 12867
1154222977 1 12961 1154223013 0 12961
1159914608 0 13047 1159914671 1 13050
1162014551 1 13082 1162014557 0 13082
1162275041 0 13086 1162275099 1 13085
1164479275 1 13120 1164479403 0 13120
1169135673 0 13190 1169135733 1 13190
1169931555 0 13205 1169931614 1 13204
1173985478 0 13264 1173985536 1 13264
1174585204 0 13275 1174585266 1 13273
1175610866 0 13290 1175610928 1 13289
1179234616 0 13344 1179234756 1 13344
1179288750 1 13347 1179288878 0 13346
1183968977 0 13414 1183969032 1 13419
1233717292 0 13504 1233717353 1 13509
1234242735 0 13513 1234242797 1 13515
1235003271 0 13528 1235003277 1 13529
1238743262 0 13584 1238743323 1 13587
1240640438 1 13614 1240640518 0 13611
1241836958 0 13630 1241837022 1 13634
1242927805 0 13644 1242927859 1 13650
1244036637 1 13666 1244036752 0 13667
1244519289 0 13675 1244519344 1 13675
1251330595 0 13778 1251330657 1 13777
1252229957 0 13791 1252230013 1 13791
1257197215 0 13859 1257197277 1 13868
1260746937 0 13922 1260746997 1 13924
1261080341 0 13930 1261080402 1 13927
1264868514 0 13985 1264868575 1 13988
1266317277 0 14011 1266317333 1 14010
1269779808 1 14063 1269779818 0 14057
1273844812 1 14125 1273844876 0 14122
1273999334 0 14125 1273999398 1 14127
1274078694 0 14126 1274078757 1 14129
1278611413 0 14200 1278611474 1 14200
1283784883 0 14276 1283784944 1 14280
1292762858 0 14416 1292762920 1 14417
1292829863 0 14419 1292829922 1 14418
1300716871 0 14540 1300716928 1 14538
1301643009 0 14554 1301643071 1 14554
1302392468 0 14565 1302392535 1 14566
1304053286 0 14590 1304053346 1 14591
1309916517 0 14672 1309916579 1 14679
1318219993 1 14807 1318220100 0 14792
1318368555 0 14794 1318368615 1 14811
1319977324 0 14829 1319977385 1 14833
1321932764 0 14862 1321932906 1 14866
1328057781 0 14958 1328057836 1 14958
1329483839 0 14978 1329483900 1 14981
1331531610 0 15014 1331531673 1 15014
1335550128 1 15075 1335550137 0 15075
1338286223 0 15117 1338286277 1 15118
1340703199 0 15153 1340703256 1 15155
1390118290 0 15233 1390118344 1 15238
1392313441 0 15264 1392313506 1 15270
1393476806 0 15280 1393476827 1 15290
1404070066 0 15438 1404070118 1 15450
1405207427 0 15455 1405207482 1 15469
1406644264 0 15479 1406644328 1 15489
1410519794 1 15547 1410519926 0 15546
1411713908 0 15566 1411713970 1 15566
1413520107 0 15593 1413520170 1 15593
1414165161 0 15600 1414165221 1 15602
1418357446 0 15666 1418357571 1 15668
1422243251 1 15726 1422243318 0 15727
1422699098 0 15731 1422699161 1 15734
1423047737 0 15738 1423047792 1 15739
1424882245 0 15761 1424882364 1 15766
1428437254 0 15819 1428437316 1 15818
1437212852 0 15945 1437212873 1 15950
1437987651 0 15957 1437987707 1 15963
1443551654 0 16045 1443551717 1 16047
1446518972 0 16090 1446519012 1 16091
1448398578 0 16114 1448398584 1 16120
1449120111 0 16123 1449120173 1 16130
1456587368 0 16246 1456587466 1 16247
1457098366 0 16253 1457098427 1 16253
1469244943 0 16430 1469245006 1 16434
1469298377 0 16433 1469298440 1 16436
1471299722 0 16460 1471299783 1 16468
1473204255 0 16491 1473204319 1 16496
1479411723 0 16589 1479411785 1 16587
1482649264 0 16637 1482649322 1 16634
1484543842 0 16664 1484543901 1 16664
1485296892 0 16675 1485296949 1 16675
1489180188 0 16730 1489180250 1 16733
1490144614 0 16746 1490144677 1 16749
1491091725 0 16763 1491091779 1 16763
1552022298 0 17016 1552022354 1 17015
1555951805 1 17075 1555951859 0 17076
1556553948 0 17086 1556554010 1 17084
1558366931 0 17111 1558367008 1 17110
1559752537 0 17133 1559752594 1 17131
1561721788 0 17160 1561721844 1 17163
1566749972 0 17230 1566750032 1 17236
1567717399 0 17245 1567717458 1 17252
1568254029 0 17250 1568254091 1 17260
1568857267 0 17264 1568857330 1 17271
1572184177 0 17320 1572184239 1 17322
1572923161 0 17331 1572923217 1 17332
1582188750 0 17474 1582188813 1 17475
1584867742 0 17515 1584867800 1 17515
1586948549 0 17548 1586948582 1 17546
1597456538 0 17707 1597456598 1 17707
1599518255 0 17737 1599518281 1 17741
1599654696 0 17743 1599654758 1 17742
1605989371 0 17840 1605989433 1 17839
1608455928 1 17878 1608455981 0 17878
1617846910 0 18014 1617846971 1 18021
1618336189 0 18026 1618336221 1 18030
1618894831 1 18036 1618894894 0 18036
1622662070 0 18093 1622662131 1 18095
1627003744 0 18160 1627003807 1 18160
1629046699 1 18193 1629046705 0 18191
1631362130 0 18231 1631362191 1 18230
1631736908 0 18233 1631736969 1 18235
1633869118 1 18267 1633869206 0 18262
1640663670 0 18371 1640663730 1 18371
1647291069 1 18474 1647291198 0 18473
1650705829 0 18521 1650705885 1 18526
1653620699 0 18563 1653620722 1 18571
1699245626 0 18595 1699245687 1 18594
1701332425 0 18628 1701332480 1 18628
1704552554 0 18676 1704552616 1 18677
1709899619 0 18757 1709899663 1 18756
1710201889 0 18759 1710201943 1 18764
1710550586 0 18766 1710550645 1 18769
1714309365 0 18826 1714309421 1 18828
1714472661 1 18830 1714472746 0 18829
1716844411 0 18867 1716844459 1 18866
1718435484 0 18886 1718435544 1 18889
1718566189 0 18889 1718566251 1 18893
1720864413 0 18926 1720864470 1 18930
1721823574 1 18943 1721823671 0 18939
1722520260 0 18947 1722520322 1 18955
1727322123 1 19029 1727322237 0 19024
1730509993 0 19075 1730510057 1 19078
1734196595 1 19134 1734196608 0 19126
1734918647 0 19140 1734918709 1 19144
1735285010 0 19144 1735285073 1 19152
1737125240 1 19179 1737125333 0 19180
1741377809 0 19240 1741377871 1 19242
1752443505 0 19405 1752443564 1 19409
1753072763 0 19416 1753072825 1 19415
1758745241 0 19499 1758745298 1 19505
1766204255 0 19612 1766204312 1 19617
1768165573 1 19646 1768165598 0 19642
1775574184 0 19760 1775574244 1 19761
1776501330 0 19771 1776501387 1 19774
1780923550 0 19835 1780923611 1 19842
1782048660 0 19853 1782048691 1 19860
1783162979 0 19873 1783163042 1 19877
1789180415 0 19967 1789180492 1 19965
1790564677 0 19986 1790564739 1 19989
1798658412 0 20109 1798658472 1 20113
1799385922 0 20119 1799385987 1 20120
1801721596 0 20156 1801721644 1 20156
1802539501 0 20169 1802539564 1 20166
1805860479 0 20211 1805860539 1 20219
1807593071 0 20239 1807593133 1 20246
1808429565 0 20249 1808429627 1 20258
1860375076 0 20374 1860375140 1 20375
1865475199 0 20447 1865475260 1 20450
1865934413 0 20452 1865934475 1 20459
1871079348 0 20539 1871079409 1 20540
1875747163 0 20607 1875747227 1 20610
1876385107 0 20615 1876385164 1 20619
1883901402 0 20738 1883901465 1 20738
1885543167 0 20762 1885543218 1 20761
1886657335 0 20780 1886657397 1 20780
1890006177 0 20825 1890006239 1 20831
1890429371 0 20834 1890429432 1 20838
1893487184 0 20882 1893487240 1 20885
1902972054 0 21029 1902972113 1 21028
1910846193 0 21150 1910846257 1 21151
1912773656 0 21177 1912773725 1 21181
1913307488 0 21188 1913307542 1 21188
1914563521 0 21207 1914563577 1 21204
1915944564 0 21226 1915944629 1 21227
1916201057 0 21230 1916201117 1 21232
1917993158 0 21257 1917993223 1 21260
1918944031 1 21271 1918944056 0 21273
1919671158 0 21282 1919671219 1 21285
1921515392 0 21312 1921515453 1 21313
1925654138 0 21372 1925654262 1 21376
1928803966 1 21426 1928804029 0 21415
1930842089 0 21448 1930842150 1 21458
1933149448 0 21486 1933149509 1 21492
1936093931 0 21535 1936093990 1 21539
1936179294 0 21537 1936179356 1 21540
1937477269 0 21558 1937477334 1 21561
1949242094 0 21730 1949242150 1 21739
1950225283 0 21749 1950225345 1 21755
1951652361 0 21776 1951652393 1 21776
1953276097 0 21801 1953276160 1 21802
1957855987 1 21872 1957856065 0 21871
1958576830 0 21884 1958576888 1 21884
1960663721 1 21914 1960663733 0 21917
1960685045 0 21918 1960685104 1 21915
1962664735 0 21947 1962664788 1 21947
2011560270 1 22019 2011560372 0 22014
2011994157 0 22019 2011994215 1 22024
2014964987 0 22072 2014965044 1 22071
2018936151 0 22131 2018936214 1 22132
2019425332 0 22138 2019425388 1 22139
2022886860 1 22193 2022886963 0 22194
2023083189 0 22197 2023083250 1 22196
2033617633 0 22358 2033617687 1 22358
2035334506 1 22383 2035334617 0 22381
2035959481 0 22393 2035959543 1 22391
2037094858 0 22408 2037094918 1 22410
2043764668 0 22513 2043764730 1 22512
2045357062 0 22536 2045357124 1 22537
2046544807 0 22554 2046544909 1 22556
2047170918 0 22563 2047170945 1 22566
2047412044 1 22570 2047412065 0 22570
2050388816 0 22610 2050388876 1 22616
2051565564 0 22631 2051565624 1 22633
2052944707 1 22654 2052944719 0 22655
2060242722 0 22765 2060242749 1 22766
2061248478 0 22783 2061248539 1 22780
2063277144 0 22815 2063277169 1 22814
2063457694 1 22815 2063457755 0 22818
2066471957 0 22863 2066472049 1 22864
2076821201 0 23015 2076821261 1 23022
2079454483 0 23059 2079454543 1 23063
2082760620 0 23110 2082760682 1 23113
2086270037 0 23163 2086270093 1 23167
2086505354 1 23172 2086505381 0 23169
2089761493 0 23220 2089761553 1 23222
2090950684 0 23234 2090950744 1 23240
2097596463 1 23342 2097596477 0 23333
2097640931 0 23335 2097640993 1 23343
2098350739 0 23350 2098350802 1 23353
2100718589 0 23384 2100718652 1 23391
2108872142 0 23514 2108872204 1 23517
2117354397 0 23645 2117354459 1 23648
2166030203 0 23718 2166030264 1 23721
2167687784 0 23746 2167687910 1 23746
2169609448 1 23776 2169609548 0 23773
2175724030 0 23868 2175724150 1 23871
2178463742 0 23909 2178463805 1 23912
2182593651 0 23970 2182593708 1 23977
2182983740 0 23976 2182983797 1 23980
2191444565 0 24105 2191444620 1 24113
2191798984 0 24110 2191799042 1 24117
2192914381 0 24133 2192914436 1 24135
2200489677 0 24244 2200489739 1 24247
2200860251 0 24253 2200860313 1 24252
2206426792 0 24334 2206426854 1 24338
2206781702 0 24339 2206781765 1 24343
2208497237 0 24366 2208497324 1 24370
2208953245 0 24378 2208953308 1 24377
2211091565 0 24410 2211091626 1 24410
2211474774 0 24416 2211474836 1 24417
2212033041 0 24423 2212033102 1 24425
2213422945 0 24447 2213423005 1 24445
2213429502 0 24448 2213429564 1 24446
2219612749 0 24540 2219612811 1 24541
2219718391 0 24542 2219718451 1 24544
2226865473 0 24647 2226865529 1 24650
2229008652 0 24684 2229008712 1 24686
2231309487 0 24717 2231309549 1 24720
2234525141 0 24768 2234525256 1 24768
2236091978 0 24792 2236092045 1 24792
2252591884 0 25042 2252591947 1 25039
2253508673 0 25053 2253508767 1 25056
2257554127 0 25114 2257554183 1 25116
2259739232 0 25150 2259739293 1 25150
2261344183 0 25175 2261344245 1 25175
2266300453 0 25249 2266300511 1 25249
2271052858 0 25325 2271052921 1 25324
2271636786 1 25335 2271636825 0 25333
2275110126 0 25388 2275110188 1 25387
2320862044 0 25412 2320862105 1 25413
2321077477 0 25415 2321077519 1 25416
2325323947 0 25484 2325324007 1 25484
2327346375 0 25510 2327346436 1 25512
2328773945 0 25536 2328774007 1 25535
2338998216 0 25692 2338998278 1 25691
2346605828 0 25803 2346605889 1 25806
2346917838 0 25807 2346917900 1 25812
2349873784 0 25853 2349873846 1 25855
2350477664 0 25864 2350477723 1 25863
2352266753 0 25890 2352266810 1 25892
2354384026 0 25925 2354384087 1 25925
2355118144 0 25936 2355118206 1 25937
2356049799 0 25951 2356049856 1 25951
2356633820 0 25956 2356633882 1 25959
2357539177 0 25968 2357539235 1 25974
2360081663 0 26009 2360081717 1 26013
2361696704 0 26033 2361696761 1 26036
2363949678 0 26062 2363949736 1 26066
2365433028 0 26083 2365433089 1 26089
2368215150 0 26127 2368215207 1 26133
2368855473 0 26140 2368855526 1 26140
2369239032 0 26147 2369239093 1 26145
2370381070 0 26157 2370381129 1 26164
2378091341 0 26279 2378091401 1 26281
2381813886 0 26332 2381813948 1 26338
2382266122 0 26337 2382266181 1 26343
2382694161 0 26342 2382694221 1 26351
2385643250 0 26396 2385643309 1 26395
2386402988 0 26407 2386403044 1 26408
2391564190 0 26484 2391564246 1 26485
2405830509 0 26695 2405830570 1 26698
2406021868 0 26701 2406021929 1 26700
2406844164 0 26712 2406844226 1 26712
2413819472 0 26818 2413819534 1 26817
2421034754 0 26923 2421034815 1 26930
2426837580 0 27018 2426837643 1 27019
2483395750 0 27212 2483395812 1 27211
2485939599 0 27246 2485939660 1 27251
2486695529 0 27257 2486695592 1 27261
2491267154 0 27331 2491267216 1 27332
2497873918 0 27425 2497873972 1 27433
2499234114 0 27452 2499234155 1 27455
2501676687 0 27488 2501676764 1 27493
2503896991 1 27526 2503897080 0 27524
2507467457 0 27577 2507467514 1 27581
2515280562 0 27698 2515280623 1 27700
2516082963 0 27712 2516083025 1 27713
2522711679 0 27814 2522711736 1 27815
2523756024 0 27832 2523756084 1 27830
2526062901 1 27867 2526063002 0 27865
2529217254 0 27915 2529217316 1 27914
2535329303 0 28002 2535329359 1 28007
2535691800 0 28010 2535691861 1 28013
2536046450 0 28016 2536046464 1 28020
2537355855 1 28039 2537355877 0 28035
2538715814 0 28058 2538715870 1 28059
2541676329 0 28106 2541676391 1 28105
2544596594 0 28150 2544596650 1 28149
2545631849 0 28166 2545631904 1 28167
2552095394 0 28263 2552095450 1 28264
2558415309 0 28361 2558415364 1 28363
2565717185 1 28475 2565717290 0 28471
2567329891 0 28495 2567329906 1 28500
2569638351 0 28534 2569638407 1 28536
2570898332 0 28552 2570898393 1 28555
2574108757 0 28603 2574108792 1 28604
2574892579 0 28613 2574892636 1 28616
2633976526 0 28846 2633976585 1 28847
2637607874 0 28901 2637607929 1 28902
2651178668 0 29108 2651178728 1 29112
2651842151 0 29119 2651842206 1 29123
2656884719 0 29198 2656884781 1 29201
2662250114 0 29279 2662250172 1 29283
2663313241 0 29293 2663313341 1 29301
2664023309 0 29310 2664023373 1 29309
2667914123 0 29364 2667914170 1 29370
2670911247 0 29405 2670911305 1 29415
2677901063 0 29520 2677901090 1 29523
2679529093 0 29544 2679529156 1 29545
2680295920 0 29558 2680295922 1 29557
2680735479 1 29565 2680735553 0 29564
2681888418 0 29583 2681888481 1 29581
2683252305 0 29599 2683252364 1 29601
2688616607 0 29682 2688616670 1 29685
2692373387 0 29746 2692373447 1 29745
2694308570 0 29774 2694308631 1 29774
2697041816 0 29815 2697041897 1 29815
2703439603 1 29916 2703439624 0 29913
2704873753 0 29937 2704873814 1 29937
2705423909 0 29946 2705423979 1 29946
2714346485 0 30070 2714346531 1 30079
2714740247 0 30075 2714740308 1 30087
2715954000 0 30099 2715954062 1 30106
2717352726 0 30123 2717352786 1 30129
2718110003 0 30136 2718110065 1 30139
2718693678 0 30147 2718693736 1 30148
2721586198 0 30192 2721586322 1 30193
2723217167 0 30217 2723217223 1 30219
2730298372 0 30327 2730298432 1 30327
2730867822 0 30334 2730867885 1 30334
2737133800 0 30431 2737133864 1 30431
2737473158 0 30432 2737473220 1 30434
2794077900 0 30616 2794077961 1 30627
2799275524 0 30704 2799275652 1 30707
2804439245 0 30783 2804439309 1 30784
2807690634 0 30835 2807690690 1 30834
2808600426 0 30850 2808600482 1 30849
2810241210 0 30874 2810241268 1 30874
2811834195 1 30899 2811834237 0 30899
2818206144 1 30997 2818206207 0 30992
2821613864 0 31046 2821613879 1 31050
2822725541 0 31061 2822725598 1 31064
2823362393 0 31075 2823362449 1 31074
2834078906 0 31236 2834078967 1 31238
2834909347 0 31251 2834909406 1 31251
2838674185 0 31305 2838674281 1 31309
2857217171 0 31584 2857217232 1 31587
2858364186 1 31605 2858364321 0 31604
2858484439 0 31608 2858484494 1 31607
2861154135 0 31649 2861154197 1 31649
2865439681 0 31710 2865439744 1 31714
2869377762 0 31766 2869377819 1 31776
2870253390 0 31780 2870253452 1 31788
2874415758 0 31852 2874415818 1 31853
2889484814 1 32083 2889484846 0 32081
2893981340 0 32152 2893981402 1 32154
2894100031 0 32153 2894100090 1 32156
2895430535 0 32172 2895430595 1 32172
2945221088 0 32264 2945221149 1 32263
2946615414 0 32278 2946615476 1 32282
2946751224 0 32279 2946751286 1 32287
2958756764 0 32470 2958756827 1 32469
2960570537 0 32498 2960570600 1 32499
2962421316 0 32523 2962421377 1 32528
2962978120 0 32533 2962978181 1 32537
2962995189 0 32535 2962995241 1 32538
2968601065 0 32620 2968601121 1 32623
2972867655 0 32690 2972867718 1 32689
2973140368 0 32692 2973140401 1 32693
2978705711 0 32774 2978705767 1 32778
2981986485 0 32826 2981986540 1 32824
2991078974 0 32963 2991079035 1 32966
2992429780 0 32978 2992429832 1 32986
2992608550 0 32981 2992608601 1 32988
2993259267 0 32995 2993259329 1 32998
2998237522 0 33068 2998237631 1 33075
3007583778 1 33218 3007583851 0 33215
3008489455 0 33229 3008489519 1 33234
3016291619 0 33354 3016291681 1 33354
3020553442 0 33416 3020553505 1 33417
3021484948 1 33431 3021484955 0 33431
3026428515 1 33509 3026428662 0 33507
3028388931 0 33538 3028388995 1 33539
3031296414 0 33580 3031296476 1 33582
3034491248 0 33624 3034491309 1 33631
3036672407 0 33664 3036672464 1 33664
3047270491 0 33827 3047270551 1 33825
3048126062 0 33838 3048126125 1 33838
3100421950 0 33966 3100422008 1 33968
3103934712 0 34020 3103934739 1 34020
3104309471 0 34023 3104309522 1 34024
3105857854 1 34050 3105857981 0 34049
3109155806 1 34100 3109155864 0 34100
3112402336 0 34151 3112402409 1 34151
3116064538 1 34206 3116064567 0 34206
3120781271 0 34280 3120781327 1 34280
3124187357 0 34327 3124187419 1 34332
3124270758 0 34328 3124270822 1 34333
3124353948 0 34330 3124354011 1 34334
3129009375 0 34407 3129009431 1 34407
3130838072 0 34433 3130838127 1 34437
3132574602 0 34459 3132574664 1 34464
3134537607 0 34491 3134537668 1 34494
3135555934 0 34507 3135555995 1 34509
3138970819 0 34555 3138970881 1 34561
3142153167 0 34608 3142153203 1 34611
3147502009 1 34692 3147502119 0 34695
3149109734 0 34718 3149109794 1 34718
3150397262 0 34735 3150397324 1 34739
3153357005 0 34782 3153357065 1 34783
3156331397 0 34828 3156331454 1 34830
3159855138 0 34884 3159855194 1 34885
3160964446 0 34901 3160964504 1 34900
3164319271 1 34953 3164319304 0 34947
3165128664 0 34961 3165128722 1 34967
3166667722 0 34990 3166667783 1 34989
3170630604 0 35050 3170630660 1 35048
3174367100 0 35102 3174367157 1 35105
3174604745 0 35108 3174604806 1 35109
3180267022 0 35198 3180267080 1 35197
3183024979 1 35241 3183025123 0 35239
3185263395 0 35275 3185263457 1 35275
3189335512 0 35335 3189335571 1 35338
3192794272 0 35392 3192794363 1 35390
3195358981 0 35428 3195359034 1 35430
3197165379 0 35456 3197165439 1 35458
3198071700 0 35470 3198071761 1 35474
3205401032 0 35577 3205401094 1 35584
3205637055 0 35580 3205637117 1 35585
3254607828 0 35666 3254607891 1 35662
3270793471 0 35914 3270793534 1 35915
3282358216 0 36092 3282358276 1 36092
3283044550 0 36103 3283044558 1 36101
3283897238 0 36115 3283897300 1 36115
3286095187 0 36143 3286095246 1 36149
3287355558 0 36164 3287355565 1 36166
3288340464 0 36180 3288340525 1 36184
3296503088 0 36309 3296503149 1 36310
3296648234 0 36312 3296648297 1 36312
3298058127 0 36332 3298058189 1 36333
3301363688 0 36379 3301363746 1 36385
3302998982 0 36409 3302999048 1 36410
3303167244 0 36412 3303167301 1 36412
3304691554 0 36434 3304691614 1 36436
3308023661 0 36486 3308023717 1 36486
3308650352 0 36496 3308650410 1 36495
3309144489 0 36503 3309144547 1 36504
3319873611 0 36667 3319873671 1 36670
3327587423 0 36782 3327587482 1 36786
3328870716 0 36807 3328870775 1 36805
3331818327 0 36852 3331818387 1 36844
3337424233 0 36936 3337424263 1 36936
3338545540 0 36955 3338545598 1 36954
3341693026 1 37002 3341693071 0 37001
3342736584 0 37019 3342736646 1 37018
3346898453 0 37076 3346898519 1 37083
3352399308 0 37157 3352399365 1 37167
3361396164 0 37287 3361396230 1 37308
3410084060 0 37375 3410084117 1 37375
3415394536 0 37458 3415394592 1 37458
3416744191 0 37480 3416744252 1 37479
3420805060 0 37539 3420805122 1 37540
3427323458 0 37639 3427323519 1 37639
3434285056 0 37744 3434285119 1 37745
3442680290 0 37875 3442680345 1 37877
3447161877 1 37946 3447161904 0 37945
3449554729 1 37982 3449554771 0 37978
3451003253 0 38001 3451003310 1 38006
3454005275 0 38050 3454005317 1 38052
3458642041 1 38121 3458642088 0 38123
3459872202 0 38138 3459872262 1 38142
3460152141 0 38142 3460152198 1 38145
3461405733 0 38164 3461405798 1 38164
3461455254 0 38165 3461455313 1 38166
3465253424 0 38219 3465253484 1 38225
3465686391 0 38223 3465686454 1 38232
3465754178 0 38226 3465754241 1 38234
3471075390 0 38314 3471075432 1 38315
3473777708 0 38358 3473777769 1 38356
3474783088 0 38371 3474783144 1 38372
3479333949 0 38443 3479334009 1 38442
3480501468 0 38458 3480501532 1 38462
3486077103 1 38547 3486077189 0 38545
3486438126 0 38552 3486438189 1 38553
3487029133 0 38555 3487029190 1 38562
3488359792 0 38575 3488359918 1 38582
3490290214 1 38611 3490290264 0 38609
3501179317 0 38764 3501179400 1 38771
3503982213 0 38812 3503982274 1 38814
3509889138 0 38901 3509889198 1 38899
3511339257 0 38921 3511339320 1 38921
3514323448 0 38964 3514323562 1 38967
3518363303 0 39026 3518363365 1 39031
3519859427 0 39048 3519859489 1 39052
3520457288 0 39062 3520457351 1 39062
3566995637 0 39096 3566995699 1 39096
3575325993 0 39223 3575326043 1 39224
3577457815 0 39256 3577457950 1 39258
3584780398 0 39368 3584780455 1 39371
3585306771 0 39377 3585306832 1 39379
3588535512 0 39429 3588535631 1 39429
3590162517 0 39453 3590162578 1 39454
3591910972 1 39481 3591911011 0 39477
3592255598 1 39487 3592255600 0 39481
3592466892 0 39485 3592466951 1 39489
3594892839 0 39524 3594892884 1 39523
3596888500 1 39553 3596888565 0 39552
3597094050 0 39555 3597094106 1 39558
3603849279 0 39658 3603849343 1 39663
3608866139 0 39736 3608866200 1 39741
3609453329 0 39745 3609453361 1 39748
3609930374 0 39751 3609930434 1 39756
3611100110 1 39774 3611100144 0 39770
3613653426 1 39811 3613653452 0 39812
3625119985 0 39986 3625120040 1 39990
3627992483 0 40034 3627992544 1 40035
3628041491 0 40036 3628041554 1 40036
3631475488 0 40087 3631475549 1 40088
3633014608 0 40113 3633014670 1 40113
3636097099 1 40160 3636097193 0 40158
3637682607 0 40185 3637682670 1 40185
3639685961 0 40216 3639686022 1 40215
3639808793 0 40219 3639808850 1 40217
3640746497 0 40232 3640746557 1 40232
3643658981 0 40277 3643659039 1 40276
3645912256 0 40311 3645912281 1 40311
3648313534 0 40346 3648313599 1 40346
3649258985 0 40354 3649259042 1 40362
3651983462 0 40403 3651983519 1 40402
3665350734 0 40609 3665350797 1 40609
3669310438 0 40660 3669310499 1 40672
3670946274 0 40689 3670946330 1 40696
3725805205 1 40863 3725805227 0 40854
3729391859 0 40908 3729391918 1 40916
3731907590 0 40950 3731907653 1 40952
3733670971 0 40977 3733671032 1 40977
3737539795 0 41038 3737539857 1 41038
3741202546 0 41088 3741202607 1 41094
3742051739 0 41105 3742051801 1 41104
3746048200 0 41161 3746048255 1 41165
3749453130 0 41213 3749453184 1 41213
3754169441 0 41278 3754169504 1 41281
3760141826 0 41370 3760141885 1 41370
3761827435 0 41396 3761827496 1 41395
3764063218 0 41430 3764063279 1 41427
3766711114 0 41467 3766711177 1 41469
3770275327 0 41525 3770275383 1 41524
3770977864 0 41531 3770977925 1 41531
3781459207 0 41681 3781459263 1 41694
3782860176 0 41712 3782860238 1 41714
3788009011 0 41794 3788009073 1 41795
3789160113 0 41810 3789160175 1 41812
3790311267 0 41829 3790311322 1 41829
3790854690 0 41838 3790854751 1 41837
3797234697 0 41932 3797234758 1 41936
3799474663 1 41970 3799474788 0 41971
3805783612 1 42066 3805783732 0 42062
3809401959 0 42122 3809402016 1 42123
3814146259 0 42194 3814146322 1 42195
3818842606 0 42269 3818842668 1 42268
3821031490 0 42297 3821031536 1 42303
3824922054 0 42349 3824922110 1 42362
3825440623 0 42361 3825440683 1 42371
3826382816 0 42378 3826382833 1 42383
3831149115 1 42456 3831149187 0 42457
3880055872 0 42532 3880055879 1 42531
3881489691 1 42555 3881489815 0 42556
3890412057 0 42691 3890412110 1 42691
3892519811 0 42724 3892519874 1 42726
3894393997 0 42754 3894394057 1 42754
3895655967 0 42772 3895656028 1 42774
3896686650 0 42790 3896686712 1 42788
3898609440 0 42820 3898609499 1 42819
3900979933 0 42854 3900980014 1 42857
3905051969 0 42917 3905052027 1 42919
3908052222 0 42963 3908052284 1 42964
3908355677 0 42967 3908355739 1 42969
3910558448 0 43000 3910558508 1 43003
3911986825 0 43026 3911986885 1 43024
3913114484 0 43039 3913114540 1 43040
3913461252 0 43048 3913461313 1 43047
3915061515 0 43068 3915061574 1 43069
3917306170 0 43102 3917306231 1 43105
3925414173 0 43229 3925414224 1 43229
3931473199 0 43320 3931473262 1 43319
3940242871 0 43448 3940242962 1 43451
3942159624 0 43473 3942159680 1 43483
3945165706 0 43525 3945165762 1 43527
3951244948 0 43617 3951245004 1 43620
3954567473 0 43667 3954567534 1 43672
3957650261 0 43715 3957650314 1 43715
3959157316 0 43740 3959157374 1 43738
3960494435 0 43760 3960494496 1 43761
3966321508 0 43850 3966321565 1 43850
3966496195 0 43853 3966496257 1 43852
3968066257 0 43870 3968066318 1 43875
3985576033 0 44135 3985576094 1 44140
4033436607 0 44198 4033436667 1 44200
4036799692 1 44251 4036799794 0 44250
4040441556 0 44306 4040441611 1 44308
4042868705 0 44344 4042868763 1 44344
4043396615 0 44353 4043396677 1 44353
4048538413 0 44431 4048538476 1 44433
4053600372 0 44510 4053600429 1 44511
4070143528 1 44765 4070143584 0 44759
4071690335 0 44777 4071690396 1 44787
4072139729 0 44785 4072139832 1 44795
4072456612 0 44788 4072456670 1 44800
4078611383 0 44892 4078611437 1 44892
4083804778 0 44973 4083804837 1 44973
4088125472 0 45035 4088125533 1 45041
4093938402 0 45131 4093938464 1 45130
4094996656 0 45146 4094996798 1 45146
4096038290 0 45157 4096038351 1 45163
4098262753 0 45194 4098262815 1 45196
4098979221 0 45208 4098979276 1 45207
4105863579 0 45313 4105863643 1 45315
4109017331 0 45364 4109017391 1 45364
4112103797 0 45411 4112103890 1 45408
4119361972 0 45518 4119362034 1 45520
4133979011 0 45745 4133979071 1 45748
4134144454 0 45748 4134144517 1 45750
4136732210 0 45789 4136732299 1 45790
4137512336 0 45795 4137512393 1 45802
4138151285 0 45808 4138151348 1 45812
4140789286 0 45852 4140789347 1 45853
4142844960 0 45883 4142845016 1 45885
4188544723 0 45910 4188544784 1 45910
4190614180 0 45940 4190614243 1 45942
4193834315 0 45990 4193834370 1 45991
4194592981 0 46002 4194593042 1 45997
4196473441 0 46030 4196473504 1 46029
4197016732 0 46040 4197016793 1 46039
4199751486 0 46082 4199751566 1 46081
4201461592 0 46106 4201461627 1 46107
4202838793 0 46127 4202838856 1 46125
4205092876 0 46161 4205092940 1 46162
4208192816 0 46202 4208192878 1 46209
4209193129 0 46222 4209193190 1 46222
4210397912 0 46244 4210397969 1 46244
4214330468 0 46304 4214330531 1 46304
4216901005 0 46345 4216901016 1 46345
4225302561 0 46472 4225302620 1 46473
4236756945 1 46647 4236757035 0 46648
4242718665 0 46734 4242718722 1 46737
4243274540 1 46746 4243274682 0 46743
4248695328 0 46822 4248695385 1 46825
4248996913 0 46829 4248996979 1 46830
4250716906 0 46857 4250716958 1 46856
4252007208 0 46875 4252007267 1 46876
4252451849 0 46883 4252451903 1 46882
4258075816 0 46966 4258075872 1 46966
4260982617 0 47004 4260982680 1 47009
4261096752 0 47007 4261096813 1 47011
4263022150 0 47037 4263022212 1 47040
4265047193 0 47070 4265047254 1 47071
4268099114 0 47114 4268099170 1 47116
4269004180 0 47127 4269004242 1 47128
4269012035 0 47128 4269012137 1 47129
4270538095 0 47152 4270538157 1 47153
4271384642 0 47166 4271384785 1 47168
4274432241 0 47205 4274432303 1 47210
4278235973 0 47265 4278236034 1 47269
4279687013 0 47286 4279687075 1 47290
4283310132 0 47344 4283310252 1 47347
4286713590 0 47400 4286713653 1 47400
4291165033 0 47465 4291165087 1 47466
4291552781 0 47473 4291552843 1 47471
