2379165066 0 11 2379165129 1 19
2379291100 0 13 2379291103 1 23
2380643690 0 43 2380643752 1 64
2381060185 0 51 2381060247 1 72
2381253420 0 54 2381253480 1 77
2381794509 0 62 2381794569 1 102
2384244516 0 104 2384244578 1 166
2386486808 0 137 2386486871 1 233
2386762671 0 141 2386762693 1 247
2387428298 0 149 2387428366 1 270
2392497105 0 232 2392497165 1 413
2394808725 0 267 2394808784 1 480
2395841554 0 289 2395841613 1 507
2396750406 0 314 2396750461 1 535
2399399190 0 364 2399399251 1 593
2400215812 0 376 2400215872 1 605
2403533846 1 684 2403533985 0 429
2403895152 0 437 2403895216 1 694
2405403826 0 464 2405403888 1 734
2408626472 0 526 2408626534 1 824
2409239138 0 539 2409239198 1 845
2410910552 1 902 2410910553 0 570
2412072129 0 590 2412072183 1 936
2413822728 1 991 2413822796 0 619
2413927231 0 620 2413927306 1 994
2414068905 0 621 2414068961 1 997
2416319533 0 659 2416319597 1 1045
2418343793 0 706 2418343920 1 1091
2418427794 0 709 2418427918 1 1094
2418566268 0 711 2418566324 1 1099
2419170747 0 719 2419170807 1 1113
2420520178 0 741 2420520235 1 1141
2425510119 0 840 2425510177 1 1273
2428622311 1 1349 2428622327 0 900
2428723049 0 901 2428723113 1 1352
2429506878 1 1371 2429506954 0 911
2430407086 0 926 2430407144 1 1398
2431478725 0 941 2431478787 1 1425
2432756084 0 957 2432756123 1 1455
2433387316 0 967 2433387378 1 1471
2433708881 0 972 2433708940 1 1481
2434431778 0 987 2434431835 1 1503
2435052905 0 996 2435052961 1 1525
2443351204 1 1766 2443351215 0 1133
2443952668 0 1146 2443952725 1 1779
2448244752 0 1210 2448244808 1 1907
2453623860 0 1300 2453623919 1 2055
2456012605 1 2120 2456012729 0 1332
2456098246 0 1336 2456098309 1 2122
2456220858 0 1339 2456220921 1 2127
2458252256 0 1381 2458252317 1 2169
2459829962 0 1415 2459830023 1 2229
2462469384 0 1464 2462469442 1 2305
2462895818 0 1472 2462895876 1 2317
2467994998 1 2396 2467995056 0 1553
2469922901 0 1592 2469922963 1 2427
2473616386 0 1650 2473616437 1 2483
2475143651 0 1687 2475143701 1 2506
2477972514 0 1745 2477972543 1 2552
2478997661 0 1765 2478997717 1 2567
2481584910 0 1800 2481584972 1 2606
2482060423 0 1810 2482060479 1 2611
2483626448 0 1842 2483626510 1 2638
2533940411 0 2710 2533940469 1 2734
2535034368 0 2732 2535034430 1 2753
2538066836 0 2789 2538066891 1 2799
2538673245 0 2798 2538673277 1 2808
2541854245 0 2857 2541854261 1 2856
2542383091 0 2865 2542383151 1 2866
2550208955 1 2986 2550208988 0 2985
2550723397 1 2994 2550723517 0 2993
2554217020 1 3049 2554217102 0 3045
2554978371 0 3060 2554978471 1 3060
2556259548 0 3081 2556259609 1 3080
2556459460 0 3083 2556459523 1 3082
2556546478 0 3084 2556546541 1 3083
2556889298 0 3090 2556889360 1 3088
2562538343 0 3175 2562538406 1 3175
2569973826 0 3286 2569973885 1 3292
2570286811 0 3291 2570286870 1 3297
2572468736 0 3330 2572468799 1 3331
2574727287 0 3365 2574727348 1 3365
2577414271 0 3407 2577414331 1 3407
2592009257 0 3626 2592009388 1 3629
2598650472 0 3729 2598650529 1 3733
2600990029 0 3764 2600990031 1 3768
2611614301 0 3929 2611614364 1 3933
2612329094 0 3939 2612329112 1 3938
2613621810 0 3959 2613621867 1 3962
2617304584 0 4009 2617304642 1 4018
2618632561 1 4039 2618632579 0 4032
2618691315 0 4033 2618691370 1 4040
2619342240 0 4046 2619342302 1 4050
2623909500 0 4121 2623909564 1 4120
2625986977 0 4155 2625986999 1 4153
2626663152 0 4164 2626663259 1 4163
2629241442 0 4194 2629241506 1 4201
2633210748 0 4261 2633210761 1 4262
2638716115 0 4327 2638716178 1 4349
2639775624 0 4355 2639775729 1 4365
2643558134 0 4425 2643558192 1 4425
2693915346 0 4524 2693915409 1 4523
2694281131 0 4527 2694281190 1 4529
2694671321 0 4535 2694671383 1 4532
2695021311 0 4540 2695021373 1 4540
2697432892 0 4575 2697432955 1 4577
2703118205 1 4665 2703118256 0 4666
2704154827 0 4679 2704154888 1 4681
2705851351 1 4704 2705851486 0 4710
2712887674 0 4812 2712887735 1 4815
2714753020 0 4842 2714753082 1 4843
2717254981 0 4878 2717255043 1 4884
2718580627 0 4898 2718580686 1 4903
2723091172 0 4966 2723091234 1 4974
2724186819 0 4985 2724186895 1 4990
2730068730 0 5077 2730068793 1 5080
2730224289 0 5081 2730224321 1 5084
2731398786 0 5094 2731398842 1 5102
2731428476 1 5103 2731428625 0 5095
2737022500 0 5187 2737022563 1 5189
2739053219 0 5217 2739053273 1 5219
2745004376 0 5313 2745004440 1 5313
2747318063 0 5348 2747318201 1 5347
2747479043 0 5351 2747479106 1 5350
2749853776 0 5380 2749853836 1 5385
2750496822 0 5393 2750496883 1 5393
2751801526 0 5417 2751801589 1 5416
2756838411 0 5494 2756838470 1 5492
2758051890 0 5510 2758051950 1 5514
2762230592 0 5579 2762230659 1 5578
2764941837 0 5620 2764941895 1 5619
2765989598 1 5637 2765989719 0 5635
2768108415 0 5670 2768108484 1 5668
2769504326 0 5685 2769504390 1 5691
2771919594 0 5729 2771919656 1 5728
2774927804 0 5774 2774927864 1 5771
2780389516 0 5858 2780389577 1 5858
2843532525 0 6154 2843532574 1 6155
2845547071 1 6184 2845547184 0 6186
2848169739 0 6225 2848169841 1 6226
2848322446 0 6227 2848322508 1 6228
2860102561 1 6411 2860102599 0 6407
2861029899 0 6426 2861029943 1 6424
2866797484 0 6513 2866797545 1 6514
2869393745 0 6548 2869393803 1 6553
2870259692 0 6562 2870259752 1 6566
2871012679 0 6573 2871012739 1 6579
2873502381 0 6604 2873502437 1 6619
2876261140 0 6644 2876261202 1 6659
2877649461 0 6674 2877649516 1 6681
2878394717 0 6689 2878394773 1 6694
2887590831 1 6833 2887590867 0 6826
2893695136 0 6920 2893695196 1 6927
2894292882 0 6934 2894292944 1 6939
2895603893 0 6953 2895603950 1 6958
2896653985 0 6975 2896653995 1 6974
2897536082 0 6990 2897536137 1 6989
2901726324 0 7049 2901726383 1 7053
2905041347 0 7102 2905041409 1 7102
2907305776 0 7139 2907305837 1 7137
2920622533 0 7340 2920622593 1 7343
2922727047 0 7373 2922727194 1 7374
2923634551 0 7390 2923634607 1 7385
2926306263 1 7430 2926306406 0 7429
2931658487 0 7514 2931658619 1 7514
2936367718 0 7582 2936367776 1 7586
2936836220 0 7592 2936836280 1 7592
2940370313 0 7647 2940370368 1 7649
2944898474 0 7720 2944898536 1 7718
2949856740 0 7795 2949856804 1 7795
2998593932 0 7867 2998593992 1 7867
3004529850 0 7956 3004529911 1 7957
3007143129 0 7995 3007143191 1 7999
3012833000 0 8086 3012833056 1 8087
3013692529 0 8102 3013692591 1 8100
3018197397 0 8157 3018197455 1 8169
3018988676 0 8168 3018988685 1 8180
3020955683 1 8212 3020955816 0 8195
3022073407 0 8216 3022073461 1 8228
3022307985 1 8231 3022308121 0 8224
3023577780 0 8248 3023577838 1 8252
3026966197 0 8302 3026966259 1 8303
3028752415 0 8329 3028752517 1 8330
3028790116 0 8332 3028790161 1 8332
3032361505 0 8387 3032361562 1 8388
3037990498 1 8475 3037990647 0 8471
3039379114 0 8495 3039379170 1 8495
3042513190 0 8543 3042513251 1 8544
3042918852 0 8549 3042918913 1 8551
3047004277 0 8616 3047004338 1 8614
3048412316 0 8633 3048412377 1 8636
3051592088 0 8679 3051592149 1 8683
3051744641 0 8682 3051744698 1 8686
3054720558 0 8729 3054720621 1 8732
3056472580 1 8760 3056472611 0 8762
3056818789 0 8766 3056818846 1 8764
3061372517 0 8832 3061372653 1 8835
3063314684 0 8857 3063314745 1 8864
3067350198 0 8928 3067350237 1 8927
3074018884 0 9030 3074019010 1 9030
3074710785 1 9040 3074710884 0 9040
3075005835 1 9043 3075005954 0 9045
3080100248 1 9124 3080100325 0 9109
3086086876 0 9215 3086086936 1 9214
3086915666 0 9224 3086915705 1 9230
3087325187 0 9229 3087325244 1 9233
3087837230 0 9236 3087837292 1 9242
3097427326 0 9383 3097427384 1 9390
3097778320 0 9389 3097778379 1 9397
3099764175 0 9418 3099764237 1 9425
3100297832 0 9431 3100297955 1 9435
3104640083 0 9502 3104640144 1 9503
3152710364 0 9566 3152710422 1 9565
3154595150 1 9595 3154595212 0 9590
3155290058 0 9597 3155290118 1 9606
3157837985 0 9631 3157838073 1 9645
3158431479 0 9647 3158431542 1 9653
3161074160 0 9688 3161074222 1 9695
3170725350 0 9844 3170725419 1 9840
3180637678 0 9996 3180637740 1 9996
3181760576 0 10009 3181760635 1 10010
3181880398 0 10011 3181880456 1 10015
3184340234 0 10054 3184340296 1 10053
3188690270 0 10121 3188690333 1 10119
3198952054 0 10275 3198952137 1 10277
3199303913 0 10280 3199303970 1 10283
3199789119 0 10289 3199789177 1 10289
3200392407 0 10301 3200392469 1 10300
3206206115 0 10390 3206206172 1 10388
3206645136 1 10395 3206645184 0 10397
3210151659 0 10451 3210151673 1 10449
3211562363 0 10472 3211562420 1 10473
3212743583 0 10491 3212743645 1 10490
3215405131 0 10533 3215405188 1 10532
3219340810 0 10591 3219340869 1 10592
3222248305 0 10638 3222248366 1 10637
3224324030 0 10668 3224324087 1 10669
3228087153 0 10728 3228087214 1 10725
3228868576 1 10738 3228868700 0 10739
3229962799 0 10759 3229962859 1 10757
3231349908 0 10772 3231349970 1 10779
3232438924 0 10790 3232438985 1 10794
3233484705 1 10812 3233484707 0 10804
3235588036 0 10835 3235588093 1 10843
3237069588 0 10858 3237069642 1 10866
3237571487 0 10867 3237571549 1 10874
3241393344 1 10931 3241393357 0 10929
3241973486 0 10933 3241973542 1 10940
3243264473 0 10955 3243264536 1 10963
3252333544 0 11087 3252333605 1 11101
3253936367 0 11114 3253936429 1 11126
3260465622 0 11227 3260465680 1 11228
3308331637 0 11290 3308331699 1 11289
3321247312 0 11479 3321247370 1 11488
3322840589 0 11504 3322840649 1 11512
3325807550 1 11556 3325807606 0 11558
3334207023 0 11687 3334207085 1 11686
3335828312 0 11710 3335828375 1 11714
3338018157 1 11746 3338018201 0 11741
3340354483 0 11783 3340354543 1 11782
3344836156 0 11852 3344836174 1 11852
3345076593 0 11857 3345076655 1 11856
3347117566 0 11886 3347117626 1 11886
3347369684 0 11892 3347369738 1 11892
3348669373 0 11909 3348669434 1 11911
3349165794 0 11912 3349165851 1 11918
3351489106 0 11954 3351489167 1 11954
3356987824 1 12039 3356987873 0 12035
3359946885 0 12077 3359946987 1 12084
3364481639 0 12147 3364481695 1 12156
3368046092 0 12198 3368046152 1 12210
3370796769 0 12244 3370796828 1 12250
3371390197 0 12254 3371390254 1 12260
3371639062 0 12259 3371639176 1 12263
3374222787 0 12305 3374222849 1 12303
3379167192 0 12378 3379167256 1 12378
3384574873 1 12463 3384574965 0 12464
3384652563 0 12465 3384652626 1 12465
3387610556 0 12506 3387610588 1 12511
3389921019 0 12541 3389921081 1 12545
3396562357 0 12650 3396562419 1 12646
3398154041 0 12674 3398154098 1 12672
3399223698 0 12692 3399223760 1 12691
3403375338 0 12749 3403375381 1 12754
3409210215 0 12844 3409210279 1 12845
3412062512 0 12887 3412062576 1 12887
3415560982 0 12943 3415561043 1 12943
3466530746 0 13050 3466530810 1 13050
3471001275 0 13120 3471001333 1 13120
3476703299 0 13207 3476703359 1 13207
3480463906 0 13260 3480463969 1 13266
3483387102 0 13309 3483387162 1 13310
3487372730 1 13373 3487372795 0 13374
3494744582 0 13480 3494744640 1 13486
3495266191 0 13486 3495266239 1 13495
3495715155 0 13495 3495715217 1 13500
3496957114 0 13513 3496957171 1 13521
3501057538 0 13578 3501057600 1 13580
3501334543 1 13584 3501334580 0 13582
3508481933 0 13693 3508481989 1 13696
3509455158 1 13710 3509455227 0 13709
3511694345 0 13748 3511694408 1 13747
3512852835 0 13762 3512852893 1 13763
3512983288 0 13765 3512983351 1 13765
3516686897 0 13824 3516686955 1 13824
3519859540 0 13868 3519859598 1 13872
3528931627 0 14012 3528931687 1 14012
3534016561 0 14092 3534016616 1 14091
3534575706 0 14100 3534575763 1 14100
3535356518 0 14111 3535356574 1 14110
3536502789 0 14129 3536502860 1 14128
3538558602 0 14161 3538558664 1 14161
3541144973 1 14201 3541145017 0 14200
3541689010 0 14206 3541689073 1 14209
3549456313 0 14321 3549456376 1 14328
3554802399 0 14405 3554802467 1 14411
3555215211 0 14412 3555215277 1 14418
3562641809 0 14533 3562641870 1 14532
3567512659 0 14607 3567512719 1 14605
3568350991 0 14621 3568351047 1 14619
3571575926 0 14666 3571575985 1 14668
3616994112 1 14687 3616994160 0 14687
3617792615 0 14697 3617792682 1 14700
3619790249 0 14728 3619790329 1 14727
3625246181 0 14813 3625246244 1 14814
3642678836 0 15082 3642678914 1 15083
3643135732 0 15092 3643135789 1 15091
3650400776 0 15204 3650400838 1 15202
3650901457 0 15212 3650901515 1 15210
3656091893 0 15290 3656091948 1 15291
3656710858 1 15300 3656710928 0 15298
3659716726 0 15344 3659716787 1 15348
3661744657 0 15379 3661744719 1 15379
3663030573 0 15399 3663030635 1 15398
3664656724 1 15422 3664656781 0 15422
3665886165 0 15440 3665886200 1 15442
3669956310 1 15505 3669956403 0 15504
3670003536 0 15505 3670003594 1 15506
3670694181 0 15515 3670694273 1 15515
3672914481 0 15550 3672914543 1 15552
3674082916 0 15567 3674082978 1 15567
3674719194 0 15581 3674719251 1 15579
3675226362 0 15585 3675226424 1 15585
3680419095 0 15668 3680419153 1 15666
3682510586 1 15695 3682510661 0 15697
3692232074 0 15850 3692232134 1 15850
3692379750 0 15853 3692379812 1 15852
3693506624 0 15870 3693506686 1 15868
3697436286 0 15925 3697436347 1 15929
3697996565 1 15937 3697996633 0 15939
3704406119 0 16032 3704406181 1 16035
3706462675 0 16065 3706462732 1 16069
3711485148 0 16143 3711485205 1 16147
3712857227 0 16164 3712857280 1 16167
3712958532 1 16169 3712958624 0 16166
3713126479 0 16169 3713126537 1 16172
3714212951 0 16189 3714213008 1 16188
3716095494 1 16218 3716095599 0 16219
3719497098 0 16267 3719497157 1 16270
3725816129 0 16366 3725816186 1 16367
3775245689 0 16440 3775245752 1 16441
3777171093 0 16460 3777171150 1 16470
3777821954 0 16466 3777822014 1 16480
3783547624 0 16565 3783547686 1 16568
3790081334 0 16657 3790081416 1 16670
3791712258 0 16692 3791712318 1 16694
3792104112 0 16702 3792104175 1 16701
3792339207 0 16704 3792339267 1 16703
3813698778 0 17033 3813698840 1 17035
3814788703 0 17047 3814788758 1 17051
3818550819 1 17110 3818550858 0 17110
3821825271 0 17159 3821825332 1 17160
3827960588 1 17254 3827960609 0 17251
3830904710 0 17295 3830904772 1 17298
3831400578 0 17306 3831400635 1 17308
3839126208 0 17424 3839126268 1 17427
3842465989 0 17476 3842466049 1 17479
3846071909 0 17535 3846071966 1 17535
3846653605 0 17544 3846653667 1 17542
3849663079 0 17582 3849663140 1 17590
3851941978 1 17623 3851941991 0 17625
3855147856 0 17673 3855147918 1 17673
3858535907 0 17727 3858535968 1 17725
3858949365 0 17732 3858949421 1 17731
3861576957 0 17773 3861577013 1 17772
3861602591 0 17774 3861602653 1 17773
3863164838 0 17797 3863164895 1 17798
3865378439 0 17832 3865378564 1 17833
3866204109 0 17844 3866204170 1 17844
3866473705 0 17849 3866473761 1 17849
3868293788 0 17876 3868293852 1 17876
3872074322 0 17931 3872074393 1 17937
3872139625 1 17938 3872139753 0 17936
3873408343 0 17958 3873408401 1 17955
3874462800 0 17973 3874462862 1 17972
3880317385 0 18060 3880317446 1 18062
3881773655 0 18082 3881773666 1 18086
3932350510 0 18177 3932350575 1 18182
3934409112 0 18210 3934409169 1 18217
3935415872 0 18226 3935415934 1 18231
3936710806 0 18247 3936710865 1 18250
3937726335 0 18266 3937726376 1 18268
3941058953 0 18317 3941059013 1 18317
3947192114 0 18409 3947192178 1 18414
3948938268 0 18442 3948938325 1 18441
3952684552 0 18498 3952684613 1 18497
3953086966 0 18502 3953087024 1 18504
3954633402 0 18527 3954633459 1 18527
3957955058 0 18577 3957955121 1 18578
3959385284 0 18600 3959385339 1 18597
3960372907 0 18618 3960372968 1 18615
3961986463 0 18641 3961986525 1 18643
3966529158 0 18707 3966529219 1 18709
3968359538 0 18732 3968359598 1 18738
3969523130 0 18748 3969523181 1 18756
3969644427 0 18751 3969644488 1 18760
3976399532 0 18859 3976399592 1 18865
3992319322 0 19108 3992319379 1 19110
3994212713 0 19137 3994212794 1 19139
3998645234 0 19193 3998645295 1 19208
4004092657 0 19265 4004092719 1 19292
4006302827 0 19302 4006302889 1 19325
4006916001 0 19309 4006916058 1 19336
4008134570 0 19328 4008134625 1 19353
4008836846 0 19345 4008836908 1 19366
4009384176 0 19358 4009384237 1 19373
4011455054 0 19401 4011455114 1 19405
4011503670 0 19402 4011503728 1 19406
4012912632 0 19428 4012912692 1 19427
4013451533 1 19436 4013451600 0 19436
4016556087 0 19484 4016556148 1 19482
4019958454 0 19531 4019958513 1 19536
4019970306 0 19532 4019970367 1 19537
4020141524 0 19536 4020141581 1 19540
4023341798 0 19588 4023341854 1 19589
4024038732 0 19595 4024038790 1 19599
4028965469 0 19671 4028965531 1 19675
4036329929 0 19781 4036329990 1 19786
4085471482 1 19866 4085471548 0 19867
4086420983 0 19880 4086421045 1 19877
4091661109 0 19961 4091661170 1 19960
4092933630 0 19980 4092933685 1 19977
4094014905 0 19996 4094014961 1 19997
4095890793 0 20023 4095890851 1 20026
4104221077 0 20151 4104221140 1 20155
4105079164 1 20169 4105079209 0 20162
4109575173 0 20235 4109575230 1 20238
4114377390 1 20308 4114377446 0 20303
4116634543 0 20342 4116634633 1 20346
4121868729 0 20423 4121868790 1 20426
4123430327 0 20446 4123430390 1 20451
4131156995 0 20557 4131157053 1 20570
4134757414 0 20622 4134757476 1 20626
4138393776 0 20671 4138393825 1 20680
4139425961 0 20694 4139426019 1 20698
4141846983 0 20734 4141847043 1 20733
4145698105 0 20787 4145698168 1 20793
4149645293 0 20851 4149645360 1 20854
4155596876 0 20946 4155596934 1 20948
4155786409 0 20950 4155786467 1 20951
4159333432 0 21005 4159333485 1 21004
4171743271 1 21195 4171743314 0 21186
4178364910 0 21295 4178364967 1 21296
4181196078 0 21339 4181196139 1 21342
4184703349 0 21397 4184703413 1 21397
4187163690 0 21433 4187163749 1 21434
4191407310 0 21499 4191407372 1 21501
4236206760 0 21512 4236206822 1 21511
4237865374 0 21535 4237865435 1 21536
4238969572 0 21553 4238969633 1 21553
4242101127 0 21599 4242101189 1 21603
4252533939 0 21763 4252534000 1 21762
4254840133 0 21800 4254840195 1 21799
4255621237 0 21809 4255621299 1 21810
4256165289 0 21818 4256165351 1 21818
4261728924 0 21906 4261728982 1 21904
4263991745 0 21941 4263991808 1 21939
4268331872 0 22005 4268331933 1 22008
4268745645 0 22010 4268745699 1 22012
4270373565 0 22039 4270373626 1 22038
4274564598 0 22100 4274564659 1 22102
4276269513 0 22126 4276269568 1 22127
4281139387 0 22204 4281139446 1 22205
4282071523 0 22215 4282071582 1 22219
4284891939 0 22257 4284892001 1 22262
4285012174 0 22258 4285012236 1 22264
4286726832 1 22291 4286726883 0 22280
4287506584 0 22296 4287506628 1 22304
4288923483 0 22323 4288923538 1 22326
4290238278 0 22345 4290238333 1 22345
