8663338 0 131 8663396 1 135
10586117 0 159 10586174 1 165
13403871 0 209 13403934 1 206
15951301 0 243 15951356 1 246
21739509 0 337 21739570 1 337
22063830 0 343 22063944 1 340
27787470 0 428 27787505 1 430
32521882 0 502 32521944 1 502
32541688 0 503 32541743 1 503
33335915 0 516 33336043 1 516
34809989 0 535 34810046 1 537
99957632 1 862 99957726 0 861
101775591 1 890 101775632 0 890
102577846 0 900 102577902 1 901
110107798 0 1018 110107854 1 1017
117214693 0 1126 117214754 1 1127
118592313 0 1147 118592367 1 1148
130887287 0 1332 130887350 1 1339
131005471 0 1334 131005532 1 1341
132276035 0 1361 132276090 1 1360
132632043 0 1368 132632099 1 1365
133058773 0 1374 133058835 1 1372
135965485 0 1418 135965540 1 1418
137493822 0 1438 137493883 1 1441
138355396 0 1452 138355453 1 1453
145761554 0 1568 145761612 1 1568
153744329 1 1692 153744390 0 1690
155005277 1 1711 155005306 0 1712
156055374 0 1728 156055430 1 1727
156157145 0 1730 156157208 1 1728
156872697 0 1739 156872757 1 1738
163708297 1 1847 163708336 0 1848
165212258 0 1869 165212316 1 1869
167662303 0 1902 167662364 1 1906
169209819 0 1930 169209876 1 1930
171024631 1 1958 171024641 0 1959
173524501 1 1997 173524516 0 1993
174312369 0 2001 174312410 1 2010
176830631 0 2045 176830692 1 2049
178536337 1 2074 178536471 0 2072
187063370 0 2204 187063430 1 2203
196318506 0 2347 196318568 1 2348
198722889 0 2379 198722949 1 2384
253003723 0 2526 253003785 1 2535
253244992 0 2534 253245053 1 2539
253654923 0 2542 253654982 1 2547
257841055 0 2609 257841084 1 2608
258265828 0 2619 258265890 1 2616
259181793 1 2630 259181868 0 2631
260387954 0 2650 260388017 1 2651
264531546 0 2715 264531694 1 2714
267270793 0 2756 267270855 1 2756
267356813 0 2757 267356875 1 2757
272226321 0 2832 272226380 1 2830
283945327 0 3011 283945433 1 3009
295743676 0 3184 295743737 1 3192
295925321 0 3189 295925383 1 3195
296595625 0 3206 296595683 1 3205
305976605 0 3350 305976667 1 3350
307261142 0 3372 307261200 1 3371
308539018 0 3388 308539060 1 3388
310834922 0 3422 310834984 1 3423
314075119 0 3472 314075176 1 3473
316102394 0 3504 316102453 1 3504
318751021 0 3544 318751083 1 3545
318861275 0 3546 318861338 1 3547
320470580 1 3571 320470608 0 3572
326838684 0 3662 326838745 1 3668
327122530 1 3671 327122609 0 3669
327175219 0 3670 327175279 1 3674
334506771 0 3785 334506834 1 3789
337636742 0 3834 337636798 1 3836
338588641 0 3848 338588702 1 3852
338854693 0 3851 338854809 1 3856
339794384 0 3860 339794522 1 3870
340941250 0 3878 340941307 1 3887
343530705 1 3929 343530763 0 3927
343766815 0 3931 343766875 1 3931
347428772 0 3989 347428835 1 3986
348013003 0 3995 348013059 1 3998
353386148 1 4080 353386257 0 4078
359149332 0 4166 359149394 1 4169
360289889 1 4186 360289912 0 4183
406709657 0 4217 406709706 1 4215
409431656 0 4255 409431716 1 4259
410087080 1 4268 410087094 0 4268
411581733 0 4293 411581794 1 4292
413501036 0 4321 413501096 1 4322
414460375 0 4337 414460438 1 4336
417121069 0 4367 417121125 1 4377
419049263 0 4402 419049330 1 4409
422127921 0 4456 422127983 1 4454
422364186 0 4459 422364245 1 4460
423785231 0 4473 423785295 1 4482
426493503 1 4523 426493596 0 4524
427029374 0 4531 427029425 1 4532
441123976 0 4750 441124038 1 4749
445046621 0 4805 445046687 1 4810
446053145 0 4821 446053223 1 4825
456723624 0 4984 456723679 1 4989
461884535 0 5069 461884598 1 5068
463518879 0 5088 463518935 1 5094
466861756 0 5141 466861814 1 5144
466919892 0 5143 466919955 1 5145
467269621 0 5149 467269683 1 5152
469981070 0 5195 469981130 1 5194
474013732 0 5258 474013792 1 5257
478219726 0 5321 478219762 1 5320
484670755 1 5421 484670848 0 5422
493588046 0 5553 493588107 1 5559
494468447 0 5566 494468507 1 5573
501354828 0 5681 501354889 1 5676
507146954 0 5767 507147016 1 5767
510445589 0 5820 510445642 1 5819
510601245 0 5823 510601306 1 5821
514110465 0 5875 514110520 1 5873
516397558 0 5907 516397622 1 5908
563721042 0 5955 563721104 1 5955
567155054 0 5995 567155115 1 6008
568036976 0 6011 568037040 1 6022
572218281 0 6086 572218337 1 6086
576177172 0 6146 576177234 1 6147
577907738 0 6174 577907800 1 6173
584232703 0 6271 584232758 1 6272
585824972 0 6297 585825028 1 6296
588311900 1 6335 588312040 0 6334
589588276 1 6355 589588297 0 6356
591401012 0 6385 591401073 1 6383
600442788 0 6522 600442835 1 6522
605757301 0 6601 605757358 1 6605
609276382 1 6660 609276449 0 6658
615987372 0 6763 615987437 1 6763
621232681 0 6845 621232743 1 6841
626554858 0 6925 626554919 1 6925
629926105 0 6976 629926164 1 6978
630704507 1 6990 630704541 0 6992
637407101 0 7088 637407158 1 7095
639486099 0 7124 639486176 1 7124
640471187 0 7140 640471253 1 7142
641988006 0 7165 641988066 1 7165
646697441 0 7218 646697497 1 7238
649240136 0 7269 649240197 1 7276
652355757 0 7321 652355817 1 7324
652737167 0 7327 652737229 1 7330
664188840 0 7507 664188882 1 7506
665141105 0 7523 665141125 1 7523
670333757 1 7600 670333792 0 7595
716766981 0 7634 716767042 1 7633
724440669 0 7753 724440725 1 7752
725501564 0 7771 725501620 1 7769
731067130 1 7854 731067137 0 7855
732529862 0 7877 732529923 1 7877
732712003 0 7881 732712065 1 7879
737186102 0 7945 737186158 1 7947
738261379 0 7963 738261436 1 7967
738511055 0 7969 738511117 1 7971
747230734 0 8103 747230796 1 8104
750078496 0 8145 750078555 1 8149
754412464 0 8216 754412525 1 8212
754937089 0 8224 754937151 1 8224
756379154 0 8241 756379215 1 8245
759086769 1 8288 759086845 0 8289
760409971 0 8309 760410002 1 8308
762898151 0 8347 762898214 1 8347
764099508 0 8358 764099584 1 8365
766555487 0 8395 766555548 1 8403
766979727 0 8404 766979785 1 8410
768585849 0 8433 768585850 1 8434
771016076 1 8472 771016172 0 8469
776174992 0 8543 776175056 1 8551
782535626 0 8651 782535688 1 8648
784949857 0 8684 784949919 1 8683
786459518 0 8709 786459581 1 8708
787950868 1 8731 787950885 0 8731
791248725 0 8782 791248781 1 8781
794780718 0 8832 794780775 1 8837
795382656 0 8840 795382715 1 8846
798235695 0 8891 798235753 1 8890
801005400 0 8926 801005463 1 8932
801755312 0 8946 801755368 1 8945
806656572 0 9021 806656633 1 9021
811975964 0 9102 811976026 1 9104
812738278 0 9115 812738334 1 9113
813662626 0 9127 813662695 1 9129
817731151 0 9193 817731211 1 9192
819073725 0 9213 819073784 1 9211
819208548 0 9215 819208609 1 9214
819596072 0 9221 819596134 1 9219
823911471 0 9287 823911527 1 9287
872938206 0 9362 872938268 1 9362
873228122 0 9367 873228185 1 9367
877209252 0 9429 877209316 1 9430
881058693 0 9483 881058754 1 9488
881326618 0 9488 881326679 1 9493
890193323 0 9631 890193384 1 9629
893153850 0 9676 893153907 1 9675
897971138 0 9748 897971199 1 9748
899989389 0 9778 899989452 1 9781
904417844 0 9848 904417906 1 9850
908125399 1 9907 908125471 0 9905
908944358 0 9918 908944420 1 9919
909785328 0 9930 909785428 1 9932
910275012 0 9940 910275075 1 9937
911360619 0 9958 911360682 1 9958
911823331 0 9964 911823389 1 9961
912053053 0 9966 912053103 1 9967
912299055 0 9969 912299117 1 9971
919504632 0 10083 919504688 1 10082
921301223 0 10108 921301283 1 10109
923507468 0 10142 923507524 1 10142
925259250 0 10166 925259312 1 10167
926585120 0 10189 926585176 1 10190
926949087 0 10198 926949148 1 10196
932679141 1 10283 932679186 0 10285
932702690 1 10284 932702833 0 10286
936693420 0 10350 936693484 1 10348
938135368 0 10364 938135431 1 10369
939250711 0 10383 939250795 1 10385
939271000 0 10384 939271065 1 10386
941790504 1 10427 941790516 0 10423
944607634 0 10466 944607713 1 10468
945239660 0 10477 945239723 1 10480
953174738 0 10601 953174801 1 10602
970129438 0 10865 970129496 1 10864
972556505 0 10895 972556567 1 10901
979040207 0 11004 979040271 1 11001
981219859 0 11036 981219919 1 11031
1028409964 1 11084 1028410090 0 11081
1029342426 0 11097 1029342485 1 11097
1034073304 0 11168 1034073366 1 11170
1036284152 0 11196 1036284188 1 11204
1036351406 0 11197 1036351548 1 11206
1042213850 0 11287 1042213908 1 11296
1043628489 0 11314 1043628550 1 11318
1046877150 0 11361 1046877210 1 11367
1047763705 0 11384 1047763757 1 11382
1048137764 0 11390 1048137820 1 11387
1049660039 0 11413 1049660098 1 11411
1055270273 0 11496 1055270334 1 11497
1055327598 0 11498 1055327658 1 11499
1066950625 0 11670 1066950647 1 11679
1067581226 0 11679 1067581287 1 11688
1072116804 1 11759 1072116896 0 11760
1083209402 0 11931 1083209463 1 11930
1085777336 0 11967 1085777392 1 11968
1092654279 0 12074 1092654340 1 12075
1093021706 0 12077 1093021735 1 12080
1095968890 0 12126 1095968948 1 12127
1097628485 0 12151 1097628546 1 12152
1098052125 0 12159 1098052186 1 12157
1106617003 0 12292 1106617133 1 12292
1117632689 0 12454 1117632749 1 12462
1128197754 0 12614 1128197847 1 12624
1129912778 1 12650 1129912832 0 12640
1130735096 0 12652 1130735152 1 12664
1130743010 0 12653 1130743043 1 12665
1133092216 0 12699 1133092273 1 12699
1133648056 1 12709 1133648142 0 12710
1133752345 0 12712 1133752402 1 12710
1180759693 0 12756 1180759756 1 12757
1181256272 0 12762 1181256330 1 12765
1184773712 0 12816 1184773773 1 12819
1186029577 0 12835 1186029725 1 12839
1186858949 0 12846 1186859007 1 12850
1186963991 1 12853 1186964098 0 12849
1188231596 0 12869 1188231653 1 12872
1189869792 0 12894 1189869851 1 12896
1193359450 0 12941 1193359510 1 12950
1195274126 0 12975 1195274189 1 12981
1195589657 0 12983 1195589720 1 12987
1197896949 0 13017 1197897010 1 13021
1200260174 0 13055 1200260234 1 13057
1201364900 1 13075 1201364940 0 13073
1202632181 0 13095 1202632242 1 13096
1205690418 0 13145 1205690480 1 13138
1208986172 0 13194 1208986229 1 13194
1209093247 0 13196 1209093305 1 13196
1209560591 0 13201 1209560651 1 13199
1210699064 0 13221 1210699126 1 13220
1211821335 0 13238 1211821458 1 13237
1221369948 0 13385 1221370010 1 13383
1221538079 0 13387 1221538140 1 13386
1225862203 0 13451 1225862235 1 13452
1225883673 0 13452 1225883736 1 13453
1227630190 0 13481 1227630267 1 13477
1228817170 1 13498 1228817278 0 13497
1230541201 0 13520 1230541263 1 13525
1239698306 0 13667 1239698367 1 13667
1240287808 0 13675 1240287863 1 13674
1240440745 0 13678 1240440882 1 13677
1242942688 1 13718 1242942756 0 13720
1243517026 0 13726 1243517086 1 13725
1255026246 0 13903 1255026307 1 13902
1259822701 0 13977 1259822760 1 13978
1260340507 0 13984 1260340568 1 13986
1262359327 0 14008 1262359389 1 14016
1267946594 0 14097 1267946657 1 14103
1270701654 0 14143 1270701711 1 14147
1271964409 0 14166 1271964472 1 14165
1274022772 0 14191 1274022825 1 14196
1277379858 0 14244 1277379915 1 14246
1277948090 1 14253 1277948212 0 14253
1283964827 0 14343 1283964889 1 14348
1284768781 1 14359 1284768831 0 14359
1288115588 0 14407 1288115646 1 14411
1290390866 0 14441 1290390928 1 14447
1290560163 1 14450 1290560258 0 14444
1339032833 0 14512 1339032896 1 14513
1339307276 0 14514 1339307338 1 14515
1339571107 0 14520 1339571164 1 14522
1340122984 0 14529 1340123045 1 14529
1344286490 0 14590 1344286554 1 14593
1345449607 0 14612 1345449642 1 14611
1346393388 0 14626 1346393449 1 14626
1348017116 0 14653 1348017175 1 14652
1350947222 0 14690 1350947284 1 14692
1355719241 0 14770 1355719303 1 14769
1356580176 0 14783 1356580238 1 14781
1361720482 0 14859 1361720544 1 14859
1361873081 0 14861 1361873145 1 14862
1366447957 0 14933 1366448019 1 14934
1366826107 0 14941 1366826169 1 14940
1367061564 0 14943 1367061621 1 14944
1367610191 0 14951 1367610212 1 14953
1368617042 0 14963 1368617105 1 14968
1369641642 0 14981 1369641697 1 14981
1370809085 0 14999 1370809147 1 15002
1376852381 0 15093 1376852437 1 15095
1377688629 0 15107 1377688690 1 15108
1378944239 0 15119 1378944301 1 15129
1385910093 0 15234 1385910156 1 15234
1386371222 0 15241 1386371285 1 15242
1387834317 0 15266 1387834379 1 15263
1388405279 0 15273 1388405336 1 15274
1389927842 0 15298 1389927903 1 15295
1392020781 0 15329 1392020840 1 15330
1398988914 0 15438 1398988973 1 15434
1404435260 0 15516 1404435322 1 15519
1405378377 1 15533 1405378509 0 15524
1406287732 0 15549 1406287861 1 15548
1409041219 0 15591 1409041278 1 15590
1414567608 0 15673 1414567670 1 15676
1419356890 0 15751 1419356954 1 15750
1424662515 0 15830 1424662576 1 15829
1426755500 0 15860 1426755561 1 15862
1427181200 0 15869 1427181259 1 15869
1427912933 0 15880 1427912996 1 15880
1430019736 0 15911 1430019788 1 15912
1430127824 0 15914 1430127958 1 15913
1430185524 0 15916 1430185582 1 15915
1431618079 0 15932 1431618141 1 15935
1434269266 1 15979 1434269413 0 15978
1437541527 0 16018 1437541580 1 16028
1437553162 0 16019 1437553226 1 16029
1440390481 0 16068 1440390544 1 16072
1444481955 0 16133 1444482009 1 16134
1490853651 0 16166 1490853712 1 16163
1491166232 0 16170 1491166296 1 16170
1493262145 0 16202 1493262206 1 16203
1495296152 0 16233 1495296207 1 16233
1496121692 0 16245 1496121742 1 16246
1498388815 1 16281 1498388926 0 16281
1500061195 0 16302 1500061241 1 16307
1500499397 0 16313 1500499453 1 16313
1504499762 0 16375 1504499823 1 16376
1512859561 0 16502 1512859623 1 16504
1514180294 0 16525 1514180356 1 16525
1517788973 0 16580 1517789035 1 16581
1518615192 0 16594 1518615251 1 16591
1520083287 0 16615 1520083347 1 16616
1521590164 0 16638 1521590219 1 16638
1524881539 0 16689 1524881601 1 16690
1526954108 0 16723 1526954172 1 16722
1527427771 0 16730 1527427833 1 16730
1530305548 1 16772 1530305608 0 16772
1534729443 0 16839 1534729503 1 16842
1541315426 0 16937 1541315483 1 16944
1541552203 0 16942 1541552266 1 16948
1543227009 0 16968 1543227067 1 16973
1547739567 0 17039 1547739628 1 17043
1552959319 0 17111 1552959382 1 17123
1554250061 0 17137 1554250123 1 17143
1557695725 0 17185 1557695787 1 17196
1560234583 0 17228 1560234642 1 17235
1561024192 0 17242 1561024252 1 17248
1569319128 0 17373 1569319184 1 17375
1570247622 0 17390 1570247679 1 17388
1571081175 0 17400 1571081236 1 17402
1572617905 0 17426 1572617966 1 17425
1572720373 0 17427 1572720433 1 17427
1573401385 0 17440 1573401447 1 17438
1574629829 0 17458 1574629885 1 17456
1583712664 0 17597 1583712725 1 17596
1584263043 0 17607 1584263102 1 17606
1595604218 1 17781 1595604313 0 17782
1597165101 0 17804 1597165147 1 17804
1600023962 0 17847 1600024023 1 17847
1659378543 0 18078 1659378602 1 18082
1660068450 0 18089 1660068503 1 18092
1661230054 0 18112 1661230116 1 18112
1666843304 0 18194 1666843365 1 18197
1667175551 0 18195 1667175611 1 18203
1672321842 0 18272 1672321900 1 18283
1672851282 1 18291 1672851383 0 18281
1673492569 0 18287 1673492630 1 18300
1674548808 0 18301 1674548866 1 18317
1678754786 0 18374 1678754849 1 18381
1682197195 0 18432 1682197252 1 18436
1682501700 0 18435 1682501752 1 18440
1690199033 0 18554 1690199094 1 18559
1704619686 0 18780 1704619749 1 18782
1706573054 0 18811 1706573149 1 18812
1707606557 0 18827 1707606612 1 18828
1710743114 0 18874 1710743175 1 18876
1713446276 0 18919 1713446337 1 18918
1715257918 0 18943 1715257974 1 18945
1721257786 1 19038 1721257904 0 19029
1721272759 0 19031 1721272769 1 19039
1723331421 0 19065 1723331485 1 19069
1727163421 0 19126 1727163478 1 19128
1728770934 0 19153 1728770999 1 19154
1729568688 0 19169 1729568737 1 19167
1731260603 0 19192 1731260666 1 19194
1731726114 0 19200 1731726176 1 19198
1733226397 0 19222 1733226460 1 19222
1735603798 0 19254 1735603859 1 19259
1737410155 0 19284 1737410219 1 19286
1738437157 0 19299 1738437219 1 19303
1740112334 0 19324 1740112388 1 19329
1747720969 1 19446 1747721034 0 19446
1751486093 0 19504 1751486147 1 19505
1755448012 0 19567 1755448075 1 19566
1801390130 0 19595 1801390193 1 19593
1802183610 0 19601 1802183672 1 19604
1807590133 0 19690 1807590189 1 19688
1808642116 0 19706 1808642177 1 19704
1811660858 0 19750 1811660922 1 19751
1811716762 0 19753 1811716816 1 19752
1815726570 1 19815 1815726688 0 19814
1823384576 0 19929 1823384647 1 19931
1831553435 0 20049 1831553496 1 20059
1833118291 0 20080 1833118352 1 20080
1834684197 1 20105 1834684330 0 20106
1841218243 0 20201 1841218304 1 20207
1843455807 0 20241 1843455869 1 20243
1844595286 1 20260 1844595355 0 20260
1846746873 1 20294 1846747020 0 20294
1850678300 0 20355 1850678361 1 20353
1850936495 0 20357 1850936556 1 20357
1856719457 0 20450 1856719517 1 20449
1857632462 0 20461 1857632580 1 20460
1859132626 0 20478 1859132686 1 20479
1859729372 0 20493 1859729433 1 20494
1861350832 0 20521 1861350890 1 20518
1864664340 1 20570 1864664363 0 20572
1865737799 0 20585 1865737854 1 20587
1867940180 0 20621 1867940242 1 20620
1874067979 0 20715 1874068042 1 20716
1876904591 0 20760 1876904651 1 20758
1882321981 1 20841 1882322122 0 20840
1883840037 1 20867 1883840071 0 20858
1886912420 0 20913 1886912479 1 20913
1892558799 0 21000 1892558820 1 20998
1893296041 0 21009 1893296129 1 21010
1895489206 0 21044 1895489313 1 21044
1897342426 0 21073 1897342487 1 21070
1899817978 0 21103 1899818038 1 21110
1900286873 0 21112 1900286927 1 21118
1903762038 0 21169 1903762098 1 21173
1908962976 0 21251 1908963032 1 21252
1961777559 0 21385 1961777619 1 21383
1962170305 0 21392 1962170365 1 21391
1962329671 0 21394 1962329732 1 21393
1963891601 0 21416 1963891665 1 21417
1975948915 0 21606 1975948938 1 21605
1980541676 0 21676 1980541769 1 21675
1980683425 0 21679 1980683483 1 21677
1993524621 0 21877 1993524679 1 21875
2006706835 0 22077 2006706889 1 22080
2012767671 0 22171 2012767732 1 22172
2014613843 0 22199 2014613906 1 22201
2016011323 0 22220 2016011385 1 22222
2019021288 0 22264 2019021349 1 22269
2020345437 0 22290 2020345494 1 22289
2022133108 0 22316 2022133167 1 22317
2026085096 0 22380 2026085141 1 22379
2033965676 0 22501 2033965737 1 22499
2034872437 1 22514 2034872478 0 22513
2036448634 1 22538 2036448636 0 22536
2036924594 0 22544 2036924655 1 22544
2041215882 0 22613 2041215943 1 22612
2045768924 0 22684 2045768986 1 22683
2046687698 0 22698 2046687758 1 22696
2047601249 0 22711 2047601311 1 22710
2053941489 0 22806 2053941550 1 22807
2055285490 0 22826 2055285551 1 22830
2055465366 0 22831 2055465419 1 22832
2059801641 0 22887 2059801705 1 22899
2061981435 0 22926 2061981497 1 22933
2062939909 0 22946 2062940006 1 22947
2063073499 0 22950 2063073559 1 22950
2063595893 0 22959 2063595954 1 22957
2112081504 0 23027 2112081537 1 23024
2114618111 0 23064 2114618170 1 23064
2115948590 0 23085 2115948652 1 23084
2115958178 0 23087 2115958234 1 23085
2116266099 0 23091 2116266159 1 23088
2117601702 0 23113 2117601764 1 23109
2119870085 0 23145 2119870147 1 23145
2125197041 0 23229 2125197099 1 23228
2127878585 0 23268 2127878648 1 23269
2128076826 0 23272 2128076889 1 23272
2131375939 0 23321 2131376003 1 23323
2141225791 0 23473 2141225851 1 23476
2149452979 0 23601 2149453036 1 23603
2151111534 0 23627 2151111589 1 23629
2153784350 0 23666 2153784412 1 23669
2160982713 0 23777 2160982770 1 23781
2164382549 0 23826 2164382608 1 23833
2167086154 0 23870 2167086215 1 23875
2167336073 0 23879 2167336133 1 23878
2171482720 1 23941 2171482857 0 23942
2174503358 0 23989 2174503419 1 23990
2175789252 0 24007 2175789309 1 24009
2176877759 0 24022 2176877821 1 24025
2180757426 0 24072 2180757487 1 24085
2181515738 0 24082 2181515789 1 24096
2185455865 0 24147 2185455888 1 24158
2196669190 0 24329 2196669330 1 24331
2198851951 0 24366 2198851979 1 24367
2199801030 1 24380 2199801122 0 24378
2201783284 0 24411 2201783345 1 24411
2204804206 0 24456 2204804268 1 24456
2205860821 0 24471 2205860878 1 24472
2207848895 0 24506 2207848958 1 24504
2211807164 0 24560 2211807226 1 24566
2212419978 0 24577 2212420033 1 24575
2213054589 0 24586 2213054630 1 24586
2215991945 1 24629 2215991950 0 24618
2216176136 0 24620 2216176196 1 24633
2219755642 0 24691 2219755768 1 24689
2267079821 0 24728 2267079882 1 24738
2275469565 0 24867 2275469623 1 24869
2276327662 0 24879 2276327724 1 24879
2280947291 0 24946 2280947347 1 24948
2281013774 0 24948 2281013831 1 24949
2281137856 0 24950 2281137912 1 24953
2283054588 0 24972 2283054648 1 24983
2283668582 0 24979 2283668645 1 24990
2286275044 0 25025 2286275104 1 25033
2287139852 0 25039 2287139914 1 25045
2288262548 0 25057 2288262610 1 25063
2289800915 0 25082 2289800977 1 25086
2291748193 0 25115 2291748254 1 25118
2296206059 0 25186 2296206126 1 25186
2297876292 0 25210 2297876354 1 25212
2300741491 0 25251 2300741554 1 25256
2305237143 0 25322 2305237207 1 25322
2307490460 1 25360 2307490463 0 25357
2315474804 0 25481 2315474867 1 25483
2325824521 0 25639 2325824583 1 25642
2328913405 0 25684 2328913462 1 25692
2336664498 0 25805 2336664554 1 25810
2340417006 0 25854 2340417068 1 25870
2340472753 1 25871 2340472897 0 25855
2341794627 0 25875 2341794665 1 25889
2343444352 0 25906 2343444408 1 25914
2346363101 0 25959 2346363162 1 25960
2350375534 0 26017 2350375594 1 26023
2353373397 0 26071 2353373457 1 26069
2356085256 1 26110 2356085285 0 26110
2360847506 0 26182 2360847567 1 26183
2361642742 0 26193 2361642805 1 26197
2362921871 0 26216 2362921933 1 26216
2364367186 0 26238 2364367243 1 26239
2366208652 0 26267 2366208707 1 26268
2367480083 0 26288 2367480141 1 26286
2369520146 0 26319 2369520203 1 26318
2369605100 0 26321 2369605198 1 26321
2373313231 0 26375 2373313289 1 26376
2424910840 0 26493 2424910906 1 26493
2425201879 0 26497 2425201940 1 26496
2425849525 0 26508 2425849576 1 26507
2426998929 0 26523 2426998990 1 26526
2432671622 0 26607 2432671678 1 26613
2434821626 0 26637 2434821687 1 26647
2434963242 0 26640 2434963304 1 26649
2437410022 0 26670 2437410115 1 26685
2439997713 0 26716 2439997770 1 26727
2440502747 0 26728 2440502808 1 26731
2442166602 0 26753 2442166659 1 26759
2444005033 0 26789 2444005094 1 26788
2447426073 0 26831 2447426129 1 26837
2448979115 0 26848 2448979170 1 26864
2452649366 0 26909 2452649428 1 26922
2455437179 0 26947 2455437235 1 26961
2455459836 0 26948 2455459897 1 26964
2461387137 0 27054 2461387199 1 27054
2462254702 0 27070 2462254765 1 27070
2465120187 0 27112 2465120248 1 27112
2468404836 1 27164 2468404877 0 27162
2471064550 0 27196 2471064607 1 27204
2475014619 0 27263 2475014677 1 27266
2478200069 0 27303 2478200131 1 27315
2481678536 0 27371 2481678598 1 27370
2486062366 0 27433 2486062424 1 27435
2489143959 0 27478 2489144019 1 27482
2497578464 0 27614 2497578565 1 27615
2497619065 0 27615 2497619119 1 27616
2499709384 0 27644 2499709442 1 27648
2501106084 0 27671 2501106156 1 27670
2505402105 0 27737 2505402142 1 27735
2510305657 0 27809 2510305713 1 27810
2511498940 0 27827 2511498998 1 27831
2522077078 0 27987 2522077141 1 27994
2524976222 0 28026 2524976281 1 28038
2525234466 0 28031 2525234495 1 28041
2527508903 0 28072 2527508966 1 28078
2528037388 0 28085 2528037450 1 28084
2576352123 0 28140 2576352185 1 28137
2584791811 1 28269 2584791842 0 28270
2595378318 0 28424 2595378380 1 28429
2595605365 0 28427 2595605426 1 28435
2596303185 0 28442 2596303245 1 28446
2597839629 0 28466 2597839690 1 28468
2598486927 1 28480 2598486962 0 28480
2602477972 0 28539 2602478034 1 28542
2602624349 0 28544 2602624411 1 28544
2603700063 0 28559 2603700122 1 28558
2604016909 0 28563 2604016971 1 28564
2604994206 0 28582 2604994262 1 28581
2611301813 1 28679 2611301880 0 28678
2617632611 1 28775 2617632724 0 28778
2617796880 0 28781 2617796944 1 28778
2627208248 0 28923 2627208304 1 28925
2628931338 0 28949 2628931399 1 28951
2631469811 0 28992 2631469874 1 28989
2634543806 0 29038 2634543866 1 29037
2637596665 0 29084 2637596725 1 29086
2638269087 0 29097 2638269114 1 29094
2641229779 0 29136 2641229840 1 29139
2644467728 0 29192 2644467782 1 29191
2646673456 0 29227 2646673514 1 29226
2647757160 0 29242 2647757216 1 29240
2650312213 0 29281 2650312304 1 29282
2651764770 0 29301 2651764831 1 29304
2652647367 0 29307 2652647429 1 29317
2660977517 0 29448 2660977580 1 29444
2662208220 0 29464 2662208283 1 29464
2668863650 0 29565 2668863714 1 29566
2674756645 0 29661 2674756707 1 29660
2675874652 1 29676 2675874675 0 29677
2678392527 0 29715 2678392583 1 29714
2679166368 0 29721 2679166384 1 29725
2681538712 0 29763 2681538776 1 29762
2729219836 0 29818 2729219950 1 29815
2735441210 0 29901 2735441271 1 29914
2735923203 0 29912 2735923226 1 29919
2738609855 0 29957 2738609915 1 29962
2741858381 0 30010 2741858416 1 30013
2745212166 0 30062 2745212223 1 30063
2747494599 1 30098 2747494629 0 30100
2747922253 0 30106 2747922315 1 30105
2748896382 0 30119 2748896442 1 30121
2750473656 0 30146 2750473719 1 30145
2751075320 0 30155 2751075375 1 30155
2754909160 0 30211 2754909222 1 30211
2756403351 0 30238 2756403413 1 30237
2758454144 0 30269 2758454206 1 30267
2760790224 1 30303 2760790267 0 30305
2761423107 0 30315 2761423194 1 30314
2763800763 0 30348 2763800827 1 30347
2767989508 0 30417 2767989564 1 30416
2770404051 0 30447 2770404112 1 30453
2771056831 0 30459 2771056967 1 30464
2772648306 0 30488 2772648363 1 30487
2778077047 1 30569 2778077190 0 30572
2779854859 0 30594 2779854880 1 30598
2786490318 0 30700 2786490383 1 30698
2787412009 0 30716 2787412067 1 30714
2788193436 0 30728 2788193496 1 30727
2790119853 0 30756 2790119916 1 30757
2791852269 0 30785 2791852332 1 30785
2795930196 0 30841 2795930258 1 30846
2797179830 0 30863 2797179889 1 30865
2802697191 0 30953 2802697254 1 30951
2811291975 1 31085 2811292053 0 31085
2814753146 0 31135 2814753201 1 31138
2817934194 1 31188 2817934262 0 31182
2819125241 1 31206 2819125339 0 31201
2819465703 1 31211 2819465819 0 31213
2824677633 0 31292 2824677697 1 31292
2828040243 0 31341 2828040300 1 31344
2832374585 0 31411 2832374643 1 31411
2835503949 0 31459 2835503999 1 31458
2839092951 1 31512 2839093062 0 31511
2885611113 1 31540 2885611135 0 31542
2890017029 0 31609 2890017092 1 31607
2890567523 1 31615 2890567582 0 31617
2904870670 0 31836 2904870730 1 31837
2909461166 1 31907 2909461203 0 31906
2909902735 0 31916 2909902803 1 31915
2913169776 1 31966 2913169841 0 31960
2914897547 0 31986 2914897607 1 31990
2923876779 0 32131 2923876841 1 32130
2929940756 1 32224 2929940789 0 32226
2931837388 0 32247 2931837444 1 32253
2934121652 0 32274 2934121703 1 32288
2936193072 0 32311 2936193132 1 32321
2938255761 1 32352 2938255826 0 32343
2940560800 0 32384 2940560863 1 32389
2942871986 0 32422 2942872042 1 32424
2944255928 0 32445 2944255985 1 32445
2947488499 1 32497 2947488504 0 32494
2949966022 0 32531 2949966073 1 32534
2951253152 0 32553 2951253209 1 32552
2952819910 0 32578 2952819972 1 32576
2954066651 0 32595 2954066714 1 32597
2955125000 0 32609 2955125060 1 32613
2957328677 0 32641 2957328733 1 32646
2957643376 0 32649 2957643438 1 32652
2962949306 0 32729 2962949368 1 32733
2963521335 1 32743 2963521466 0 32738
2964576136 0 32756 2964576234 1 32758
2968411122 0 32817 2968411178 1 32818
2972940082 0 32888 2972940145 1 32887
2975147268 1 32924 2975147349 0 32922
2976123110 0 32933 2976123171 1 32937
2982827725 0 33040 2982827788 1 33041
2985052123 0 33077 2985052186 1 33074
2986012436 0 33086 2986012491 1 33091
2994033077 0 33214 2994033138 1 33213
3041744566 0 33260 3041744628 1 33268
3047694970 0 33356 3047695033 1 33360
3051260270 0 33416 3051260353 1 33415
3051921882 0 33425 3051921944 1 33425
3053991187 1 33457 3053991268 0 33457
3056749287 1 33501 3056749374 0 33500
3057515241 0 33509 3057515299 1 33510
3057875528 0 33517 3057875592 1 33516
3058318978 0 33526 3058319039 1 33524
3059416179 0 33542 3059416241 1 33540
3061894543 0 33576 3061894604 1 33579
3064991494 0 33630 3064991551 1 33626
3065484670 0 33634 3065484733 1 33634
3067297284 0 33657 3067297342 1 33661
3071185235 0 33723 3071185295 1 33723
3074529687 1 33774 3074529786 0 33771
3074717890 1 33778 3074718025 0 33776
3075707114 0 33794 3075707176 1 33793
3080624610 0 33870 3080624676 1 33869
3084160529 0 33922 3084160666 1 33923
3090161679 0 34017 3090161727 1 34016
3090316382 0 34020 3090316441 1 34018
3093405129 0 34067 3093405191 1 34066
3099467054 0 34159 3099467115 1 34157
3100613959 0 34177 3100614022 1 34178
3107697955 1 34285 3107697971 0 34287
3108183056 0 34293 3108183114 1 34293
3109876209 0 34320 3109876268 1 34318
3110608341 0 34331 3110608402 1 34331
3116395450 0 34413 3116395507 1 34421
3117623183 0 34438 3117623245 1 34438
3118223770 0 34449 3118223830 1 34449
3121039079 0 34491 3121039139 1 34488
3123522140 0 34530 3123522201 1 34527
3126041370 0 34564 3126041432 1 34568
3131227939 0 34648 3131227996 1 34647
3138352472 0 34756 3138352534 1 34759
3138892687 1 34765 3138892783 0 34765
3138935350 0 34767 3138935413 1 34767
3142211686 0 34815 3142211746 1 34816
3142705126 1 34824 3142705199 0 34827
3143543908 1 34838 3143543926 0 34839
3149505549 0 34922 3149505610 1 34928
3195447754 0 34954 3195447818 1 34954
3196366906 0 34964 3196366932 1 34966
3197089947 0 34977 3197090068 1 34977
3204614057 0 35089 3204614117 1 35092
3205710225 0 35108 3205710281 1 35110
3209263686 0 35163 3209263742 1 35163
3213769111 0 35230 3213769173 1 35233
3214378063 0 35244 3214378121 1 35243
3215190680 0 35256 3215190743 1 35257
3216349050 0 35271 3216349108 1 35274
3216964973 0 35284 3216965116 1 35284
3221611994 0 35355 3221612052 1 35355
3222666483 0 35372 3222666546 1 35371
3223604424 1 35387 3223604527 0 35388
3227788995 1 35451 3227789027 0 35452
3231588278 0 35508 3231588342 1 35510
3232942096 1 35531 3232942171 0 35532
3236322043 0 35582 3236322097 1 35583
3239449131 0 35629 3239449194 1 35629
3241794422 0 35666 3241794484 1 35666
3246708314 0 35736 3246708370 1 35741
3253027735 0 35840 3253027796 1 35838
3254318780 0 35860 3254318842 1 35858
3254477877 0 35863 3254477938 1 35862
3256074725 0 35886 3256074789 1 35884
3258005385 1 35915 3258005481 0 35913
3265222540 0 36024 3265222601 1 36027
3266717276 0 36047 3266717338 1 36050
3286339684 0 36340 3286339783 1 36347
3292496324 0 36438 3292496387 1 36443
3299822305 0 36553 3299822361 1 36558
3301571517 1 36584 3301571593 0 36579
3303349140 0 36614 3303349207 1 36611
3304494018 1 36629 3304494053 0 36631
3350782713 1 36660 3350782757 0 36657
3362427273 1 36839 3362427369 0 36830
3364644143 0 36871 3364644204 1 36872
3364897045 0 36875 3364897107 1 36877
3365489091 0 36885 3365489147 1 36884
3368315709 0 36930 3368315767 1 36930
3371058456 0 36971 3371058519 1 36971
3374999624 0 37035 3374999686 1 37034
3376133628 0 37049 3376133684 1 37051
3391222850 0 37285 3391222948 1 37284
3393042032 0 37308 3393042093 1 37312
3394475142 0 37331 3394475200 1 37334
3397582941 0 37369 3397583002 1 37379
3404729297 0 37471 3404729358 1 37493
3405828168 0 37486 3405828228 1 37509
3407536128 1 37535 3407536256 0 37519
3411657783 0 37594 3411657844 1 37599
3414466851 0 37637 3414466904 1 37644
3421498805 0 37751 3421498864 1 37750
3423853865 0 37782 3423853925 1 37788
3425088297 0 37800 3425088354 1 37805
3426376591 0 37825 3426376650 1 37826
3438519571 0 38010 3438519626 1 38010
3440128571 0 38038 3440128628 1 38038
3446361332 0 38127 3446361390 1 38132
3446809532 1 38141 3446809548 0 38135
3456902356 0 38295 3456902413 1 38295
3458193225 0 38319 3458193288 1 38316
3510387504 0 38437 3510387526 1 38439
3516179907 0 38530 3516179966 1 38528
3519259087 0 38575 3519259143 1 38576
3520002180 0 38584 3520002241 1 38587
3527507349 0 38701 3527507410 1 38700
3527698513 0 38704 3527698571 1 38704
3535310181 0 38822 3535310238 1 38820
3535327208 0 38823 3535327270 1 38821
3538995690 1 38876 3538995724 0 38878
3545252740 0 38970 3545252802 1 38973
3548132072 0 39016 3548132128 1 39016
3553133223 0 39096 3553133283 1 39092
3557487592 0 39161 3557487656 1 39160
3558301663 0 39174 3558301724 1 39172
3559372838 0 39188 3559372899 1 39191
3559668852 0 39194 3559668976 1 39196
3561202249 0 39219 3561202311 1 39217
3562854443 0 39236 3562854505 1 39245
3563554779 1 39254 3563554787 0 39249
3566283103 0 39299 3566283190 1 39297
3567050269 0 39309 3567050330 1 39308
3572261051 0 39389 3572261108 1 39389
3577798632 1 39476 3577798681 0 39475
3580853285 0 39523 3580853347 1 39521
3580871320 0 39524 3580871381 1 39522
3583036645 0 39553 3583036705 1 39555
3583817049 0 39564 3583817112 1 39568
3588854981 1 39646 3588855075 0 39644
3589571322 0 39658 3589571378 1 39656
3597060123 0 39766 3597060180 1 39773
3597348155 0 39772 3597348215 1 39777
3599133107 0 39799 3599133167 1 39804
3599561219 0 39809 3599561281 1 39809
3610175187 0 39975 3610175249 1 39975
3612989720 0 40017 3612989782 1 40018
3662610956 0 40101 3662611007 1 40103
3664490820 1 40132 3664490934 0 40128
3674766335 0 40288 3674766395 1 40287
3675579671 0 40302 3675579728 1 40300
3675790759 0 40305 3675790821 1 40304
3678992716 0 40347 3678992778 1 40354
3687761471 0 40486 3687761530 1 40488
3690915815 0 40538 3690915872 1 40535
3691289753 0 40543 3691289808 1 40542
3692694787 0 40564 3692694845 1 40564
3696368072 0 40613 3696368134 1 40618
3696675498 1 40623 3696675645 0 40619
3701870788 0 40703 3701870852 1 40704
3701979432 0 40706 3701979495 1 40706
3702897949 0 40716 3702898012 1 40716
3707463074 1 40786 3707463142 0 40787
3707569122 0 40789 3707569183 1 40788
3708677916 0 40801 3708677978 1 40805
3714834280 0 40893 3714834338 1 40896
3721369945 0 40997 3721370005 1 40995
3726367490 0 41068 3726367551 1 41065
3731710282 0 41151 3731710344 1 41152
3738841931 0 41258 3738841939 1 41255
3740338809 0 41282 3740338871 1 41281
3740936088 0 41291 3740936229 1 41289
3742062275 0 41306 3742062333 1 41305
3743100653 1 41320 3743100734 0 41318
3749913596 0 41425 3749913658 1 41424
3750850525 0 41439 3750850589 1 41438
3753206688 0 41472 3753206749 1 41476
3757629326 0 41542 3757629387 1 41542
3760192460 0 41583 3760192517 1 41584
3760796698 0 41592 3760796760 1 41593
3767302055 0 41684 3767302118 1 41693
3769625633 0 41721 3769625695 1 41729
3770923417 0 41746 3770923479 1 41750
3771493498 0 41754 3771493556 1 41758
3816329916 0 41768 3816329977 1 41766
3821577768 0 41850 3821577829 1 41849
3823739942 0 41879 3823740002 1 41882
3829982120 0 41980 3829982250 1 41977
3834875371 0 42053 3834875428 1 42054
3836024769 0 42072 3836024815 1 42067
3844522075 0 42187 3844522131 1 42200
3855903433 0 42378 3855903496 1 42376
3856610380 0 42385 3856610437 1 42388
3857977349 0 42401 3857977408 1 42410
3858951985 0 42423 3858952046 1 42422
3862551202 0 42474 3862551264 1 42477
3865227028 0 42519 3865227089 1 42518
3866546738 0 42536 3866546880 1 42541
3868812062 0 42576 3868812122 1 42573
3876718788 0 42693 3876718845 1 42696
3877171382 0 42704 3877171443 1 42703
3877525583 0 42710 3877525645 1 42709
3878870390 0 42732 3878870451 1 42728
3883760685 0 42803 3883760744 1 42805
3886308513 0 42837 3886308657 1 42844
3886539926 0 42842 3886539987 1 42847
3887307428 0 42860 3887307483 1 42860
3891154812 1 42919 3891154917 0 42915
3898202716 0 43006 3898202780 1 43029
3898990887 0 43023 3898990953 1 43040
3904187973 0 43119 3904188036 1 43120
3911578141 0 43231 3911578202 1 43235
3915010165 0 43273 3915010222 1 43286
3915253236 0 43278 3915253293 1 43293
3917527609 0 43313 3917527669 1 43326
3922662267 0 43406 3922662329 1 43406
3923134596 0 43414 3923134656 1 43412
3923983941 0 43426 3923984003 1 43424
3924373616 0 43431 3924373668 1 43429
3924934494 0 43437 3924934553 1 43440
3925856664 1 43453 3925856793 0 43455
3983693200 0 43663 3983693261 1 43664
3990014750 0 43762 3990014811 1 43759
3990184540 0 43766 3990184598 1 43763
3994735503 0 43833 3994735565 1 43834
3994913888 0 43836 3994913917 1 43837
3997642034 0 43873 3997642096 1 43879
3999985033 0 43910 3999985143 1 43914
4000027209 0 43911 4000027266 1 43917
4003154727 0 43963 4003154788 1 43964
4008881166 0 44054 4008881229 1 44052
4009779469 0 44065 4009779531 1 44067
4014607903 0 44141 4014607960 1 44142
4016253876 0 44165 4016253945 1 44167
4020996191 1 44240 4020996220 0 44240
4024463591 0 44288 4024463649 1 44294
4026330508 0 44315 4026330570 1 44323
4031117363 0 44398 4031117420 1 44396
4031912323 0 44408 4031912380 1 44408
4034215988 0 44438 4034216053 1 44443
4036653068 0 44480 4036653130 1 44480
4045836328 0 44623 4045836385 1 44622
4046988532 0 44638 4046988595 1 44638
4048629973 0 44663 4048630036 1 44664
4051686349 0 44707 4051686405 1 44708
4054224756 0 44747 4054224847 1 44748
4060867054 0 44847 4060867113 1 44847
4062389072 0 44871 4062389135 1 44870
4065378077 0 44913 4065378132 1 44912
4071323441 0 45005 4071323505 1 45004
4078098918 0 45090 4078098978 1 45108
4079706740 0 45121 4079706798 1 45131
4127119853 0 45183 4127119911 1 45182
4128041005 0 45198 4128041061 1 45197
4132215627 0 45261 4132215688 1 45260
4134101087 0 45290 4134101150 1 45291
4134469683 0 45298 4134469790 1 45297
4137426863 0 45341 4137426921 1 45341
4142843490 0 45424 4142843552 1 45426
4144150377 0 45446 4144150438 1 45446
4162368455 0 45725 4162368512 1 45728
4165276735 0 45773 4165276798 1 45771
4170231366 0 45846 4170231430 1 45849
4170944235 1 45858 4170944285 0 45851
4173767913 0 45894 4173767975 1 45903
4174994957 0 45913 4174995068 1 45922
4176454653 0 45940 4176454715 1 45942
4176511907 0 45942 4176511975 1 45945
4184036644 0 46059 4184036702 1 46058
4190938088 0 46165 4190938146 1 46165
4192656811 1 46193 4192656855 0 46191
4196998268 0 46256 4196998331 1 46259
4197177082 0 46262 4197177136 1 46261
4198031046 0 46278 4198031109 1 46274
4198277457 0 46281 4198277518 1 46278
4209609258 0 46442 4209609315 1 46455
4210504821 0 46456 4210504881 1 46467
4210718814 0 46462 4210718877 1 46471
4211893172 0 46481 4211893228 1 46489
4213529413 0 46508 4213529421 1 46514
4218689857 0 46596 4218689913 1 46594
4220123077 0 46614 4220123132 1 46617
4226982376 0 46722 4226982437 1 46721
4231603833 0 46794 4231603894 1 46792
4288166324 1 46973 4288166445 0 46973
4289746976 0 46997 4289747037 1 46998
