0.5 0 -0.866025
0.707107 0 -0.707107
0.866025 0 -0.5
0.965926 0 -0.258819
1 0 6.12323e-17
0.965926 0 0.258819
0.866025 0 0.5
0.707107 0 0.707107
0.5 0 0.866025
0.409576 0.286788 -0.866025
0.579228 0.40558 -0.707107
0.709406 0.496732 -0.5
0.79124 0.554032 -0.258819
0.819152 0.573576 6.12323e-17
0.79124 0.554032 0.258819
0.709406 0.496732 0.5
0.579228 0.40558 0.707107
0.409576 0.286788 0.866025
0.211309 0.453154 -0.866025
0.298836 0.640856 -0.707107
0.365998 0.784886 -0.5
0.408218 0.875426 -0.258819
0.422618 0.906308 6.12323e-17
0.408218 0.875426 0.258819
0.365998 0.784886 0.5
0.298836 0.640856 0.707107
0.211309 0.453154 0.866025
-0.5 6.12323e-17 -0.866025
-0.707107 8.65956e-17 -0.707107
-0.866025 1.06058e-16 -0.5
-0.965926 1.18292e-16 -0.258819
-1 1.22465e-16 6.12323e-17
-0.965926 1.18292e-16 0.258819
-0.866025 1.06058e-16 0.5
-0.707107 8.65956e-17 0.707107
-0.5 6.12323e-17 0.866025
-0.409576 0.286788 -0.866025
-0.579228 0.40558 -0.707107
-0.709406 0.496732 -0.5
-0.79124 0.554032 -0.258819
-0.819152 0.573576 6.12323e-17
-0.79124 0.554032 0.258819
-0.709406 0.496732 0.5
-0.579228 0.40558 0.707107
-0.409576 0.286788 0.866025
-0.211309 0.453154 -0.866025
-0.298836 0.640856 -0.707107
-0.365998 0.784886 -0.5
-0.408218 0.875426 -0.258819
-0.422618 0.906308 6.12323e-17
-0.408218 0.875426 0.258819
-0.365998 0.784886 0.5
-0.298836 0.640856 0.707107
-0.211309 0.453154 0.866025
